THERMO ALL
  300.000  1000.000  5000.000
H                 L-6-94H   1               G     200.0    6000.0  1000.0      1
          2.5E0          0.0E0          0.0E0          0.0E0          0.0E0    2
     2.547366E4  -4.4668285E-1          2.5E0          0.0E0          0.0E0    3
          0.0E0          0.0E0     2.547366E4  -4.4668285E-1                   4
H2                TPIS78H   2               G     200.0    6000.0  1000.0      1
   2.93286575E0  8.26608026E-4 -1.46402364E-7 1.54100414E-11  -6.888048E-16    2
  -8.13065581E2  -1.02432865E0   2.34433112E0  7.98052075E-3  -1.9478151E-5    3
  2.01572094E-8-7.37611761E-12  -9.17935173E2  6.83010238E-1                   4
O                 L-1-90O   1               G     200.0    6000.0  1000.0      1
   2.54363697E0 -2.73162486E-5  -4.1902952E-9 4.95481845E-12-4.79553694E-16    2
    2.9226012E4   4.92229457E0    3.1682671E0 -3.27931884E-3  6.64306396E-6    3
 -6.12806624E-9 2.11265971E-12   2.91222592E4   2.05193346E0                   4
O2                RUS-89O   2               G     200.0    6000.0  1000.0      1
   3.66096065E0  6.56365811E-4 -1.41149627E-7 2.05797935E-11-1.29913436E-15    2
  -1.21597718E3   3.41536279E0   3.78245636E0 -2.99673416E-3  9.84730201E-6    3
 -9.68129509E-9 3.24372837E-12  -1.06394356E3   3.65767573E0                   4
OH                IU3-03H   1O   1          G     200.0    6000.0  1000.0      1
   2.83853033E0  1.10741289E-3 -2.94000209E-7 4.20698729E-11 -2.4228989E-15    2
   3.69780808E3   5.84494652E0   3.99198424E0 -2.40106655E-3  4.61664033E-6    3
 -3.87916306E-9 1.36319502E-12   3.36889836E3 -1.03998477E-1                   4
OH*               121286H   1O   1          G     300.0    5000.0  1000.0      1
      2.88273E0   1.0139743E-3   -2.276877E-7   2.174683E-11  -5.126305E-16    2
       5.0265E4     5.595712E0     3.637266E0     1.85091E-4  -1.6761646E-6    3
    2.387202E-9  -8.431442E-13      5.00213E4    1.3588605E0                   4
H2O               L-5-89H   2O   1          G     200.0    6000.0  1000.0      1
    2.6770389E0   2.9731816E-3  -7.7376889E-7  9.4433514E-11 -4.2689991E-15    2
   -2.9885894E4      6.88255E0    4.1986352E0  -2.0364017E-3   6.5203416E-6    3
  -5.4879269E-9   1.771968E-12   -3.0293726E4  -8.4900901E-1                   4
N2                G-8-02N   2               G     200.0    6000.0  1000.0      1
   2.95257637E0   1.3969004E-3 -4.92631603E-7 7.86010195E-11-4.60755204E-15    2
  -9.23948688E2   5.87188762E0   3.53100528E0 -1.23660988E-4 -5.02999433E-7    3
  2.43530612E-9-1.40881235E-12  -1.04697628E3   2.96747038E0                   4
HO2               T-1-09H   1O   2          G     200.0    5000.0  1000.0      1
   4.17228741E0  1.88117627E-3 -3.46277286E-7 1.94657549E-11 1.76256905E-16    2
   3.10206839E1   2.95767672E0   4.30179807E0 -4.74912097E-3  2.11582905E-5    3
 -2.42763914E-8 9.29225225E-12   2.64018485E2    3.7166622E0                   4
H2O2              T-8-03H   2O   2          G     200.0    6000.0  1000.0      1
   4.57977305E0  4.05326003E-3  -1.2984473E-6   1.982114E-10-1.13968792E-14    2
  -1.80071775E4  6.64970694E-1   4.31515149E0 -8.47390622E-4  1.76404323E-5    3
 -2.26762944E-8 9.08950158E-12  -1.77067437E4   3.27373319E0                   4
AR                G-5-97AR  1               G     200.0    6000.0  1000.0      1
          2.5E0          0.0E0          0.0E0          0.0E0          0.0E0    2
     -7.45375E2   4.37967491E0          2.5E0          0.0E0          0.0E0    3
          0.0E0          0.0E0     -7.45375E2   4.37967491E0                   4
C2                      C 2                    0298.00   3000.00  1000.00      1 ! Burcat / Goos 2016
 3.43350371E+00 1.07185010E-03-3.97897382E-07 6.67457391E-11-4.10152154E-15    2
 1.00178987E+05 4.10588356E+00 3.76163273E+00-2.72143299E-03 8.69879462E-06    3
-8.19304667E-09 2.62415296E-12 1.00254566E+05 3.18038623E+00                   4
C2O                     C 2  O 1               0298.00   3000.00  1000.00      1 ! Burcat / Goos 2016
 5.42468378E+00 1.85393945E-03-5.17932956E-07 6.77646230E-11-3.53315237E-15    2
 4.37161379E+04-3.69608405E+00 2.86278214E+00 1.19701204E-02-1.80851222E-05    3
 1.52777730E-08-5.20063163E-12 4.43125964E+04 8.89759099E+00                   4		  
CO                RUS-79O   1C   1          G     200.0    6000.0  1000.0      1
    3.0484859E0   1.3517281E-3  -4.8579405E-7  7.8853644E-11 -4.6980746E-15    2
   -1.4266117E4    6.0170977E0    3.5795335E0  -6.1035369E-4   1.0168143E-6    3
  9.0700586E-10 -9.0442449E-13   -1.4344086E4    3.5084093E0                   4
CO2               L-7-88O   2C   1          G     200.0    6000.0  1000.0      1
    4.6365111E0   2.7414569E-3  -9.9589759E-7  1.6038666E-10 -9.1619857E-15    2
   -4.9024904E4   -1.9348955E0     2.356813E0   8.9841299E-3  -7.1220632E-6    3
   2.4573008E-9 -1.4288548E-13   -4.8371971E4    9.9009035E0                   4
CH2O              T-5-11H   2O   1C   1     G     200.0    6000.0  1000.0      1
   3.16952665E0   6.1932056E-3 -2.25056366E-6  3.6597566E-10-2.20149458E-14    2
  -1.45486831E4   6.04207898E0   4.79372312E0 -9.90833322E-3   3.7321999E-5    3
 -3.79285237E-8 1.31772641E-11  -1.43791953E4  6.02798058E-1                   4
HCO               T-5-03H   1O   1C   1     G     200.0    6000.0  1000.0      1
   3.92001542E0  2.52279324E-3 -6.71004164E-7 1.05615948E-10-7.43798261E-15    2
   3.65342928E3   3.58077056E0    4.2375461E0 -3.32075257E-3  1.40030264E-5    3
 -1.34239995E-8 4.37416208E-12   3.87241185E3   3.30834869E0                   4
HO2CHO            -THERMH   2O   3C   1     G     300.0    5000.0  1378.0      1
   9.87503878E0  4.64663708E-3 -1.67230522E-6 2.68624413E-10-1.59595232E-14    2
  -3.80502496E4  -2.24939155E1   2.42464726E0   2.1970638E-2 -1.68705546E-5    3
  6.25612194E-9-9.11645843E-13  -3.54828006E4   1.75027796E1                   4
HCOH               MAR94H   2O   1C   1     G     300.0    5000.0  1398.0      1
   9.18749272E0  1.52011152E-3 -6.27603516E-7 1.09727989E-10-6.89655128E-15    2
   7.81364593E3  -2.73434214E1  -2.82157421E0  3.57331702E-2  -3.8086158E-5    3
  1.86205951E-8-3.45957838E-12   1.12956672E4   3.48487757E1                   4
O2CHO             -THERMH   1O   3C   1     G     300.0    5000.0  1368.0      1
   7.24075139E0  4.63312951E-3 -1.63693995E-6 2.59706693E-10-1.52964699E-14    2
  -1.87027618E4  -6.49547212E0   3.96059309E0  1.06002279E-2 -5.25713351E-6    3
  1.01716726E-9-2.87487602E-14  -1.73599383E4   1.17807483E1                   4
HOCHO             L-8-88H   2O   2C   1     G     200.0    6000.0  1000.0      1
    4.6138316E0   6.4496364E-3  -2.2908251E-6  3.6716047E-10 -2.1873675E-14    2
    -4.751485E4   8.4788383E-1    3.8983616E0  -3.5587795E-3   3.5520538E-5    3
  -4.3849959E-8  1.7107769E-11   -4.6770609E4    7.3495397E0                   4
OCHO              ATCT-AH   1O   2C   1     G     200.0    6000.0  1000.0      1
   4.14394211E0  5.59738818E-3 -1.99794019E-6 3.16179193E-10-1.85614483E-14    2
  -1.72459887E4   5.07778617E0   4.68825921E0 -4.14871834E-3   2.5506601E-5    3
   -2.844739E-8 1.04422559E-11  -1.69867041E4    4.2842648E0                   4
HOCH2O2H          -THERMH   4O   3C   1     G     300.0    5000.0  1422.0      1
   1.16303827E1  7.15133688E-3  -2.3903503E-6 3.65772791E-10-2.10199524E-14    2
  -4.31079242E4  -3.24276725E1   1.85716693E0  3.23153132E-2 -2.69928902E-5    3
  1.11694484E-8-1.81284103E-12  -4.00314471E4   1.90917729E1                   4
HOCH2O2           -THERMH   3O   3C   1     G     300.0    5000.0  1412.0      1
   9.04545938E0  7.15223373E-3 -2.37005676E-6 3.60083481E-10-2.05750228E-14    2
  -2.49414886E4   -1.7421053E1   2.85441621E0  2.33663535E-2  -1.8811599E-5    3
  7.96709515E-9-1.36346618E-12  -2.29866196E4   1.51730565E1                   4
OCH2O2H           -THERMH   3O   3C   1     G     300.0    5000.0  1420.0      1
   1.15398246E1  5.34291432E-3 -1.81878917E-6 2.81968625E-10-1.63584348E-14    2
  -1.68237489E4  -3.20700633E1   1.93823075E0   3.0146573E-2 -2.61053152E-5    3
  1.09463562E-8-1.78312692E-12  -1.38166625E4   1.85042002E1                   4
HOCH2O            -THERMH   3O   2C   1     G     300.0    5000.0  1452.0      1
   6.39521515E0  7.43673043E-3 -2.50422354E-6 3.84879712E-10-2.21778689E-14    2
   -2.4110884E4  -6.63865583E0   4.11183145E0  7.53850697E-3   3.7733737E-6    3
 -5.38746005E-9 1.45615887E-12  -2.28023001E4   7.46807254E0                   4
CH3OH             T06-02H   4O   1C   1     G     200.0    6000.0  1000.0      1
   3.52726795E0  1.03178783E-2 -3.62892944E-6 5.77448016E-10-3.42182632E-14    2
  -2.60028834E4   5.16758693E0   5.65851051E0 -1.62983419E-2  6.91938156E-5    3
 -7.58372926E-8  2.8042755E-11  -2.56119736E4 -8.97330508E-1                   4
CH2OH             IU2-03H   3O   1C   1     G     200.0    6000.0  1000.0      1
    5.0931437E0   5.9476126E-3  -2.0649746E-6 3.23008173E-10-1.88125902E-14    2
   -4.0340964E3  -1.84691493E0   4.47834367E0  -1.3507031E-3   2.7848498E-5    3
  -3.6486906E-8  1.4790745E-11   -3.5007289E3     3.309135E0                   4
CH3O              IU1-03H   3O   1C   1     G     200.0    6000.0  1000.0      1
   4.75779238E0  7.44142474E-3 -2.69705176E-6 4.38090504E-10-2.63537098E-14    2
    3.7811194E2  -1.96680028E0   3.71180502E0 -2.80463306E-3  3.76550971E-5    3
 -4.73072089E-8  1.8658842E-11    1.2956976E3   6.57240864E0                   4
CH3O2H            A-7-05H   4O   2C   1     G     200.0    6000.0  1000.0      1
   7.76538058E0  8.61499712E-3 -2.98006935E-6 4.68638071E-10-2.75339255E-14    2
  -1.82979984E4  -1.43992663E1   2.90540897E0  1.74994735E-2   5.2824363E-6    3
 -2.52827275E-8 1.34368212E-11  -1.68894632E4   1.13741987E1                   4
CH3O2                   H   3O   2C   1     G     300.0    5000.0  1000.0      1
   4.80390863E0  9.95844638E-3 -3.85301026E-6 6.84740497E-10-4.58402955E-14    2
   -7.4713546E2     1.452814E0   3.62497097E0  3.59397933E-3  2.26538097E-5    3
 -2.95391947E-8  1.1197757E-11    7.9304041E1   9.96382194E0                   4
CH4               G-8-99H   4C   1          G     200.0    6000.0  1000.0      1
   1.65326226E0  1.00263099E-2 -3.31661238E-6 5.36483138E-10-3.14696758E-14    2
  -1.00095936E4   9.90506283E0   5.14911468E0 -1.36622009E-2  4.91453921E-5    3
 -4.84246767E-8 1.66603441E-11  -1.02465983E4  -4.63848842E0                   4
CH3               IU0702H   3C   1          G     200.0    6000.0  1000.0      1
    2.9781206E0    5.797852E-3    -1.97558E-6   3.072979E-10 -1.7917416E-14    2
    1.6509513E4    4.7224799E0    3.6571797E0   2.1265979E-3   5.4583883E-6    3
  -6.6181003E-9  2.4657074E-12    1.6422716E4    1.6735354E0                   4
CH2               IU3-03H   2C   1          G     200.0    6000.0  1000.0      1
   3.14631886E0  3.03671259E-3 -9.96474439E-7  1.5048358E-10-8.57335515E-15    2
   4.60412605E4   4.72341711E0   3.71757846E0   1.2739126E-3  2.17347251E-6    3
   -3.488585E-9 1.65208866E-12   4.58723866E4   1.75297945E0                   4
CH2(S)            IU6-03H   2C   1          G     200.0    6000.0  1000.0      1
   3.13501686E0  2.89593926E-3  -8.1666809E-7 1.13572697E-10-6.36262835E-15    2
   5.05040504E4   4.06030621E0   4.19331325E0 -2.33105184E-3  8.15676451E-6    3
 -6.62985981E-9 1.93233199E-12   5.03662246E4  -7.4673431E-1                   4
C                 L-7-88C   1               G     200.0    6000.0  1000.0      1
     2.605583E0  -1.9593434E-4   1.0673722E-7  -1.642394E-11   8.187058E-16    2
    8.5411742E4    4.1923868E0    2.5542395E0  -3.2153772E-4   7.3379223E-7    3
 -7.3223487E-10  2.6652144E-13    8.5442681E4    4.5313085E0                   4
CH                IU3-03H   1C   1          G     200.0    6000.0  1000.0      1
    2.5209369E0   1.7653639E-3   -4.614766E-7  5.9289675E-11 -3.3474501E-15    2
    7.0946769E4    7.4051829E0    3.4897583E0    3.243216E-4  -1.6899751E-6    3
    3.162842E-9 -1.4061803E-12    7.0612646E4    2.0842841E0                   4
CH*               073003H   1C   1          G     300.0    5000.0  1000.0      1
     2.196223E0    2.340381E-3   -7.058201E-7   9.007582E-11   -3.85504E-15    2
    1.0419559E5     9.178373E0     3.200202E0    2.072875E-3   -5.134431E-6    3
     5.73389E-9  -1.955533E-12    1.0393714E5     3.331587E0                   4
C2H6              G-8-88H   6C   2          G     200.0    6000.0  1000.0      1
   4.04666411E0  1.53538802E-2 -5.47039485E-6 8.77826544E-10-5.23167531E-14    2
  -1.24473499E4 -9.68698313E-1   4.29142572E0 -5.50154901E-3  5.99438458E-5    3
 -7.08466469E-8 2.68685836E-11  -1.15222056E4   2.66678994E0                   4
C2H5              -THERMH   5C   2          G     300.0    5000.0  1387.0      1
    5.8878439E0  1.03076793E-2 -3.46844396E-6 5.32499257E-10-3.06512651E-14    2
   1.15065499E4  -8.49651771E0   1.32730217E0  1.76656753E-2 -6.14926558E-6    3
-3.01143466E-10 4.38617775E-13   1.34284028E4   1.71789216E1                   4
C2H4              G-1-00H   4C   2          G     200.0    6000.0  1000.0      1
   3.99182724E0  1.04833908E-2 -3.71721342E-6 5.94628366E-10-3.53630386E-14    2
   4.26865851E3 -2.69081762E-1   3.95920063E0 -7.57051373E-3  5.70989993E-5    3
 -6.91588352E-8  2.6988419E-11   5.08977598E3   4.09730213E0                   4
C2H3              ATCT-AH   3C   2          G     200.0    6000.0  1000.0      1
   4.15026763E0  7.54021341E-3 -2.62997847E-6 4.15974048E-10-2.45407509E-14    2
    3.3856638E4   1.72812235E0   3.36377642E0  2.65765722E-4  2.79620704E-5    3
 -3.72986942E-8 1.51590176E-11   3.44749589E4   7.91510092E0                   4
C2H2              G-1-91H   2C   2          G     200.0    6000.0  1000.0      1
   4.65878489E0  4.88396667E-3 -1.60828888E-6 2.46974544E-10-1.38605959E-14    2
   2.57594042E4  -3.99838194E0  8.08679682E-1  2.33615762E-2 -3.55172234E-5    3
  2.80152958E-8-8.50075165E-12   2.64289808E4   1.39396761E1                   4
C2H               T-5-10H   1C   2          G     200.0    6000.0  1000.0      1
   3.66270248E0  3.82492252E-3   -1.366325E-6  2.1345504E-10-1.23216848E-14    2
    6.7168379E4   3.92205792E0   2.89867676E0  1.32988489E-2 -2.80733327E-5    3
  2.89484755E-8-1.07502351E-11    6.7061605E4   6.18547632E0                   4
CH3CHO            L-8-88H   4O   1C   2     G     200.0    6000.0  1000.0      1
    5.4041108E0   1.1723059E-2  -4.2263137E-6  6.8372451E-10 -4.0984863E-14    2
   -2.2593122E4   -3.4807917E0    4.7294595E0  -3.1932858E-3   4.7534921E-5    3
  -5.7458611E-8  2.1931112E-11   -2.1572878E4    4.1030159E0                   4
C2H3OH            -THERMH   4O   1C   2     G     300.0    5000.0  1410.0      1
   8.32598158E0  8.03387281E-3 -2.63928405E-6 3.98410726E-10-2.26551155E-14    2
  -1.83221436E4  -2.02080305E1  -1.2797226E-1  3.38506073E-2 -3.30644935E-5    3
  1.64858739E-8-3.19935455E-12  -1.59914544E4   2.30438601E1                   4
C2H2OH                  H   3O   1C   2     G     300.0    5000.0  1000.0      1
   6.81339897E0  8.05827723E-3 -3.11728612E-6 5.54590896E-10-3.71804255E-14    2
   1.31583034E4  -1.09863525E1  5.62397968E-1   2.6459862E-2 -2.28453705E-5    3
  9.14478695E-9-1.06711936E-12   1.48374643E4   2.10439544E1                   4
CH3CO             IU2-03H   3O   1C   2     G     200.0    6000.0  1000.0      1
    5.3137165E0   9.1737793E-3  -3.3220386E-6  5.3947456E-10 -3.2452368E-14    2
   -3.6450414E3   -1.6757558E0    4.0358705E0   8.7729487E-4    3.071001E-5    3
  -3.9247565E-8  1.5296869E-11   -2.6820738E3    7.8617682E0                   4
CH2CHO            T03-10H   3O   1C   2     G     200.0    6000.0  1000.0      1
   6.53928338E0  7.80238629E-3 -2.76413612E-6 4.42098906E-10 -2.6295429E-14    2
  -1.18858659E3  -8.72091393E0     2.795026E0  1.01099472E-2  1.61750645E-5    3
 -3.10303145E-8 1.39436139E-11   1.62944975E2   1.23646657E1                   4
O2CH2CHO          BOZ-03H   3O   3C   2     G     300.0    5000.0  1393.0      1
   1.11807543E1  9.14479256E-3 -3.15089833E-6 4.91944238E-10 -2.8663918E-14    2
  -1.55790331E4   -2.8789274E1  -1.29465843E0  4.44936393E-2 -4.26577074E-5    3
   2.0739195E-8-3.96828771E-12  -1.18275628E4   3.60778797E1                   4
HO2CH2CO          BOZ-03H   3O   3C   2     G     300.0    5000.0  1386.0      1
   1.04146322E1  1.12680116E-2 -5.17494839E-6  1.00333285E-9-6.68165911E-14    2
  -1.40955672E4    -2.278944E1   2.22681686E0   3.5678138E-2 -3.26401909E-5    3
  1.47651988E-8 -2.6479438E-12  -1.18735095E4   1.91581197E1                   4
CH2CO                   H   2O   1C   2     G     300.0    5000.0  1000.0      1
   5.35869367E0  6.95641586E-3 -2.64802637E-6 4.65067592E-10 -3.0864182E-14    2
  -7.90294013E3  -3.98525731E0   1.81422511E0   1.9900859E-2 -2.21416008E-5    3
  1.45028521E-8-3.98877068E-12  -7.05394926E3   1.36079359E1                   4
HCCO              T-4-09H   1O   1C   2     G     200.0    6000.0  1000.0      1
   5.91479333E0   3.7140873E-3  -1.3013701E-6 2.06473345E-10-1.21476759E-14    2
   1.93596301E4  -5.50567269E0   1.87607969E0  2.21205418E-2 -3.58869325E-5    3
  3.05402541E-8-1.01281069E-11    2.0163384E4    1.3696829E1                   4
HCCOH             T12-09H   2O   1C   2     G     200.0    6000.0  1000.0      1
   6.37509678E0  5.49429011E-3 -1.88136576E-6 2.93803536E-10-1.71771901E-14    2
   8.93277676E3  -8.24498007E0   2.05541154E0  2.52003372E-2 -3.80821654E-5    3
  3.09890632E-8-9.89799902E-12   9.76872113E3   1.22271534E1                   4
CH3CO3H           -THERMH   4O   3C   2     G     300.0    5000.0  1391.0      1
   1.25060485E1  9.47789695E-3 -3.30402246E-6 5.19630793E-10-3.04233568E-14    2
  -4.59856703E4  -3.79195947E1   2.24135876E0  3.37963514E-2 -2.53887482E-5    3
  9.67583587E-9-1.49266157E-12  -4.24677831E4   1.70668133E1                   4
CH3CO3            -THERMH   3O   3C   2     G     300.0    5000.0  1391.0      1
   1.12522498E1  8.33652672E-3  -2.8901453E-6 4.52781734E-10-2.64354456E-14    2
  -2.60238584E4  -2.96370457E1   3.60373432E0  2.70080341E-2 -2.08293438E-5    3
  8.50541104E-9 -1.4384611E-12  -2.34205171E4   1.12014914E1                   4
CH3CO2            -THERMH   3O   2C   2     G     300.0    5000.0  1395.0      1
   8.54059736E0  8.32951214E-3  -2.8472201E-6 4.41927196E-10-2.56373394E-14    2
  -2.97290678E4  -2.03883545E1   1.37440768E0  2.49115604E-2 -1.74308894E-5    3
  6.24799508E-9-9.09516835E-13   -2.7233015E4   1.81405454E1                   4
C2H5OH            L-8-88H   6O   1C   2     G     200.0    6000.0  1000.0      1
    6.5624365E0   1.5204222E-2  -5.3896795E-6  8.6225011E-10 -5.1289787E-14    2
   -3.1525621E4   -9.4730202E0    4.8586957E0  -3.7401726E-3   6.9555378E-5    3
  -8.8654796E-8  3.5168835E-11   -2.9996132E4    4.8018545E0                   4
C2H5O             IU2-03H   5O   1C   2     G     200.0    6000.0  1000.0      1
    6.6889982E0   1.3125676E-2   -4.703884E-6  7.5858552E-10 -4.5413306E-14    2
   -4.7457832E3   -9.6983755E0    4.3074268E0   6.4147205E-3   3.1139714E-5    3
  -4.3314083E-8  1.7276184E-11   -3.4027524E3    5.9025837E0                   4
PC2H4OH           T12-01H   5O   1C   2     G     200.0    6000.0  1000.0      1
   7.02824536E0  1.20037746E-2 -4.21306455E-6 6.69471213E-10-3.96371893E-14    2
  -5.92493321E3  -9.40355948E0   4.47893092E0  7.59782301E-3  2.81794908E-5    3
 -4.26953487E-8 1.78878934E-11  -4.71446256E3   6.38921206E0                   4
SC2H4OH           T10-04H   5O   1C   2     G     200.0    6000.0  1000.0      1
   6.35842302E0  1.24356276E-2 -4.33096839E-6 6.84530381E-10-4.03713238E-14    2
  -9.37900432E3  -6.05106112E0    4.2228325E0  5.12174798E-3  3.48386522E-5    3
 -4.91943637E-8 2.01183723E-11  -8.20503939E3     8.016757E0                   4
O2C2H4OH          -THERMH   5O   3C   2     G     300.0    5000.0  1392.0      1
   1.07432659E1  1.30957787E-2 -4.45370088E-6 6.88548738E-10-3.98230113E-14    2
  -2.55911274E4  -2.33254953E1   4.11839445E0  2.72240632E-2  -1.6082443E-5    3
  5.17033408E-9-7.31610168E-13  -2.30857785E4   1.28482112E1                   4
C2H5O2H           -THERMH   6O   2C   2     G     300.0    5000.0  1391.0      1
   1.12305737E1   1.2048212E-2 -3.96730201E-6 6.00754632E-10-3.42657803E-14    2
  -2.47977531E4  -3.25607232E1   1.57329011E0  3.52379996E-2 -2.53203993E-5    3
  9.56802476E-9-1.48167375E-12  -2.15278368E4   1.90472032E1                   4
C2H5O2            T10-10H   5O   2C   2     G     200.0    6000.0  1000.0      1
   8.88872432E0  1.35833179E-2 -4.91116949E-6 7.92343362E-10-4.73525704E-14    2
  -7.44107388E3  -1.90789836E1   4.50099327E0  6.87965342E-3  4.74143971E-5    3
 -6.92287127E-8 2.87395324E-11  -5.39547911E3   7.91490068E0                   4
C2H4O2H           -THERMH   5O   2C   2     G     300.0    5000.0  1397.0      1
   1.05228954E1  9.48091381E-3 -3.55727763E-6 6.41445994E-10-4.21232247E-14    2
   1.55718322E3  -2.31413632E1   3.46916874E0  2.71188626E-2  -2.0802255E-5    3
  8.44284845E-9-1.40756215E-12    3.8968827E3   1.43400726E1                   4
C2H4O1-2          L-8-88H   4O   1C   2     G     200.0    6000.0  1000.0      1
    5.4887641E0    1.204619E-2  -4.3336931E-6  7.0028311E-10 -4.1949088E-14    2
   -9.1804251E3   -7.0799605E0    3.7590532E0   -9.441218E-3   8.0309721E-5    3
  -1.0080788E-7  4.0039921E-11   -7.5608143E3    7.8497475E0                   4
C2H3O1-2          A-1-05H   3O   1C   2     G     200.0    6000.0  1000.0      1
   5.60158035E0  9.17613962E-3 -3.28028902E-6 5.27903888E-10-3.15362241E-14    2
   1.71446252E4  -5.47228512E0   3.58349017E0 -6.02275805E-3  6.32426867E-5    3
 -8.18540707E-8 3.30444505E-11   1.85681353E4   9.59725926E0                   4
CH3COCH3          ATCT-AH   6O   1C   3     G     200.0    6000.0  1000.0      1
   7.29796974E0  1.75656913E-2 -6.31678065E-6  1.02025553E-9-6.10903592E-14    2
  -2.95368927E4  -1.27591704E1    5.5563892E0 -2.83863547E-3  7.05722951E-5    3
 -8.78130984E-8 3.40290951E-11  -2.78325393E4   2.31960221E0                   4
CH3COCH2          A10-04H   5O   1C   3     G     200.0    6000.0  1000.0      1
   7.54410697E0  1.43443222E-2 -5.08381081E-6 8.13200521E-10-4.83673315E-14    2
  -7.48672286E3  -1.14792587E1   4.70187196E0  5.51653762E-3  4.27505858E-5    3
 -5.94680816E-8 2.40685378E-11  -5.92845491E3    7.1293259E0                   4
CH3COCH2O2             5H   5O   3C   3     G     300.0    5000.0  1379.0      1
   1.27690342E1  1.42554828E-2 -4.92821461E-6 7.70448921E-10-4.49110534E-14    2
  -2.34798669E4  -3.27155799E1   5.95535468E0  2.70255205E-2 -1.37385031E-5    3
  3.53735851E-9-4.03922557E-13  -2.06679464E4   5.21436049E0                   4
C3KET21           -THERMH   6O   3C   3     G     300.0    5000.0  1371.0      1
   1.56377776E1  1.44059342E-2 -5.08808082E-6 8.07076119E-10 -4.7529565E-14    2
  -4.30657975E4  -5.13105869E1   4.55686367E0  3.57076837E-2 -1.94712054E-5    3
  4.70695431E-9-3.69753807E-13  -3.86710975E4   9.97761694E0                   4
C2H3CHO           -THERMH   4O   1C   3     G     300.0    5000.0  1393.0      1
   1.04184959E1  9.48963321E-3 -3.29310529E-6 5.16279203E-10-3.01587291E-14    2
  -1.49630281E4  -3.07235061E1  2.92355162E-1  3.54321417E-2 -2.94936324E-5    3
  1.28100124E-8-2.26144108E-12  -1.16521584E4    2.2887828E1                   4
C2H3CO            -THERMH   3O   1C   3     G     300.0    5000.0  1402.0      1
   9.37467676E0    7.912969E-3  -2.6719828E-6  4.1111543E-10-2.36978981E-14    2
   1.92969514E3  -2.40892696E1   1.36242013E0  3.15273972E-2 -3.00218935E-5    3
  1.48167112E-8 -2.8797153E-12   4.25770215E3   1.72626546E1                   4
C2H5CHO           T05-10H   6O   1C   3     G     200.0    6000.0  1000.0      1
    7.4408569E0  1.77301764E-2 -6.34081568E-6  1.02040803E-9-6.09461714E-14    2
  -2.60055814E4  -1.44195446E1   4.24529681E0  6.68296706E-3  4.93337933E-5    3
 -6.71986124E-8 2.67262347E-11  -2.41473007E4    6.9073856E0                   4
C2H5CO            A10-04H   5O   1C   3     G     200.0    6000.0  1000.0      1
   6.52325448E0  1.54211952E-2 -5.50898157E-6 8.85889862E-10-5.28846399E-14    2
  -7.19631634E3  -5.19862218E0   6.25722402E0 -9.17612184E-3  7.61190493E-5    3
 -9.05514997E-8 3.46198215E-11  -5.91616484E3   2.23330599E0                   4
CH3OCH3                 H   6O   1C   2     G     300.0    5000.0  1367.0      1
   7.36358679E0  1.38910153E-2 -4.74083257E-6 7.34874498E-10-4.25867578E-14    2
  -2.61148074E4  -1.61332876E1   2.41860337E0   1.8727964E-2 -1.40894592E-6    3
 -4.28367822E-9 1.36818123E-12  -2.36771735E4   1.28877967E1                   4
CH3OCH2                 H   5O   1C   2     G     300.0    5000.0  1389.0      1
    6.7313467E0   1.1802253E-2 -4.00104434E-6 6.17227325E-10-3.56435023E-14    2
  -3.34933412E3  -9.40782513E0   2.19172957E0  1.90390966E-2   -6.814507E-6    3
 8.63577609E-11 3.23902492E-13  -1.38948253E3   1.62440756E1                   4
CH3OCH2O2               H   5O   3C   2     G     300.0    5000.0  1399.0      1
   1.22024149E1  1.19225104E-2 -4.06624713E-6 6.30079576E-10-3.65065312E-14    2
  -2.40327175E4  -3.38665462E1   1.72101041E0  3.78155492E-2  -2.8966887E-5    3
  1.16796117E-8-1.93234479E-12  -2.05308597E4   2.19296296E1                   4
CH2OCH2O2H              H   5O   3C   2     G     300.0    5000.0  1419.0      1
   1.51031233E1  9.18263324E-3 -3.15895361E-6 4.92789411E-10-2.87001298E-14    2
  -1.96611854E4  -4.85172618E1  9.08332173E-1  4.47997444E-2 -3.69441578E-5    3
  1.48366604E-8-2.32279459E-12  -1.50992319E4   2.66419885E1                   4
CH3OCH2O2H              H   6O   3C   2     G     300.0    5000.0  1402.0      1
   1.46617126E1  1.20544674E-2 -4.13604704E-6 6.43721637E-10-3.74188832E-14    2
  -4.18896186E4  -4.81293252E1  7.37369081E-1  4.67410003E-2 -3.73051936E-5    3
  1.50735309E-8-2.43781978E-12  -3.73260287E4   2.57932851E1                   4
CH3OCH2O          -THERMH   5O   2C   2     G     300.0    5000.0  2012.0      1
   8.60261845E0  1.35772195E-2 -4.84661602E-6 7.77766193E-10-4.62633624E-14    2
  -2.13762444E4  -1.75775023E1   3.25889339E0  2.22146359E-2  -7.7855634E-6    3
-2.41484158E-10 4.51914496E-13  -1.92377212E4   1.23680069E1                   4
O2CH2OCH2O2H          11H   5O   5C   2     G     300.0    5000.0  1411.0      1
     1.962078E1  9.96131702E-3 -3.41480475E-6 5.31364852E-10  -3.089021E-14    2
  -3.98679641E4  -6.72721405E1 -1.22579809E-1  6.64376755E-2 -6.55340609E-5    3
  3.13441786E-8 -5.7904296E-12  -3.41530358E4   3.49112501E1                   4
HO2CH2OCHO              H   4O   4C   2     G     300.0    5000.0  1428.0      1
   1.78528337E1  7.54042388E-3 -2.74895624E-6 4.45343367E-10-2.66154007E-14    2
  -6.41380252E4  -6.47357373E1  5.15432996E-1   4.7608186E-2 -3.63877925E-5    3
  1.24225089E-8-1.50813145E-12  -5.82730214E4   2.81992694E1                   4
OCH2OCHO                H   3O   3C   2     G     300.0    5000.0  1426.0      1
   1.24378042E1  7.82259106E-3 -2.82874305E-6 4.55808935E-10-2.71391601E-14    2
  -4.44526361E4  -3.85337353E1   3.92797655E0   1.8573122E-2 -4.14656828E-7    3
  -6.9406048E-9 2.32311215E-12  -4.07070844E4    1.0204863E1                   4
HOCH2OCO          -THERMH   3O   3C   2     G     300.0    5000.0  1603.0      1
   1.13737391E1  8.17663898E-3 -2.92034021E-6 4.66695616E-10-2.76276823E-14    2
  -4.65575743E4  -2.86035265E1   6.08180801E0  1.28768359E-2  2.04419418E-6    3
 -6.10154921E-9 1.79820559E-12  -4.39526183E4   2.54054449E0                   4
CH3OCHO           T-6-08H   4O   2C   2     G     200.0    6000.0  1000.0      1
    6.3336088E0  1.34851485E-2 -4.84305805E-6 7.81719241E-10-4.67917447E-14    2
  -4.68316521E4  -6.91542601E0   5.96757028E0 -9.38085425E-3  7.07648417E-5    3
 -8.29932227E-8 3.13522917E-11  -4.55713267E4  7.50341113E-1                   4
CH3OCO            T10-07H   3O   2C   2     G     200.0    6000.0  1000.0      1
   7.00171955E0   1.0197729E-2   -3.656218E-6 5.89475086E-10-3.52561321E-14    2
   -2.2613578E4  -9.05267669E0   4.75563598E0  7.80915313E-3  1.62272935E-5    3
 -2.41210787E-8 9.42644561E-12  -2.15157456E4   4.78096491E0                   4
CH2OCHO           -THERMH   3O   2C   2     G     300.0    5000.0  1442.0      1
   1.00960096E1  7.19887066E-3 -2.59813465E-6 4.18110812E-10-2.48723387E-14    2
  -2.36389018E4  -2.71144175E1   2.31031671E0  1.80474065E-2 -2.71519637E-6    3
 -4.60918579E-9 1.70037078E-12  -2.02910878E4   1.71549722E1                   4
HE                G-5-97HE  1               G     200.0    6000.0  1000.0      1
          2.5E0          0.0E0          0.0E0          0.0E0          0.0E0    2
     -7.45375E2  9.28723974E-1          2.5E0          0.0E0          0.0E0    3
          0.0E0          0.0E0     -7.45375E2  9.28723974E-1                   4
C3H8              G-2-00H   8C   3          G     200.0    6000.0  1000.0      1
    6.6691976E0  2.06108751E-2 -7.36512349E-6  1.18434262E-9 -7.0691463E-14    2
  -1.62754066E4  -1.31943379E1   4.21093013E0  1.70886504E-3  7.06530164E-5    3
 -9.20060565E-8 3.64618453E-11  -1.43810883E4   5.61004451E0                   4
IC3H7             A-5-05H   7C   3          G     200.0    6000.0  1000.0      1
   5.30597255E0  1.89854588E-2 -6.74315384E-6   1.0799373E-9-6.42785036E-14    2
    7.7874891E3  -2.23233935E0   5.47421257E0 -8.42536682E-3  8.04607759E-5    3
 -9.49287824E-8 3.59830971E-11   9.04939013E3   3.40542323E0                   4
NC3H7             A-5-05H   7C   3          G     200.0    6000.0  1000.0      1
   6.49636579E0  1.77337992E-2 -6.24898046E-6 9.95389495E-10 -5.9019977E-14    2
   8.85973885E3   -8.5638971E0   4.08211458E0  5.23240341E-3  5.13554466E-5    3
 -6.99343598E-8 2.81819493E-11   1.04074558E4   8.39534919E0                   4
C3H6              G-2-00H   6C   3          G     200.0    6000.0  1000.0      1
   6.03870234E0  1.62963931E-2   -5.821308E-6 9.35936829E-10-5.58603143E-14    2
  -7.41715057E2  -8.43825992E0   3.83464468E0  3.29078952E-3  5.05228001E-5    3
 -6.66251176E-8 2.63707473E-11   7.88717123E2   7.53408013E0                   4
C3H5-A            PD5-98H   5C   3          G     300.0    5000.0  1404.0      1
   8.71682542E0  1.08257699E-2 -3.63655884E-6 5.57706282E-10-3.20793321E-14    2
   1.64375315E4  -2.39184681E1 -4.35181829E-1  3.40776627E-2 -2.66098022E-5    3
  1.09853986E-8-1.85107479E-12   1.94181924E4   2.45509858E1                   4
C3H5-S            PD5-98H   5C   3          G     300.0    5000.0  1394.0      1
   8.30447254E0  1.13525433E-2 -3.85583517E-6 5.95730442E-10-3.44434061E-14    2
    2.8227349E4  -2.02359952E1  5.27650639E-1  2.95749512E-2 -2.05159708E-5    3
  7.69163477E-9-1.21882509E-12   3.09544881E4   2.15637313E1                   4
C3H5-T            PD5-98H   5C   3          G     300.0    5000.0  1389.0      1
   8.25977858E0  1.14281582E-2 -3.89051874E-6 6.02061188E-10-3.48497868E-14    2
   2.64682815E4  -1.97010509E1   1.12339597E0  2.68562417E-2 -1.65102273E-5    3
  5.28890293E-9-7.08002939E-13    2.9105372E4   1.91241364E1                   4
C3H4-P            T-2-90H   4C   3          G     200.0    6000.0  1000.0      1
      6.02524E0   1.1336542E-2  -4.0223391E-6  6.4376063E-10 -3.8299635E-14    2
    1.9620942E4   -8.6043785E0    2.6803869E0   1.5799651E-2   2.5070596E-6    3
  -1.3657623E-8  6.6154285E-12    2.0802374E4    9.8769351E0                   4
!C3H5-A            PD5/98C   3H   5    0    0G   300.000  3000.00  1000.00      1
! 0.65007877E+01 0.14324731E-01-0.56781632E-05 0.11080801E-08-0.90363887E-13    2
! 0.17482449E+05-0.11243050E+02 0.13631835E+01 0.19813821E-01 0.12497060E-04    3
!-0.33355555E-07 0.15846571E-10 0.19245629E+05 0.17173214E+02                   4
!C3H5-T            PD5/98C   3H   5    0    0G   300.000  3000.00  1000.00      1
! 0.54255528E+01 0.15511072E-01-0.56678350E-05 0.79224388E-09-0.16878034E-13    2
! 0.27843027E+05-0.33527184E+01 0.17329209E+01 0.22394620E-01-0.51490611E-05    3
!-0.67596466E-08 0.38253211E-11 0.29040498E+05 0.16568878E+02                   4
!C3H5-S            PD5/98C   3H   5    0    0G   300.000  3000.00  1000.00      1
! 0.53725281E+01 0.15780509E-01-0.59922850E-05 0.93089664E-09-0.36550966E-13    2
! 0.29614760E+05-0.34186478E+01 0.91372931E+00 0.26432343E-01-0.11758950E-04    3
!-0.23035678E-08 0.27715488E-11 0.30916867E+05 0.19989269E+02                   4
C3H4-A            L-8-89H   4C   3          G     200.0    6000.0  1000.0      1
    6.3168722E0   1.1133728E-2  -3.9629378E-6  6.3564238E-10  -3.787554E-14    2
    2.0117495E4   -1.0995766E1    2.6130445E0   1.2122575E-2    1.853988E-5    3
  -3.4525149E-8  1.5335079E-11    2.1541567E4    1.0226139E1                   4
C3H3              T-7-11H   3C   3          G     200.0    6000.0  1000.0      1
   7.14221719E0  7.61902211E-3  -2.6746003E-6 4.24914904E-10-2.51475443E-14    2
   3.95709594E4   -1.2584869E1   1.35110873E0  3.27411291E-2 -4.73827407E-5    3
   3.7631022E-8-1.18541128E-11   4.07679941E4   1.52058598E1                   4
C3H5O             -THERMH   5O   1C   3     G     300.0    5000.0  1380.0      1
   1.02551752E1   1.1498372E-2 -3.84645659E-6 5.88910346E-10-3.38557923E-14    2
    6.2656081E3  -2.77655042E1   1.19822582E0  3.05579837E-2 -1.80630276E-5    3
  4.86150033E-9-4.19854562E-13   9.58217784E3   2.15566221E1                   4
C3H6OOH1-2        -THERMH   7O   2C   3     G     300.0    5000.0  1402.0      1
   1.24605763E1  1.58889526E-2 -5.32742106E-6 8.15818791E-10 -4.6872325E-14    2
  -4.20305196E3  -3.23858947E1   2.87774562E0  3.74166999E-2 -2.36058063E-5    3
   7.7993086E-9-1.06042562E-12  -7.82368119E2    1.9394134E1                   4
C3H6OOH1-3        -THERMH   7O   2C   3     G     300.0    5000.0  1384.0      1
   1.46881564E1    1.499412E-2 -5.24056505E-6 8.25462711E-10-4.83758952E-14    2
  -4.77342863E3  -4.77984492E1   1.88331465E0  4.40156051E-2 -3.07858462E-5    3
  1.13214862E-8-1.75323184E-12  -1.68779168E2   2.14040621E1                   4
C3H6OOH2-1        -THERMH   7O   2C   3     G     300.0    5000.0  1407.0      1
   1.42163221E1   1.4338245E-2 -4.78004477E-6 7.29133134E-10-4.17761973E-14    2
   -5.6738162E3  -4.35770997E1    2.0919395E0  4.69220394E-2 -3.90280831E-5    3
  1.72381453E-8-3.07968979E-12  -1.89377918E3   2.00178282E1                   4
C3H6OOH1-2O2      -0-TRMH   7O   4C   3     G     300.0    5000.0  1386.0      1
   1.91759159E1  1.59857013E-2 -5.61306378E-6 8.86880495E-10 -5.2087704E-14    2
  -2.64412115E4  -6.77512936E1   2.65196584E0  5.74638149E-2 -4.72190867E-5    3
  2.05591557E-8-3.68787387E-12  -2.08829371E4   2.01547955E1                   4
C3H6OOH1-3O2      -0-TRMH   7O   4C   3     G     300.0    5000.0  1382.0      1
   1.85916698E1  1.65328553E-2 -5.81343626E-6 9.19396939E-10-5.40320702E-14    2
  -2.39598698E4  -6.42544402E1   3.14864588E0  5.33542571E-2 -4.08330611E-5    3
   1.6754222E-8-2.89288326E-12  -1.85473645E4   1.86305431E1                   4
C3H6OOH2-1O2      -0-TRMH   7O   4C   3     G     300.0    5000.0  1386.0      1
   1.91759159E1  1.59857013E-2 -5.61306378E-6 8.86880495E-10 -5.2087704E-14    2
  -2.64412115E4  -6.77512936E1   2.65196584E0  5.74638149E-2 -4.72190867E-5    3
  2.05591557E-8-3.68787387E-12  -2.08829371E4   2.01547955E1                   4
C3H6OOH2-2        -THERMH   7O   2C   3     G     300.0    5000.0  1407.0      1
   1.42163221E1   1.4338245E-2 -4.78004477E-6 7.29133134E-10-4.17761973E-14    2
   -5.6738162E3  -4.35770997E1    2.0919395E0  4.69220394E-2 -3.90280831E-5    3
  1.72381453E-8-3.07968979E-12  -1.89377918E3   2.00178282E1                   4
NC3H7O2H          T02-10H   8O   2C   3     G     200.0    6000.0  1000.0      1
   1.04115631E1  2.13763889E-2  -7.5581987E-6   1.2020718E-9 -7.1179809E-14    2
  -2.68935445E4  -2.35428789E1   7.08977756E0 -4.86163264E-3  1.03253531E-4    3
 -1.33200956E-7 5.30799252E-11  -2.44194556E4   1.74859215E0                   4
IC3H7O2H          -THERMH   8O   2C   3     G     300.0    5000.0  1389.0      1
   1.57046391E1  1.65924516E-2 -5.77250934E-6  9.0645307E-10-5.30084111E-14    2
  -3.23268564E4  -5.71735156E1   5.1926557E-1  5.32111228E-2 -4.05156892E-5    3
  1.63346713E-8-2.73751233E-12  -2.71048486E4   2.40815065E1                   4
NC3H7O2           T04-10H   7O   2C   3     G     200.0    6000.0  1000.0      1
   9.24489759E0  2.14800809E-2 -7.69335773E-6   1.2394516E-9-7.40911693E-14    2
  -9.81187945E3  -2.20401438E1   6.99488957E0 -7.50355088E-3  1.01250579E-4    3
 -1.25012534E-7 4.84675978E-11   -7.5300424E3  -2.03740242E0                   4
IC3H7O2           -THERMH   7O   2C   3     G     300.0    5000.0  1388.0      1
   1.32493493E1   1.6408219E-2 -5.67432062E-6  8.8733634E-10-5.17361535E-14    2
  -1.44109855E4  -4.29066213E1   1.49941639E0  4.43081205E-2 -3.22414456E-5    3
  1.29687136E-8-2.23370569E-12   -1.0258798E4    2.0233649E1                   4
NC3H7O            T07-10H   7O   1C   3     G     200.0    6000.0  1000.0      1
   8.38041157E0   1.9520612E-2 -6.97374143E-6  1.12144919E-9-6.69467831E-14    2
  -8.48625211E3  -1.89916219E1    4.2193464E0  7.38556641E-3  6.02825529E-5    3
 -8.38680247E-8 3.39623435E-11  -6.23491852E3    8.0813985E0                   4
IC3H7O            -THERMH   7O   1C   3     G     300.0    5000.0  1393.0      1
   1.23135031E1  1.38062606E-2 -4.91585531E-6 8.21075632E-10-5.07493001E-14    2
  -1.24717023E4  -4.17270532E1 -8.18260771E-1  4.68807147E-2 -3.74369377E-5    3
  1.55917264E-8-2.64308171E-12  -8.15153216E3   2.79483196E1                   4
C3H6O1-2          A01-05H   6O   1C   3     G     200.0    6000.0  1000.0      1
   8.01491079E0  1.73919953E-2 -6.26027968E-6  1.01188256E-9-6.06239111E-14    2
  -1.51980838E4  -1.88279964E1   3.42806676E0  6.25176642E-3  6.13196311E-5    3
 -8.60387185E-8 3.51371393E-11  -1.28446646E4   1.04244994E1                   4
C3H6O1-3          A11-04H   6O   1C   3     G     200.0    6000.0  1000.0      1
   6.80716906E0  1.88824545E-2 -6.79082475E-6  1.09713919E-9-6.57154952E-14    2
  -1.36547629E4  -1.35382154E1   5.15283752E0 -1.86401716E-2  1.29980652E-4    3
 -1.58629974E-7 6.20668783E-11  -1.13243512E4   4.73561224E0                   4
C3KET12           -THERMH   6O   3C   3     G     300.0    5000.0  1388.0      1
   1.70756225E1  1.31013491E-2 -4.61949408E-6 7.31991329E-10-4.30788679E-14    2
  -4.17008637E4  -5.95778952E1   1.10507238E0  5.27396706E-2 -4.31805774E-5    3
  1.81618292E-8-3.10535568E-12  -3.63627536E4   2.54111636E1                   4
C3KET13           -THERMH   6O   3C   3     G     300.0    5000.0  1379.0      1
   1.58927479E1  1.40990923E-2 -4.96118851E-6 7.84992198E-10-4.61488928E-14    2
  -3.93774829E4  -5.26049341E1   3.55241022E0   4.1872027E-2  -2.9455037E-5    3
    1.099829E-8-1.75045977E-12  -3.48902671E4   1.42082894E1                   4
C3H51-2,3OOH      3-THRMH   7O   4C   3     G     300.0    5000.0  1386.0      1
   2.12378169E1  1.39519596E-2 -4.94539222E-6 7.86381389E-10-4.63925564E-14    2
  -1.92864584E4  -7.69636561E1   2.55619708E0  6.13504487E-2 -5.23205391E-5    3
  2.28208029E-8-4.02231508E-12  -1.31353414E4   2.21043799E1                   4
C3H52-1,3OOH      3-THRMH   7O   4C   3     G     300.0    5000.0  1379.0      1
   2.02817964E1  1.48155431E-2 -5.25503386E-6 8.35963453E-10-4.93308915E-14    2
  -1.80085066E4  -7.22688262E1   4.12253742E0  5.19553611E-2 -3.83733727E-5    3
  1.45851637E-8-2.29820536E-12  -1.22759164E4   1.48367359E1                   4
C3H6OH            -THERMH   7O   1C   3     G     300.0    5000.0  1674.0      1
   9.31287816E0  1.67579212E-2  -5.7555548E-6 9.00584362E-10-5.26566836E-14    2
  -1.20169635E4  -1.95011064E1   1.20494302E0  3.30857885E-2 -1.63893637E-5    3
  3.18103918E-9-6.84229288E-14   -9.1296172E3   2.47155202E1                   4
HOC3H6O2          -THERMH   7O   3C   3     G     300.0    5000.0  1397.0      1
   1.42691004E1  1.71837825E-2 -5.83419536E-6 9.00994191E-10 -5.2071621E-14    2
   -3.1450175E4  -4.15295035E1   3.06954289E0   4.4310564E-2  -3.1863626E-5    3
  1.26409287E-8-2.12751901E-12  -2.75893676E4   1.83891218E1                   4
CH3CHCO           -THERMH   4O   1C   3     G     300.0    5000.0  1400.0      1
   1.00219123E1    9.569663E-3 -3.26221644E-6 5.05231706E-10-2.92593257E-14    2
  -1.42482738E4  -2.77829973E1   1.48380119E0  3.22203013E-2 -2.70250033E-5    3
  1.20499164E-8-2.18365931E-12   -1.1527654E4   1.71552068E1                   4
AC3H5OOH          -THERMH   6O   2C   3     G     300.0    5000.0  1394.0      1
   1.36837693E1  1.33968049E-2 -4.61533631E-6 7.19988958E-10-4.19109988E-14    2
  -1.33165248E4  -4.31904193E1   2.43934647E0  4.02070638E-2 -2.95322679E-5    3
    1.147156E-8-1.85170511E-12  -9.43679906E3   1.70549969E1                   4
C2H3OOH           -THERMH   4O   2C   2     G     300.0    5000.0  1397.0      1
   1.15749951E1  8.09909174E-3 -2.81808668E-6 4.42697954E-10-2.58998042E-14    2
  -8.84852664E3  -3.43859117E1   1.35644398E0  3.37002447E-2   -2.759885E-5    3
  1.14222854E-8-1.89488886E-12  -5.49996692E3   1.98354466E1                   4
CC3H4             T12-81H   4C   3          G     300.0    5000.0  1000.0      1
    6.6999931E0   1.0357372E-2  -3.4551167E-6  5.0652949E-10 -2.6682276E-14    2
    3.0199051E4    -1.337877E1  -2.4621047E-2   2.3197215E-2  -1.8474357E-6    3
  -1.5927593E-8  8.6846155E-12    3.2334137E4    2.2729762E1                   4
H2CC              L12-89H   2C   2          G     200.0    6000.0  1000.0      1
     4.278034E0   4.7562804E-3  -1.6301009E-6  2.5462806E-10 -1.4886379E-14    2
    4.8316688E4   6.4023701E-1    3.2815483E0   6.9764791E-3  -2.3855244E-6    3
  -1.2104432E-9  9.8189545E-13    4.8621794E4     5.920391E0                   4
!H298 = 91.097+/-0.085 kJ/mol [ATcT(RUS/PIN06)]
!S298 = 50.36 cal/mol/K [BURCAT]
!Cp [BURCAT]
NO                RUS-89O   1N   1          G     200.0    6000.0  1000.0      1
   3.26071234E0  1.19101135E-3 -4.29122646E-7 6.94481463E-11-4.03295681E-15    2
   9.89456954E3   6.36900469E0   4.21859896E0 -4.63988124E-3  1.10443049E-5    3
 -9.34055507E-9 2.80554874E-12   9.81823786E3   2.28060952E0                   4
!H298 = 34.025+/-0.085 kJ/mol [ATcT(RUS/PIN06)]
!S298 = 57.40 cal/mol/K [BURCAT]
!Cp [BURCAT]
NO2               L-7-88O   2N   1          G     200.0    6000.0  1000.0      1
     4.884754E0   2.1723955E-3  -8.2806909E-7   1.574751E-10 -1.0510895E-14    2
   2.29397777E3 -1.17416951E-1    3.9440312E0   -1.585429E-3   1.6657812E-5    3
  -2.0475426E-8  7.8350564E-12   2.87409757E3    6.3119919E0                   4
!BURCAT
!H298 = 17.83 kcal/mol
!S298 = 60.37 cal/mol/K
NO3               ATcT-AO   3N   1          G     200.0    6000.0  1000.0      1
   7.48347702E0  2.57772064E-3 -1.00945831E-6 1.72314063E-10-1.07154008E-14    2
   6.12990474E3  -1.41618136E1    2.1735933E0  1.04902685E-2  1.10472669E-5    3
 -2.81561867E-8  1.3658396E-11   7.81290905E3    1.4602209E1                   4
N2O               121286O   1N   2          G     300.0    5000.0  1000.0      1
     4.718977E0    2.873714E-3   -1.197496E-6   2.250552E-10  -1.575337E-14    2
     8.165811E3     -1.65725E0     2.543058E0    9.492193E-3   -9.792775E-6    3
    6.263845E-9  -1.901826E-12       8.7651E3     9.511222E0                   4
!BURCAT
!H298 = 106.842+/-0.125 kJ/mol [ATcT(BURCAT)]
!S298 = 52.80 cal/mol/K
HNO               ATcT-AH   1O   1N   1     G     200.0    6000.0  1000.0      1
   3.16598124E0  2.99958892E-3 -3.94376786E-7-3.85344089E-11 7.07602668E-15    2
   1.17654289E4   7.64513642E0   4.53525574E0 -5.68543377E-3   1.8519854E-5    3
 -1.71881225E-8 5.55818157E-12   1.16110981E4   1.74318356E0                   4
HON               LIUS93H   1O   1N   1     G     300.0    5000.0  1671.0      1
    3.7857743E0  2.86062728E-3 -1.02423922E-6 1.64463139E-10-9.77943616E-15    2
   2.93319701E4   3.12193293E0   3.33656431E0  2.67682939E-3  5.61801303E-7    3
 -1.11362279E-9 2.84076438E-13   2.95979751E4   5.96343188E0                   4
!BURCAT
!H298 =-18.74 kcal/mol
!S298 = 60.72 cal/mol/K
HONO              RUS-89H   1O   2N   1     G     200.0    6000.0  1000.0      1
    5.7919018E0   3.6515212E-3  -1.2928936E-6  2.0688716E-10 -1.2315254E-14    2
   -1.1565589E4   -4.0558233E0    3.2141709E0   8.1276869E-3   1.6602559E-6    3
  -9.5285182E-9  4.8715058E-12   -1.0753237E4    9.8219504E0                   4
!RAS/GLA08a
!H298 = -9.80 kcal/mol [RAS/GLA08a]
!S298 = 56.73 cal/mol/K [Sandia]
HNO2              103190H   1O   2N   1     G     300.0    4000.0  1500.0      1
      6.47963E0    1.995274E-3   -1.740387E-7  -9.695872E-11    1.70148E-14    2
  -7.80950291E3  -1.06771518E1     1.934838E0    1.010036E-2   -4.964616E-6    3
    8.70112E-10  -2.324135E-15  -5.91571591E3   1.47282082E1                   4
H2NO              102290H   2O   1N   1     G     300.0    4000.0  1500.0      1
     5.673346E0    2.298837E-3   -1.774446E-7  -1.103482E-10   1.859762E-14    2
     5.569325E3     -6.15354E0      2.53059E0    8.596035E-3    -5.47103E-6    3
    2.276249E-9  -4.648073E-13      6.86803E3     1.126651E1                   4
HNOH              102290H   2O   1N   1     G     300.0    4000.0  1500.0      1
     6.396134E0    1.821067E-3   -1.870892E-7  -7.844472E-11   1.444855E-14    2
     7.859615E3    -1.040479E1     2.125274E0    1.066282E-2   -7.602589E-6    3
    3.081642E-9  -5.726498E-13     9.553544E3     1.309672E1                   4
!BURCAT
!H298 =-134.112+/-0.18 kJ/mol [ATcT(BURCAT)]
!S298 = 63.76 cal/mol/K
HONO2             T-8-03H   1O   3N   1     G     200.0    6000.0  1000.0      1
   8.03098942E0  4.46958589E-3 -1.72459491E-6 2.91556153E-10-1.80102702E-14    2
  -1.92821685E4   -1.6261672E1   1.69329154E0  1.90167702E-2 -8.25176697E-6    3
 -6.06113827E-9 4.65236978E-12  -1.73882411E4   1.71839655E1                   4
!BURCAT
!H298 = 18.88 kcal/mol
!S298 = 62.33 cal/mol/K
CH3NO             T12-92H   3O   1N   1C   1G     200.0    6000.0  1000.0      1
    5.0677397E0   9.3871079E-3  -3.3958317E-6  5.5076729E-10 -3.3095301E-14    2
    7.1852464E3   -1.0709779E0    5.2463494E0  -6.8175691E-3   4.6713959E-5    3
  -5.3482743E-8  1.9916692E-11    7.9241319E3    1.8687355E0                   4
!GLA/BEN99 updated
!H298 =-16.8 +/-2.1 kcal/mol
!S298 = 66.7 +/-2.0 cal/mol/K
CH2NO  H2C*N=O    T 9/96C   1H   2N   1O   1G    200.00   6000.00 1000.00      1 ! E. Goos, A. Burcat, and B. Ruscic
 0.54028152E+01 0.69057001E-02-0.25162977E-05 0.41014066E-09-0.24718300E-13    2 ! Ideal gas thermochemical database with updates from active thermochemical
 0.24528690E+05-0.44574262E+01 0.38781858E+01-0.66530886E-02 0.53947610E-04    3 ! http://garfield.chem.elte.hu/Burcat/burcat.html
-0.68176813E-07 0.27181746E-10 0.25716857E+05 0.74618774E+01 0.26932156E+05    4 ! Accessed 2018
CH3NO2            pg-melH   3O   2N   1C   1G     300.0    4000.0  1500.0      1
     1.090158E1    4.326381E-3   -4.203548E-7  -1.893071E-10   3.417444E-14    2
  -1.36884891E4  -3.34142701E1    3.224717E-1    2.665147E-2   -1.930574E-5    3
     7.76262E-9  -1.398746E-12  -9.57739615E3   2.45791199E1                   4
!BURCAT
!H298 = 36.43 kcal/mol
!S298 = 68.87 cal/mol/K
CH2NO2            T04-98H   2O   2N   1C   1G     200.0    6000.0  1000.0      1
   7.67214886E0  7.04674142E-3 -2.55301211E-6 4.14646979E-10-2.49316782E-14    2
   1.52307521E4  -1.22510821E1   2.46754293E0  1.56130407E-2  4.71686464E-6    3
 -2.05123642E-8 1.02705094E-11   1.69015807E4   1.59016345E1                   4
!BURCAT
!H298 =-15.64 kcal/mol
!S298 = 72.38 cal/mol/K
CH3ONO            A-5-05H   3O   2N   1C   1G     200.0    6000.0  1000.0      1
   6.93605239E0  9.97319424E-3 -3.60642537E-6 5.83462161E-10-3.50058729E-14    2
  -1.08381899E4  -6.98144573E0   6.15261387E0 -2.91937431E-3  4.14526828E-5    3
 -4.93954776E-8 1.85608328E-11  -9.85260262E3   8.0405719E-1                   4
!BURCAT
!H298 =-29.16 kcal/mol
!S298 = 73.07 cal/mol/K
CH3ONO2           T05-98H   3O   3N   1C   1G     200.0    6000.0  1000.0      1
   9.77845489E0  1.10069541E-2 -4.25928645E-6 7.18198185E-10-4.42041793E-14    2
  -1.88804487E4  -2.39163197E1   3.91363583E0  1.52137945E-2  1.73479131E-5    3
 -3.37074473E-8 1.44322204E-11  -1.66103232E4   9.44208392E0                   4
!BURCAT
!H298 =-24.02 kcal/mol
!S298 = 76.60 cal/mol/K
C2H5NO2           T04-98H   5O   2N   1C   2G     200.0    6000.0  1000.0      1
   9.21849299E0  1.62001532E-2 -5.98159944E-6 9.81277173E-10 -5.9345553E-14    2
  -1.68676292E4  -2.07232926E1   3.37137598E0  1.37914267E-2  3.84687528E-5    3
 -6.02380553E-8 2.49654782E-11  -1.43330647E4   1.40009494E1                   4
!H298 =-24.18 kcal/mol
!S298 = 80.30 cal/mol/K
!Cp(CH3CH2ONO) = Cp(C2H5NO2)[BURCAT]
CH3CH2ONO         T04-98H   5O   2N   1C   2G     200.0    6000.0  1000.0      1
   9.21849299E0  1.62001532E-2 -5.98159944E-6 9.81277173E-10 -5.9345553E-14    2
  -1.65544389E4  -1.88591687E1   3.37137598E0  1.37914267E-2  3.84687528E-5    3
 -6.02380553E-8 2.49654782E-11  -1.40198744E4   1.58650733E1                   4
!BURCAT
!H298 =-37.04 kcal/mol
!S298 = 78.59 cal/mol/K
CH3CH2ONO2        T05-98H   5O   3N   1C   2G     200.0    6000.0  1000.0      1
   1.21360953E1  1.70091385E-2 -6.43739515E-6   1.0721988E-9 -6.5495092E-14    2
   -2.4190207E4  -3.71640527E1   3.75721604E0  1.93623098E-2  3.87534117E-5    3
  -6.6408953E-8 2.82505579E-11  -2.08444383E4    1.1181324E1                   4
NH3               121386H   3N   1          G     300.0    5000.0  1000.0      1
     2.461904E0    6.059166E-3   -2.004977E-6   3.136003E-10  -1.938317E-14    2
     -6.49327E3     7.472097E0     2.204352E0    1.011476E-2   -1.465265E-5    3
    1.447235E-8  -5.328509E-12    -6.525488E3     8.127138E0                   4
NH2               121686H   2N   1          G     300.0    5000.0  1000.0      1
     2.961311E0    2.932699E-3     -9.0636E-7   1.617257E-10    -1.2042E-14    2
     2.191977E4     5.777878E0     3.432493E0     3.29954E-3     -6.6136E-6    3
    8.590947E-9  -3.572047E-12     2.177228E4     3.090111E0                   4
NH                      H   1N   1          G     200.0    6000.0  1000.0      1
    2.7836929E0   1.3298429E-3  -4.2478047E-7  7.8348504E-11  -5.504447E-15    2
    4.2134514E4    5.7407798E0    3.4929084E0   3.1179197E-4  -1.4890484E-6    3
   2.4816442E-9 -1.0356967E-12    4.1894294E4    1.8483277E0                   4
N                 120186N   1               G     300.0    5000.0  1000.0      1
     2.450268E0    1.066146E-4   -7.465337E-8   1.879652E-11  -1.025984E-15    2
     5.611604E4     4.448758E0     2.503071E0   -2.180018E-5    5.420529E-8    3
   -5.64756E-11   2.099904E-14      5.60989E4     4.167566E0                   4
N2H4              121286H   4N   2          G     300.0    5000.0  1000.0      1
     4.977317E0    9.595519E-3   -3.547639E-6   6.124299E-10  -4.029795E-14    2
     9.341219E3     -2.96299E0    6.442606E-2     2.74973E-2   -2.899451E-5    3
     1.74524E-8  -4.422282E-12     1.045192E4     2.127789E1                   4
N2H3              120186H   3N   2          G     300.0    5000.0  1000.0      1
     4.441846E0    7.214271E-3   -2.495684E-6   3.920565E-10   -2.29895E-14    2
     1.664221E4   -4.275205E-1     3.174204E0    4.715907E-3    1.334867E-5    3
   -1.919685E-8   7.487564E-12      1.72727E4     7.557224E0                   4
N2H2              121286H   2N   2          G     300.0    5000.0  1000.0      1
     3.371185E0    6.039968E-3   -2.303854E-6   4.062789E-10  -2.713144E-14    2
     2.418172E4     4.980585E0     1.617999E0    1.306312E-2   -1.715712E-5    3
    1.605608E-8  -6.093639E-12     2.467526E4     1.379467E1                   4
H2NN               M3-96H   2N   2          G     300.0    5000.0  1695.0      1
   3.13531032E0  5.68632569E-3 -1.93983467E-6 3.01290501E-10-1.74978144E-14    2
   3.33678346E4    7.0481584E0   2.88544262E0  4.69495999E-3   7.0198323E-7    3
 -1.53359038E-9 3.79345858E-13    3.3603069E4   8.95096779E0                   4
NNH               120186H   1N   2          G     250.0    4000.0  1000.0      1
     4.415342E0    1.614388E-3   -1.632894E-7  -8.559846E-11   1.614791E-14    2
     2.788029E4    9.042888E-1     3.501344E0    2.053587E-3     7.17041E-7    3
   4.921348E-10   -9.67117E-13     2.833347E4     6.391837E0                   4
NH2OH             ATcT-AH   3O   1N   1     G     200.0    6000.0  1000.0      1
   3.88112502E0  8.15708448E-3 -2.82615576E-6 4.37930933E-10-2.52724604E-14    2
  -6.86018419E3   3.79156136E0   3.21016092E0  6.19671676E-3  1.10594948E-5    3
 -1.96668262E-8  8.8251659E-12  -6.58148481E3   7.93293571E0                   4
HCN               110193H   1N   1C   1     G     300.0    4000.0  1000.0      1
     3.426457E0     3.92419E-3   -1.601138E-6   3.161966E-10   -2.43285E-14    2
     1.485552E4     3.607795E0     2.417787E0    9.031856E-3   -1.107727E-5    3
    7.980141E-9  -2.311141E-12     1.501044E4     8.222891E0                   4
HNC                     H   1N   1C   1     G     300.0    5000.0  1500.0      1
     5.283464E0    1.092476E-3   -1.170865E-7  -2.308672E-11   3.950673E-15    2
   2.16142302E4    -6.388218E0     3.592377E0     5.56134E-3   -5.936823E-6    3
    3.782329E-9  -9.365092E-13   2.22826802E4      2.73216E0                   4
HNCN Cyanamide    T03/10C  1.H  1.N  2.   0.G   200.000  6000.000 1000.        1 ! Lamoureux et al. 2016
 5.53846448E+00 3.89054126E-03-1.38104752E-06 2.21294765E-10-1.31827325E-14    2
 3.59635337E+04-3.39587098E+00 3.06754311E+00 1.06789939E-02-7.96224305E-06    3
 2.59883390E-09-1.27057612E-13 3.66623508E+04 9.41074995E+00 3.79863165E+04    4	
CN                      N   1C   1          G     200.0    6000.0  1000.0      1
   3.39912871E0  7.46548271E-4 -1.41493637E-7 1.86747261E-11-1.26032174E-15    2
   5.14665281E4   4.67150296E0   3.61256066E0 -9.53015376E-4  2.13757148E-6    3
-3.05000108E-10-4.70518899E-13   5.15179601E4   3.98240466E0                   4
HNCO                    H   1O   1N   1C   1G     300.0    5000.0  1000.0      1
     5.328844E0    4.214337E-3   -1.647393E-6   3.018422E-10   -2.08448E-14    2
    -1.589215E4     -3.45005E0     3.499188E0    6.263658E-3    3.125768E-6    3
     -8.6252E-9   3.913372E-12    -1.523328E4     6.744993E0                   4
HOCN                    H   1O   1N   1C   1G     300.0    5000.0  1000.0      1
     4.807475E0    4.191837E-3   -1.619924E-6   2.943622E-10  -2.021419E-14    2
    -3.344311E3    8.466071E-1     4.716198E0   -1.224976E-3    1.576907E-5    3
   -1.844744E-8    6.84069E-12    -3.027687E3     2.731486E0                   4
HCNO                    H   1O   1N   1C   1G     300.0    5000.0  1000.0      1
      6.03562E0    4.059333E-3   -1.588777E-6   2.920481E-10  -2.023057E-14    2
     1.833988E4    -9.102405E0     2.482564E0    1.481356E-2   -1.368798E-5    3
    6.046905E-9  -8.770591E-13     1.928154E4     9.032533E0                   4
NCO                     O   1N   1C   1     G     300.0    5000.0  1000.0      1
     5.151174E0    2.537966E-3   -1.094808E-6   2.112987E-10  -1.505617E-14    2
     1.346329E4    -3.371894E0     4.512419E0   -3.298077E-3    2.196319E-5    3
   -2.665614E-8   1.026919E-11     1.399408E4     1.732269E0                   4
H2CN              -41687H   2N   1C   1     G     300.0    4000.0  1000.0      1
     5.209703E0    2.969291E-3   -2.855589E-7   -1.63555E-10   3.043259E-14    2
     2.767711E4    -4.444478E0     2.851661E0    5.695233E-3     1.07114E-6    3
   -1.622612E-9  -2.351108E-13     2.863782E4     8.992751E0                   4
HCNH              -41687H   2N   1C   1     G     300.0    4000.0  1000.0      1
     4.923293E0    3.332897E-3   -3.370897E-7  -1.901619E-10   3.531825E-14    2
     3.132669E4    -1.632509E0     2.759456E0    6.103387E-3    7.713149E-7    3
   -2.063094E-9    1.93192E-13     3.217247E4     1.057489E1                   4
! DB00
CH3NH2                  H   5N   1C   1     G     300.0    5000.0  1387.0      1
   5.23365618E0  1.08525479E-2 -3.65205276E-6 5.60552543E-10-3.22553444E-14    2
  -5.52829576E3  -5.21507359E0   1.69170293E0   1.6038916E-2 -4.99028441E-6    3
-3.83481304E-10 3.57345746E-13  -3.94057426E3   1.49835076E1                   4
! DB00
CH3NH                  2H   4N   1C   1     G     300.0    5000.0  1404.0      1
   4.90528413E0  8.50385569E-3 -2.82356461E-6 4.29267836E-10-2.45297886E-14    2
   1.94541503E4  -1.35290137E0   1.53882571E0  1.62436539E-2 -9.89573425E-6    3
  3.49954504E-9-5.53823621E-13   2.06715086E4   1.68295527E1                   4
! DB00
CH2NH2                 2H   4N   1C   1     G     300.0    5000.0  1397.0      1
   6.11432288E0  7.69126269E-3 -2.59025729E-6 3.97713575E-10-2.28883272E-14    2
   1.55835138E4   -8.9305378E0   2.56157769E0  1.60730713E-2 -1.05960335E-5    3
  4.07638829E-9-6.95570548E-13   1.68563722E4   1.01987687E1                   4
! DB00
CH2NH                -88H   3N   1C   1     G     300.0    5000.0  1577.0      1
   4.54737795E0  7.17720948E-3 -2.47935299E-6 3.87692351E-10-2.26113075E-14    2
   8.64056516E3  -1.16687427E0    2.8184951E0  5.11983235E-3  6.38887146E-6    3
 -6.61374671E-9  1.6553194E-12   9.88442597E3   1.03390629E1                   4
CH3CN             T01-03H   3N   1C   2     G     200.0    6000.0  1000.0      1
   5.09921882E0  9.69585649E-3 -3.48051966E-6 5.61420173E-10-3.35835856E-14    2
   6.60967324E3  -3.36087178E0   3.82392803E0  4.08201943E-3  2.16209537E-5    3
 -2.89807789E-8   1.129627E-11   7.44430382E3   5.52656156E0                   4
CH2CN             T01-03H   2N   1C   2     G     200.0    6000.0  1000.0      1
    6.1487362E0   6.0660024E-3  -2.1717462E-6 3.49750387E-10-2.09004207E-14    2
   2.86491222E4  -6.59235995E0   2.63064017E0  1.73644377E-2 -1.70284117E-5    3
   9.8655114E-9-2.46033517E-12   2.95791691E4   1.12776223E1                   4
NCCN                    N   2C   2          G     300.0    5000.0  1000.0      1
        6.548E0     3.98471E-3    -1.63422E-6     3.0386E-10     -2.111E-14    2
      3.49072E4       -9.736E0      4.26546E0    1.192257E-2   -1.342014E-5    3
      9.1923E-9   -2.77894E-12      3.54789E4        1.713E0                   4
NCN               103190N   2C   1          G     300.0    4000.0  1500.0      1
     6.652121E0    6.108034E-4   -1.389727E-7   2.695549E-12   1.669944E-15    2
     5.172403E4    -1.138517E1      3.10127E0    9.981674E-3   -9.920701E-6    3
    4.758919E-9  -8.968626E-13     5.285757E4     7.317579E0                   4
!CH3OCHO           T 6/08C  2 H  4 O  2    0 G   200.000  6000.00  1000.00      1
! 6.33360880E+00 1.34851485E-02-4.84305805E-06 7.81719241E-10-4.67917447E-14    2
!-4.68316521E+04-6.91542601E+00 5.96757028E+00-9.38085425E-03 7.07648417E-05    3
!-8.29932227E-08 3.13522917E-11-4.55713267E+04 7.50341113E-01-4.37330508E+04    4
!CH3OCO     5/ 8/ 3 THERMC   2H   3O   2    0G   300.000  5000.000 1601.000    21
! 9.73659803E+00 7.42432713E-03-2.65641779E-06 4.25031143E-10-2.51824924E-14    2
!-2.36015721E+04-2.36353471E+01 4.16215406E+00 1.38037511E-02-3.08486109E-07    3
!-4.56430814E-09 1.46909632E-12-2.10130301E+04 8.64301044E+00                   4
!CH2OCHO    4/15/ 8 THERMC   2H   3O   2    0G   300.000  5000.000 1442.000    21
! 1.00960096E+01 7.19887066E-03-2.59813465E-06 4.18110812E-10-2.48723387E-14    2
!-2.36389018E+04-2.71144175E+01 2.31031671E+00 1.80474065E-02-2.71519637E-06    3
!-4.60918579E-09 1.70037078E-12-2.02910878E+04 1.71549722E+01                   4
!###############################################################################
!Therm data of DMM
!vermeire's calculation result of DMM is applied
!others are calclated by Li using THERM
!###############################################################################
!------------------------data-of-Kopp------------------------------------------!
!\AUTHOR: Kopp/DMM !\REF: CnF 189 (2018) 433-442 !\COMMENT:
CH3OCH2OCH3        -MBFDH   8O   2C   3     G     100.0    4000.0  1000.0      1
   3.62900361E0  3.61977371E-2 -1.81547692E-5  4.28375225E-9-3.85037027E-13    2
  -4.35509717E4    1.0420876E1   5.38872321E0  1.38240288E-2  6.29873619E-5    3
 -9.79182636E-8 4.12888364E-11  -4.39554849E4   3.71667659E0                   4
!\AUTHOR: Kopp/DMM !\REF: CnF 189 (2018) 433-442 !\COMMENT:
CH3OCH2OCH2        -MBFDH   7O   2C   3     G     100.0    4000.0  1000.0      1
   8.07320728E0  2.54135929E-2 -1.20542654E-5  2.71647731E-9-2.35424292E-13    2
  -2.23247764E4  -1.15177413E1   2.74029708E0  4.21443596E-2 -2.23048959E-5    3
 -5.64292124E-9 6.97674816E-12  -2.12929577E4   1.46986688E1                   4
!\AUTHOR: Kopp/DMM !\REF: CnF 189 (2018) 433-442 !\COMMENT:
CH3OCHOCH3         -MBFDH   7O   2C   3     G     100.0    4000.0  1000.0      1
   6.35183807E0  2.70351735E-2 -1.24198687E-5  2.71354721E-9-2.28721159E-13    2
  -2.16781244E4 -6.39037689E-1   5.05574228E0  2.76444811E-2 -3.88680706E-6    3
 -1.09961155E-8 5.63466819E-12  -2.12762985E4   6.54227673E0                   4
!\AUTHOR: Kopp/DMM !\REF: CnF 189 (2018) 433-442 !\COMMENT:
COCOCO2J           -MBFDH   7O   4C   3     G     100.0    4000.0  1000.0      1
   7.08747689E0  3.68916645E-2 -1.92018331E-5  4.65227368E-9-4.26107314E-13    2
  -3.91759573E4 -5.97296073E-1   5.24447573E0  3.18034731E-2  3.34976951E-5    3
  -7.8110204E-8 3.65680347E-11  -3.90635789E4   9.21108921E0                   4
!\AUTHOR: Kopp/DMM !\REF: CnF 189 (2018) 433-442 !\COMMENT:
COCO2JOC           -MBFDH   7O   4C   3     G     100.0    4000.0  1000.0      1
   1.25793828E1  2.59470269E-2 -1.23072902E-5   2.7429342E-9-2.34453819E-13    2
  -4.32014337E4  -3.23434017E1   5.22896454E0   4.4334441E-2 -2.56087687E-5    3
  3.58532199E-9 1.18764106E-12  -4.11059122E4   6.05849446E0                   4
!\AUTHOR: Kopp/DMM !\REF: CnF 189 (2018) 433-442 !\COMMENT:
COCOCO2H           -MBFDH   8O   4C   3     G     100.0    4000.0  1000.0      1
   1.47087015E1   3.5489495E-2 -2.01557177E-5  5.13294216E-9-4.83652283E-13    2
  -6.33403911E4  -5.29423238E1   6.52082568E0  4.42115199E-3   1.3196607E-4    3
 -1.73154102E-7 6.49378223E-11  -5.88381404E4   1.69861381E0                   4
!\AUTHOR: Kopp/DMM !\REF: CnF 189 (2018) 433-442 !\COMMENT:
COCO2HOC           -MBFDH   8O   4C   3     G     100.0    4000.0  1000.0      1
   1.34047261E1  2.85501347E-2   -1.331197E-5   2.9414854E-9 -2.5000346E-13    2
  -6.16188075E4  -3.72549837E1   5.41808363E0  4.94910977E-2 -2.75829382E-5    3
 6.07102345E-10 3.40102715E-12  -5.94922675E4   3.97467882E0                   4
!\AUTHOR: Kopp/DMM !\REF: CnF 189 (2018) 433-442 !\COMMENT:
CJOCOCO2H          -MBFDH   7O   4C   3     G     100.0    3800.0  1000.0      1
   1.88267981E1  2.41780646E-2 -1.37998703E-5  3.62148015E-9-3.55439163E-13    2
  -3.98975186E4  -7.07812611E1    2.4457055E0  5.07662627E-2  1.54851789E-5    3
 -6.91888419E-8 3.29627283E-11   -3.5033261E4   1.70851608E1                   4
!\AUTHOR: Kopp/DMM !\REF: CnF 189 (2018) 433-442 !\COMMENT:
COCJOCO2H          -MBFDH   7O   4C   3     G     100.0    4000.0  1000.0      1
   1.59284733E1  2.47042437E-2 -1.24602322E-5  2.93282098E-9-2.61835776E-13    2
  -3.83774171E4   -5.1877649E1   4.74125379E0  4.52484165E-2  -4.5865906E-6    3
 -2.96981026E-8 1.51384929E-11   -3.5009166E4   7.94682431E0                   4
!\AUTHOR: Kopp/DMM !\REF: CnF 189 (2018) 433-442 !\COMMENT:
COCO2HOCJ          -MBFDH   7O   4C   3     G     100.0    4000.0  1000.0      1
   1.46242711E1   2.5405889E-2 -1.27111317E-5  3.00959956E-9-2.71940015E-13    2
  -3.84164997E4  -4.35935859E1   3.06961439E0  6.16484047E-2 -3.46222005E-5    3
 -1.56771834E-8 1.56380527E-11  -3.61897141E4   1.31876028E1                   4
!----------------------data-of-minwegen-end------------------------------------!
!------------------------data-of-vermeire--------------------------------------!
CO2JOCOCO2H             H   7O   6C   3     G     300.0    1500.0  1500.0      1
  -2.29310661E0  9.68629877E-2 -9.42973925E-5  4.37474277E-8-7.73173748E-12    2
  -5.14439083E4   4.12200256E1  -2.29310661E0  9.68629877E-2 -9.42973925E-5    3
  4.37474277E-8-7.73173748E-12  -5.14439083E4   4.12200256E1                   4
COCO2JOCO2H             H   7O   6C   3     G     300.0    1500.0  1500.0      1
  -2.95221878E0   1.0600024E-1 -1.13749951E-4   5.8795778E-8-1.17069425E-11    2
  -5.33110881E4   4.24978573E1  -2.95221878E0   1.0600024E-1 -1.13749951E-4    3
   5.8795778E-8-1.17069425E-11  -5.33110881E4   4.24978573E1                   4
COCO2HOCO2J             H   7O   6C   3     G     300.0    1500.0  1500.0      1
   4.99994053E0  6.15247531E-2 -3.90369044E-5  7.25156298E-9 1.04649124E-12    2
   -5.4193691E4    7.2359542E0   4.99994053E0  6.15247531E-2 -3.90369044E-5    3
  7.25156298E-9 1.04649124E-12   -5.4193691E4    7.2359542E0                   4
HO2COCJOCO2H            H   7O   6C   3     G     300.0    5000.0  1396.0      1
   2.86614732E1  1.49280988E-2 -5.19744029E-6 8.16555054E-10-4.77674232E-14    2
  -5.83807742E4  -1.18801067E2 -5.56108389E-2   1.0872074E-1 -1.23291041E-4    3
  6.69589906E-8 -1.3744311E-11  -5.08678846E4   2.63099454E1                   4
CJOCO2HOCO2H            H   7O   6C   3     G     300.0    5000.0  1399.0      1
   2.36998464E1  1.86184522E-2 -6.35094805E-6 9.83881068E-10-5.69863155E-14    2
  -5.66496385E4  -8.66317089E1   3.35501767E0  8.06082518E-2 -8.06242286E-5    3
  4.12730757E-8-8.23515959E-12  -5.08784939E4   1.77560893E1                   4
C3H6O3_13               H   6O   3C   3     G    298.15    2500.0  1000.0      1
     8.141393E0   2.9811561E-2  -1.6272773E-5   4.3969633E-9 -4.7485261E-13    2
   -5.5240097E4   -1.7241264E1   -1.8253666E0   4.8998292E-2  -7.1813896E-6    3
  -3.3410263E-8  1.9069294E-11   -5.2353945E4    3.5588945E1                   4
C3H6O3_15               H   6O   3C   3     G    298.15    2500.0  1000.0      1
    2.3472878E0   3.9466929E-2  -2.2066318E-5   6.0445988E-9 -6.5740243E-13    2
   -5.7423703E4    1.1514476E1   -1.3874546E0   3.9729274E-2   3.2022121E-6    3
  -3.1622557E-8  1.5236691E-11   -5.6004773E4    3.2997701E1                   4
C3H6O3_13_OOH           H   6O   5C   3     G     300.0    5000.0  1393.0      1
   2.38779215E1  1.43301634E-2 -5.09336339E-6  8.1142037E-10-4.79328269E-14    2
  -7.07287641E4  -1.00566809E2  -5.09499831E0  9.92662856E-2 -1.02615612E-4    3
  5.17366535E-8-1.00761548E-11  -6.23254549E4   4.90323578E1                   4
!------------------------data-of-vermeire-end----------------------------------!
!---------------------------data-of-Jacobs------------------------------------!
C3H6O3_15_OOH           H   6O   5C   3     G     300.0    5000.0  1407.0      1
   2.55432064E1  1.27787523E-2 -4.53175966E-6  7.2131738E-10-4.25976813E-14    2
  -8.28496769E4  -1.17805354E2  -1.02274291E1  1.15155682E-1 -1.17153461E-4    3
   5.6593086E-8-1.04905724E-11  -7.25097435E4   6.72970399E1                   4
CO2HOCOC*O              H   6O   5C   3     G     300.0    1500.0  1500.0      1
  -4.60188121E0   1.1084638E-1 -1.40786157E-4  8.60459046E-8-1.99908987E-11    2
  -7.65528636E4   4.57792174E1  -4.60188121E0   1.1084638E-1 -1.40786157E-4    3
  8.60459046E-8-1.99908987E-11  -7.65528636E4   4.57792174E1                   4
OJCOCOC*O               H   5O   4C   3     G     300.0    1500.0  1500.0      1
   1.43151125E0  6.60557491E-2 -7.68046037E-5  4.67260377E-8-1.11567485E-11    2
  -5.86642787E4   2.05815878E1   1.43151125E0  6.60557491E-2 -7.68046037E-5    3
  4.67260377E-8-1.11567485E-11  -5.86642787E4   2.05815878E1                   4
COCO2HOC*O              H   6O   5C   3     G     300.0    1500.0  1500.0      1
  2.33619429E-1  8.00581734E-2 -8.40221216E-5  4.41897015E-8-9.16340699E-12    2
  -7.73399356E4   2.69807975E1  2.33619429E-1  8.00581734E-2 -8.40221216E-5    3
  4.41897015E-8-9.16340699E-12  -7.73399356E4   2.69807975E1                   4
COCOJOC*O               H   5O   4C   3     G     300.0    1500.0  1500.0      1
   2.97502528E0  4.14812843E-2  -2.1266597E-5  1.19338338E-9 1.47919743E-12    2
  -5.72448688E4   1.84447966E1   2.97502528E0  4.14812843E-2  -2.1266597E-5    3
  1.19338338E-9 1.47919743E-12  -5.72448688E4   1.84447966E1                   4
COC*OOCO2H              H   6O   5C   3     G     300.0    1500.0  1500.0      1
  -5.39434124E0  1.13826175E-1 -1.41622744E-4  8.53217551E-8-1.97850646E-11    2
   -8.2006507E4   5.04124662E1  -5.39434124E0  1.13826175E-1 -1.41622744E-4    3
  8.53217551E-8-1.97850646E-11   -8.2006507E4   5.04124662E1                   4
COC*OOCOJ               H   5O   4C   3     G     300.0    1500.0  1500.0      1
  4.96326916E-1  5.16644821E-2 -3.52038589E-5  9.61761996E-9-4.30092211E-13    2
  -6.41877444E4   2.94737027E1  4.96326916E-1  5.16644821E-2 -3.52038589E-5    3
  9.61761996E-9-4.30092211E-13  -6.41877444E4   2.94737027E1                   4
COCOCOJ           -THERMH   7O   3C   3     G     300.0    5000.0  1528.0      1
   1.38248365E1  1.82169373E-2 -6.34134517E-6  9.9630753E-10 -5.8289032E-14    2
  -4.72821046E4  -4.21968996E1   7.62214319E0  1.74553751E-2  1.22579391E-5    3
 -1.53585306E-8 4.03029724E-12  -4.35560079E4  -3.39255019E0                   4
!--------------------- ----data-of-Jacobs-end----------------------------------!
!--------------------- ----THERM-by-this-work----------------------------------!
COCOJOC           -THERMH   7O   3C   3     G     300.0    5000.0  1499.0      1
   1.42593008E1  1.76026405E-2 -6.08004633E-6 9.50750802E-10-5.54549213E-14    2
  -4.65577379E4  -4.54005748E1   6.82700905E0  2.06035715E-2  8.46333708E-6    3
 -1.35523601E-8 3.72846171E-12  -4.25379779E4 -3.82310179E-1                   4
COC*OOC           -THERMH   6O   3C   3     G     300.0    5000.0  1376.0      1
   1.46948588E1  1.50977682E-2 -5.30276856E-6 8.38108282E-10-4.92367581E-14    2
  -7.67524987E4  -5.42999991E1   1.53766126E0  4.08474444E-2  -2.2301172E-5    3
  4.76173526E-9-1.36280311E-13  -7.16937594E4   1.81174765E1                   4
COC*OOCJ          -THERMH   5O   3C   3     G     300.0    5000.0  1395.0      1
    1.5314133E1  1.22188442E-2 -4.25846681E-6 6.69733521E-10-3.92146866E-14    2
  -5.46336749E4  -5.61718895E1  5.44762963E-1   4.7204513E-2 -3.56312081E-5    3
   1.3321259E-8-1.97445309E-12  -4.96157983E4   2.28728139E1                   4
COC*OOJ                 H   3O   3C   2     G     300.0    1500.0  1500.0      1
   1.95218888E0   2.6776443E-2 -1.15986904E-5 -2.08078749E-9 1.93851216E-12    2
  -4.34597706E4   2.08656164E1   1.95218888E0   2.6776443E-2 -1.15986904E-5    3
 -2.08078749E-9 1.93851216E-12  -4.34597706E4   2.08656164E1                   4
OCHOCHO           ---LTTH   2O   3C   2     G     300.0    5000.0  1381.0      1
   1.14233306E1  6.67681072E-3 -2.36044535E-6 3.74721609E-10-2.20824079E-14    2
  -6.18137849E4  -3.32947115E1   3.62015578E0  2.43289117E-2 -1.74259269E-5    3
   6.1611317E-9-8.69478912E-13   -5.9054234E4   8.80572432E0                   4
COCOC*O           -THERMH   6O   3C   3     G     300.0    5000.0  1496.0      1
   1.49056522E1  1.52264366E-2 -5.41853495E-6 8.63874281E-10-5.10566165E-14    2
  -7.07881163E4  -5.11851166E1   4.79924722E0   2.4916306E-2  2.91466549E-6    3
 -1.11068871E-8 3.35089323E-12  -6.59206807E4    7.9771085E0                   4
CJOCOC*O          -THERMH   5O   3C   3     G     300.0    5000.0  1502.0      1
    1.5284423E1  1.26704269E-2 -4.51140759E-6 7.19559929E-10-4.25415018E-14    2
  -4.86417294E4  -5.18231259E1   3.86507967E0  3.01045854E-2 -8.40021023E-6    3
 -3.75592526E-9 1.75950565E-12  -4.38238131E4   1.26669185E1                   4
COCJOC*O          -THERMH   5O   3C   3     G     300.0    5000.0  1489.0      1
   1.47861834E1  1.27311975E-2  -4.5465241E-6 7.26544104E-10-4.30098421E-14    2
  -4.82962323E4  -4.87053536E1    5.5200082E0  2.23641832E-2  1.62645383E-6    3
 -9.29153968E-9 2.86790956E-12  -4.39205115E4   5.25235367E0                   4
COCOCJ*O          -THERMH   5O   3C   3     G     300.0    5000.0  1469.0      1
   1.43615527E1  1.31128786E-2 -4.68318957E-6 7.48426195E-10-4.43071036E-14    2
  -4.70397348E4  -4.66700682E1   5.31538832E0  2.07904967E-2  5.08010932E-6    3
 -1.16979063E-8 3.42465434E-12  -4.26077278E4   6.59803136E0                   4
OHV               121286H   1O   1          G     300.0    5000.0  1000.0      1
      2.88273E0   1.0139743E-3   -2.276877E-7   2.174683E-11  -5.126305E-16    2
       5.0265E4     5.595712E0     3.637266E0     1.85091E-4  -1.6761646E-6    3
    2.387202E-9  -8.431442E-13      5.00213E4    1.3588605E0                   4
HOCO              T05-06H   1O   2C   1     G     200.0    6000.0  1000.0      1
   5.39206152E0  4.11221455E-3   -1.481949E-6  2.3987546E-10-1.43903104E-14    2
  -2.38606717E4  -2.23529091E0   2.92207919E0  7.62453859E-3  3.29884437E-6    3
 -1.07135205E-8 5.11587057E-12  -2.30281524E4   1.12925886E1                   4
CHV               073003H   1C   1          G     300.0    5000.0  1000.0      1
     2.196223E0    2.340381E-3   -7.058201E-7   9.007582E-11   -3.85504E-15    2
    1.0419559E5     9.178373E0     3.200202E0    2.072875E-3   -5.134431E-6    3
     5.73389E-9  -1.955533E-12    1.0393714E5     3.331587E0                   4
CH2O2H                  H   3O   2C   1     G     300.0    5000.0  1410.0      1
   9.24697852E0  4.60845541E-3 -1.53501472E-6  2.3443483E-10-1.34573106E-14    2
   4.11529953E3  -2.11503248E1   2.88976454E0  2.09465776E-2 -1.75190772E-5    3
  7.27819787E-9-1.18912344E-12    6.1239062E3   1.23802076E1                   4
CHOCHO                  H   2O   2C   2     G     300.0    5000.0  1386.0      1
   9.75438561E0  4.97645947E-3 -1.74410483E-6 2.75586994E-10-1.61969892E-14    2
  -2.95832896E4  -2.61878329E1    1.8810512E0  2.36386368E-2 -1.83443295E-5    3
  6.84842963E-9-9.92733674E-13   -2.6928019E4   1.59154793E1                   4
C2H3OO                  H   3O   2C   2     G    298.15    2000.0  1000.0      1
   6.04483828E0  1.45511127E-2 -7.50974622E-6   1.8348828E-9-1.66689681E-13    2
   1.01699244E4  -3.71144913E0   1.09784776E0  2.95333237E-2  -2.2774436E-5    3
  7.20559155E-9-3.07929092E-13   1.13996101E4   2.13563583E1                   4
CHCHO                   H   2O   1C   2     G    298.15    2000.0  1000.0      1
    4.9263291E0  9.71712147E-3  -5.5485598E-6  1.53068537E-9-1.64742462E-13    2
   2.89499494E4  5.27874677E-1   2.33256751E0  1.62952986E-2 -9.72052177E-6    3
 5.15124155E-10 1.03836514E-12   2.96585452E4   1.39904923E1                   4
CH3ONH2           200807C   1H   5N   1O   1G   298.150  3000.000 1000.00      1 ! PM 20/07
 4.26815593E+00 1.81556002E-02-8.75975908E-06 2.05438932E-09-1.89918277E-13    2
-5.36750263E+03 3.36242714E+00 2.23462474E+00 2.07624859E-02-4.37922900E-06    3
-6.39320315E-09 3.30378961E-12-4.68443444E+03 1.45548494E+01                   4
CH3OCH2NH2        201107C   2H   7N   1O   1G   298.150  3000.000 1000.00      1 ! PM 20/11
 3.62947749E+00 2.88943997E-02-1.39589272E-05 3.28449753E-09-3.05345913E-13    2
-2.35738889E+04 7.50760481E+00 2.29655306E+00 2.65473756E-02 1.07969177E-06    3
-1.44199703E-08 6.04045152E-12-2.29233679E+04 1.58578752E+01                   4
CH2OCH2NH2        201107C   2H   6N   1O   1G   298.150  3000.000 1000.00      1 ! PM 20/11
 7.10091070E+00 2.18231763E-02-1.09502003E-05 2.66853577E-09-2.55605856E-13    2
-1.78764369E+03-1.02057681E+01 1.32076866E+00 3.83516427E-02-2.58547473E-05    3
 6.01279873E-09 5.56353835E-13-3.02010198E+02 1.93281014E+01                   4
CH3OCHNH2         201107C   2H   6N   1O   1G   298.150  3000.000 1000.00      1 ! PM 20/11
 5.92718554E+00 2.28930451E-02-1.10590439E-05 2.59510054E-09-2.39747374E-13    2
-8.35700645E+02-3.25487016E+00 2.25474196E+00 3.26165053E-02-1.81947630E-05    3
 2.38593253E-09 1.05412315E-12 1.47103777E+02 1.57041258E+01                   4
CH3OCH2NH         201107C   2H   6N   1O   1G   298.150  3000.000 1000.00      1 ! PM 20/11
 5.08856043E+00 2.41474386E-02-1.20447712E-05 2.90670228E-09-2.75366397E-13    2
 3.04052632E+03 1.23878967E+00 2.16505875E+00 3.27663813E-02-2.03605890E-05    3
 5.37551669E-09-1.23803975E-13 3.77897986E+03 1.61117614E+01                   4
! N2 <g> ATcT ver. 1.122, DHf298 = 0.000 ± 0.000 kJ/mol - fit JAN17
!**************
CH3OCH2OCH2NH2          C   3H   9N   1O   2G   100.000  5000.000  969.95      1
 1.74723984E+01 1.92684465E-02-6.59252969E-06 1.21506536E-09-8.92606800E-14    2
-4.85670007E+04-6.50959042E+01 9.07714433E-01 5.37663035E-02-7.65084093E-06    3
-3.39985306E-08 1.82504635E-11-4.37630132E+04 2.25131193E+01                   4
CH2OCH2OCH2NH2          C   3H   8N   1O   2G   100.000  5000.000  954.51      1
 1.93940996E+01 1.35474299E-02-3.92258153E-06 7.09356638E-10-5.45380606E-14    2
-2.63646521E+04-7.37982670E+01 8.18720625E-01 5.50561411E-02-1.20544988E-05    3
-3.34909842E-08 1.93482257E-11-2.11634136E+04 2.36226194E+01                   4
CH3OCHOCH2NH2           C   3H   8N   1O   2G   100.000  5000.000  858.23      1
 7.97971496E+00 3.40133789E-02-1.58443759E-05 3.05994722E-09-2.15748836E-13    2
-2.22227882E+04-1.03640966E+01 1.23408644E+00 6.54529575E-02-7.07936904E-05    3
 4.57439681E-08-1.26494274E-11-2.10649227E+04 2.11483999E+01                   4
CH3OCH2OCHNH2           C   3H   8N   1O   2G   100.000  5000.000  970.38      1
 1.59963932E+01 1.83414888E-02-6.26367482E-06 1.11964224E-09-7.97346824E-14    2
-2.91223851E+04-5.52619341E+01 9.94944154E-01 5.53162235E-02-2.49864320E-05    3
-1.24210328E-08 1.02111058E-11-2.50403785E+04 2.26919021E+01                   4
CH3OCH2OCH2NH           C   3H   8N   1O   2G   100.000  5000.000  962.68      1
 1.85634360E+01 1.51744326E-02-4.85700772E-06 8.99431505E-10-6.80390267E-14    2
-2.44934694E+04-7.01478686E+01 9.07278539E-01 5.34049461E-02-9.68540119E-06    3
-3.36649385E-08 1.87523746E-11-1.94660758E+04 2.28166013E+01                   4
CH3OCH2ONH2             C   2H   7N   1O   2G   100.000  5000.000  956.26      1
 1.49519640E+01 1.30912952E-02-4.04938739E-06 7.18830943E-10-5.27763347E-14    2
-2.89897154E+04-5.15075695E+01 1.54104264E+00 4.34340880E-02-1.12466137E-05    3
-2.24279164E-08 1.33617317E-11-2.52473035E+04 1.87495958E+01                   4
!**************
END