! Transport data for GalwayMech1.0_April_2025
HE                    0       11.44      2.71      0.00      0.20      2.00
H2                    1      304.69      2.19      0.00      0.78    280.00
H                     0      541.67      1.84      0.00      0.67      0.00
O                     0      235.69      2.48      0.00      0.74      0.00
OH                    1      514.60      2.58      1.64      1.08      0.00
H2O                   2      637.06      2.94      1.85      1.41      4.00
O2                    1      676.42      3.07      0.00      1.49      3.80
OHV                   1       80.00      2.75      0.00      0.00      0.00
N2                    1       97.84      3.61      0.00      1.76      4.00
AR                    0      127.70      3.46      0.00      1.61      2.00
CO2                   1      244.00      3.76      0.00      2.65      2.10
CO                    1       98.10      3.65      0.00      1.95      1.80
CH4                   2      141.40      3.75      0.00      2.60     13.00
H2O2                  2     1361.15      3.18      1.70      2.24      3.80
HO2                   2      963.00      3.13      2.15      1.96      3.80
HOCO                  2      498.00      3.59      0.00      0.00      2.00
OCHO                  2      498.00      3.59      0.00      0.00      2.00
CH3                   1      144.00      3.80      0.00      0.00      0.00
CH2CO                 2      436.00      3.97      0.00      0.00      2.00
O2CHO                 2      436.00      3.97      0.00      0.00      2.00
HO2CHO                2      436.00      3.97      0.00      0.00      2.00
CH3O2                 2      481.80      3.63      0.00      0.00      1.00
CH3O2H                2      481.80      3.63      0.00      0.00      1.00
CH2                   1      144.00      3.80      0.00      0.00      0.00
CH2(S)                1      144.00      3.80      0.00      0.00      0.00
HCO                   2      498.00      3.59      0.00      0.00      0.00
CH                    1       80.00      2.75      0.00      0.00      0.00
CH2O                  2      498.00      3.59      0.00      0.00      2.00
C2H2                  1      265.30      3.72      0.00      0.00      2.50
C2H4                  2      238.40      3.50      0.00      0.00      1.50
C3H3                  1      324.80      4.29      0.00      0.00      1.00
CHV                   1       80.00      2.75      0.00      0.00      0.00
C                     0       71.40      3.30      0.00      0.00      0.00
CH3O                  2      417.00      3.69      1.70      0.00      2.00
CH2O2H                2      238.40      3.50      0.00      0.00      1.50
CH2OH                 2      417.00      3.69      1.70      0.00      2.00
HCOH                  2      498.00      3.59      0.00      0.00      1.00
CH3OH                 2      481.80      3.63      0.00      0.00      1.00
CH3OOCH3              2      360.00      4.60      0.00      0.00      1.00
HOCHO                 2      436.00      3.97      0.00      0.00      2.00
HOCH2O                2      470.60      4.41      0.00      0.00      1.50
OCH2O2H               2      481.80      3.63      1.70      0.00      1.00
HOCH2O2               2      481.80      3.63      1.70      0.00      1.00
HOCH2O2H              2      481.80      3.63      1.70      0.00      1.00
C2H5                  2      247.50      4.35      0.00      0.00      1.50
C2H6                  2      247.50      4.35      0.00      0.00      1.50
C2H5O2                2      470.60      4.41      0.00      0.00      1.50
C2H5O2H               2      470.60      4.41      0.00      0.00      1.50
C2H3                  2      265.30      3.72      0.00      0.00      1.00
C2H5O                 2      470.60      4.41      0.00      0.00      1.50
C2H4O2H               2      470.60      4.41      0.00      0.00      1.50
C2H4O1-2              2      436.00      3.97      0.00      0.00      2.00
C2-OOQOOH             2      503.90      4.90      0.00      0.00      1.00
HO2CH2CHO             2      275.05      5.43      0.00      0.00      1.00
NC3H7O2H              2      481.50      5.00      1.70      0.00      1.00
NC3H7O2               2      481.50      5.00      1.70      0.00      1.00
IC3H7O2H              2      459.50      5.04      1.70      0.00      1.00
IC3H7O2               2      459.50      5.04      1.70      0.00      1.00
C2H5OH                2      470.60      4.41      0.00      0.00      1.50
CH3CHO                2      436.00      3.97      0.00      0.00      2.00
NC3H7O                2      481.50      5.00      1.70      0.00      1.00
NC3H7OH               2      481.50      5.00      1.70      0.00      1.00
C2H5CHO               2      435.20      4.66      2.70      0.00      1.00
IC3H7O                2      459.50      5.04      1.70      0.00      1.00
IC3H7OH               2      481.50      5.00      1.70      0.00      1.00
CH3COCH3              2      435.50      4.86      0.00      0.00      1.00
CH3CHOOH              2      415.20      4.60      0.00      0.00      1.00
C2H3O1-2              2      436.00      3.97      0.00      0.00      2.00
CH3CO                 2      436.00      3.97      0.00      0.00      2.00
CH2CHO                2      436.00      3.97      0.00      0.00      2.00
H2CC                  2      209.00      4.10      0.00      0.00      2.50
CH3CO3                2      436.00      3.97      0.00      0.00      2.00
CH3CO3H               2      436.00      3.97      0.00      0.00      2.00
C2H3OO                2      436.00      3.97      0.00      0.00      2.00
C2H3OOH               2      436.00      3.97      0.00      0.00      2.00
C2H3OH                2      470.60      4.41      0.00      0.00      1.50
PC2H4OH               2      470.60      4.41      0.00      0.00      1.50
CHCHO                 2      436.00      3.97      0.00      0.00      2.00
CHOCHO                1      440.20      4.01      0.00      0.00      2.00
C2H                   1      265.30      3.72      0.00      0.00      2.50
HCCOH                 2      436.00      3.97      0.00      0.00      2.00
C2H2OH                2      224.70      4.16      0.00      0.00      1.00
HCCO                  2      150.00      2.50      0.00      0.00      1.00
C2                    1       97.53      3.62      0.00      1.76      4.00
C2O                   1      232.40      3.83      0.00      0.00      1.00
CH3CHOHOJ             2      470.30      4.60      0.00      0.00      1.00
CH3COOH               2      470.60      4.41      0.00      0.00      1.50
CH2CO2                2      899.00      5.64      0.00      0.00      0.00
O2CH2CHO              2      275.05      5.43      0.00      0.00      1.00
HO2CH2CO              2      279.01      5.50      1.30      0.00      1.00
CH3CO2                2      436.00      3.97      0.00      0.00      2.00
CH2COOH               2      784.95      4.04      1.30      0.00      1.00
SC2H4OH               2      470.60      4.41      0.00      0.00      1.50
O2C2H4OH              2      523.20      5.66      1.70      0.00      1.00
CH3OCH3               2      395.00      4.04      1.30      0.00      1.00
CH3OCH2               2      395.00      4.04      1.30      0.00      1.00
CH3OCH2O2             2      395.00      4.04      1.30      0.00      1.00
CH3OCH2O2H            2      395.00      4.04      1.30      0.00      1.00
CH2OCHO               2      395.00      4.04      1.30      0.00      1.00
CH3OCHO               2      395.00      4.04      1.30      0.00      1.00
CH3OCO                2      395.00      4.04      1.30      0.00      1.00
CH2OCH2O2H            2      395.00      4.04      1.30      0.00      1.00
O2CH2OCH2O2H          2      395.00      4.04      1.30      0.00      1.00
HO2CH2OCHO            2      395.00      4.04      1.30      0.00      1.00
CH3OCH2O              2      395.00      4.04      1.30      0.00      1.00
OCH2OCHO              2      395.00      4.04      1.30      0.00      1.00
CH2OO                 2      436.00      3.97      0.00      0.00      2.00
HOCH2OCO              2      395.00      4.04      1.30      0.00      1.00
C3H8                  2      303.40      4.81      0.00      0.00      1.00
NC3H7                 2      303.40      4.81      0.00      0.00      1.00
IC3H7                 2      303.40      4.81      0.00      0.00      1.00
C3H5-A                2      316.00      4.22      0.00      0.00      1.00
C3H5O                 2      411.00      4.82      0.00      0.00      1.00
C3H6                  2      307.80      4.14      0.00      0.00      1.00
C3H6OOH1-2            2      435.20      4.66      2.70      0.00      1.00
C3H6OOH1-3            2      435.20      4.66      2.70      0.00      1.00
C3H6O1-2              2      403.60      4.97      2.00      0.00      1.00
C3H6OOH2-1            2      435.20      4.66      2.70      0.00      1.00
C3H6O1-3              2      403.60      4.97      2.00      0.00      1.00
C3H6OOH1-3O2          2      435.20      4.66      2.70      0.00      1.00
C3H6OOH1-2O2          2      435.20      4.66      2.70      0.00      1.00
C3H6OOH2-1O2          2      435.20      4.66      2.70      0.00      1.00
OCHCH2CH2O            2      459.90      5.00      0.00      0.00      1.00
AC3H5OOH              2      481.50      5.00      1.70      0.00      1.00
C3H5O1-2OOH-3         2      464.20      5.01      2.60      0.00      1.00
C3H51-2,3OOH          2      549.65      5.72      0.00      0.00      0.00
CH3COCH2O             2      447.64      5.09      0.00      0.00      0.00
C2H4OCHO              2      464.20      5.01      2.60      0.00      1.00
C3H5-SOOH             2      481.50      5.00      1.70      0.00      1.00
IC3H5Q                2      481.50      5.00      1.70      0.00      1.00
C3KET21               2      464.20      5.01      2.60      0.00      1.00
C3KET12               2      464.20      5.01      2.60      0.00      1.00
C3KET13               2      464.20      5.01      2.60      0.00      1.00
C2H3CHO               2      428.80      4.96      2.90      0.00      1.00
C3H4-A                1      324.80      4.29      0.00      0.00      1.00
C2H3CO                2      443.20      4.12      0.00      0.00      1.00
C2H5CO                2      424.60      4.82      0.00      0.00      1.00
CH3OCHCH2             2      435.20      4.66      2.70      0.00      1.00
SC3H5OH               2      304.28      5.45      0.00      0.00      1.00
CJCYCCO               2      411.00      4.82      0.00      0.00      1.00
CCYCCJO               2      411.00      4.82      0.00      0.00      1.00
CCYCCO-T1             2      411.00      4.82      0.00      0.00      1.00
CH3CHCHO              2      387.86      4.69      0.00      0.00      0.00
CH2CH2CHO             2      424.60      4.82      0.00      0.00      1.00
CH3CHCO               2      443.20      4.12      0.00      0.00      1.00
CH3COCH2              2      435.50      4.86      0.00      0.00      1.00
CH2CHOCH2             2      411.00      4.82      0.00      0.00      1.00
CC3H6                 2      307.80      4.14      0.00      0.00      1.00
C3H5-T                2      316.00      4.22      0.00      0.00      1.00
C3H5-S                2      316.00      4.22      0.00      0.00      1.00
C3H4-P                1      324.80      4.29      0.00      0.00      1.00
SC3H5OO               2      481.50      5.00      1.70      0.00      1.00
CH3CCHO               2      313.37      5.35      0.00      0.00      0.00
CH2CHOCHO             2      322.94      5.25      0.00      0.00      0.00
CH3COCHO              2      301.66      5.31      0.00      0.00      1.00
TC3H5OO               2      481.50      5.00      1.70      0.00      1.00
CH2CCO                2      419.56      4.56      0.00      0.00      1.00
CH2COCH2              2      334.60      5.64      0.00      0.00      0.00
CH3COCH               2      320.44      5.36      0.00      0.00      0.00
CH2CHOCO              2      395.00      4.04      1.30      0.00      1.00
CH2CHCHOH             2      414.80      4.80      0.00      0.00      1.00
AC4H7OOH              2      330.44      5.74      0.00      0.00      1.00
C3H5OH                2      481.50      5.00      1.70      0.00      1.00
IC3H5OH               2      459.50      5.04      1.70      0.00      1.00
C3H6OH1-2             2      487.90      4.82      0.00      0.00      1.00
C3H6OH2-1             2      487.90      4.82      0.00      0.00      1.00
C3H4O1-2              2      428.80      4.96      2.90      0.00      1.00
PC3H4OH-2             2      300.78      5.38      0.00      0.00      1.00
CH2CCH2OH             2      481.50      5.00      1.70      0.00      1.00
C3H5O31               2      973.95      6.53      0.00      0.00      0.00
HOCH2CO               2      436.00      3.97      0.00      0.00      2.00
C3H5O32               2      973.95      6.53      0.00      0.00      0.00
SC3H4OH               2      298.89      5.34      0.00      0.00      1.00
CH2COHCH2O            2      939.76      6.34      0.00      0.00      0.00
CH2COHCH2OOH          2      464.20      5.01      2.60      0.00      1.00
CH2COHCHO             2      301.66      5.31      0.00      0.00      1.00
SC2H2OH               2      436.00      3.97      0.00      0.00      2.00
CH2COOHCH2            2      481.50      5.00      1.70      0.00      1.00
CH2CCH2OOH            2      481.50      5.00      1.70      0.00      1.00
CH2CHCH2OO            2      481.50      5.00      1.70      0.00      1.00
CCY(CCOO)             2      416.40      4.70      0.00      0.00      1.00
CY(CCCOO)             2      431.40      4.60      0.00      0.00      1.00
CY(CCO)CO             2      454.00      4.70      0.00      0.00      1.00
CH2COOCH2OOH          2      435.20      4.66      2.70      0.00      1.00
CH2COOHCH2OO          2      435.20      4.66      2.70      0.00      1.00
CH2COOHCHO            2      481.50      5.00      1.70      0.00      1.00
CH2COCHO              2      435.20      4.66      2.70      0.00      1.00
CH2COOHCH2OOH         2      435.20      4.66      2.70      0.00      1.00
CH2COOHCHOH           2      973.95      6.53      0.00      0.00      0.00
C3H4O21-2             2      301.66      5.31      0.00      0.00      1.00
C2HCHO                2      343.03      4.88      0.00      0.00      1.00
C3H2                  2      209.00      4.10      0.00      0.00      1.00
CC3H4                 1      252.00      4.76      0.00      0.00      1.00
C4H4                  2      357.00      5.18      0.00      0.00      1.00
CH3CCO                2      749.60      5.14      0.00      0.00      0.00
C3H3O                 2      301.26      5.05      0.00      0.00      1.00
CH3COH                2      470.60      4.41      0.00      0.00      1.50
CH3C(OH)CH            2      417.30      4.80      0.00      0.00      1.00
PC3H4OH-1             2      411.00      4.82      0.00      0.00      1.00
C3H2C                 1      290.62      4.37      0.00      0.00      1.00
C4H3-N                2      357.00      5.18      0.00      0.00      1.00
C3H3O2H               2      301.66      5.31      0.00      0.00      1.00
C3H2(S)               2      209.00      4.10      0.00      0.00      1.00
H2CCC(S)              2      265.30      3.72      0.00      0.00      1.00
CH2OOHCHCO            2      464.20      5.01      2.60      0.00      1.00
CH2OCHCO              2      435.20      4.66      2.70      0.00      1.00
C3H6OH1-3             2      487.90      4.82      0.00      0.00      1.00
C3H6OH1-1             2      481.50      5.00      1.70      0.00      1.00
TQJC3H6OH             2      464.20      5.01      2.60      0.00      1.00
C3H6OH-1O2            2      505.70      5.10      0.00      0.00      1.00
C3H6OH-3O2            2      503.50      5.20      0.00      0.00      1.00
TQC3H6OI              2      464.20      5.01      2.60      0.00      1.00
QC3H5OHP              2      464.20      5.01      2.60      0.00      1.00
TQC3H5OHI             2      464.20      5.01      2.60      0.00      1.00
CY(COC)COH            2      481.50      5.00      1.70      0.00      1.00
CCY(COC)OH            2      481.50      5.00      1.70      0.00      1.00
QC3H5OHPO2            2     1145.37      7.65      0.00      0.00      0.00
C3H4OHOOH1-3-2        2      973.95      6.53      0.00      0.00      0.00
C3H4OH1KT2-3          2     1067.06      6.94      0.00      0.00      0.00
C3H6OH-3OOH-1         2      503.50      5.20      0.00      0.00      1.00
C3H6OH-3OOH-1O2       2      594.20      5.40      0.00      0.00      1.00
C3OHKET3-1            2      548.60      5.20      0.00      0.00      1.00
TC3H6OH               2      459.50      5.04      1.70      0.00      1.00
IQJC3H6OH             2      464.20      5.01      2.60      0.00      1.00
IQC3H5OHPJC           2      974.78      6.75      0.00      0.00      0.00
IQC3H6OT              2      464.20      5.01      2.60      0.00      1.00
IQC3H5OHPJ            2      464.20      5.01      2.60      0.00      1.00
C(OH)CY(COC)          2      887.74      6.28      0.00      0.00      0.00
CY(CCOC)OH            2      481.50      5.00      1.70      0.00      1.00
CHOCOHCH3             2      481.50      5.00      1.70      0.00      1.00
TQC3H5OHIO2           2      496.00      5.20      0.00      0.00      1.00
TQC3H5OHIQ-I          2      496.00      5.20      0.00      0.00      1.00
TQC3H5OHIQ-P          2      496.00      5.20      0.00      0.00      1.00
C2H3COHOOH            2      464.20      5.01      2.60      0.00      1.00
COHOOHCY(COC)         2      502.20      5.36      1.80      0.00      1.00
OHCY(COCC)OOH         2      502.20      5.36      1.80      0.00      1.00
TQC3H5OHTO2           2      496.00      5.20      0.00      0.00      1.00
OHCOCOOHCH3           2      502.20      5.36      1.80      0.00      1.00
IQC3H5OHPJO2          2      496.00      5.20      0.00      0.00      1.00
IQC3H5OTQ-I           2      496.00      5.20      0.00      0.00      1.00
IQC3H5OHQ-SJ          2      496.00      5.20      0.00      0.00      1.00
CHOCOHCH2OOH          2      502.20      5.36      1.80      0.00      1.00
CH3COCH2O2            2      502.12      5.43      0.00      0.00      0.00
CH2OHCHCHO            2      459.90      5.00      0.00      0.00      1.00
CH3COHCO              2      301.66      5.31      0.00      0.00      1.00
CH2OHCH(OO)CHO        2      548.60      5.20      0.00      0.00      1.00
CH2OHCH(OOH)CO        2      548.60      5.20      0.00      0.00      1.00
CH2OCH(OOH)CHO        2      548.60      5.20      0.00      0.00      1.00
HOCH2CHO              2      395.00      4.04      1.30      0.00      1.00
C3H4OH1-OO3           2      505.40      5.00      0.00      0.00      1.00
C2H3CHOHOJ            2      487.70      4.90      0.00      0.00      1.00
C2H3COOH              2      478.40      5.20      0.00      0.00      1.00
C2H5COCH2             2      454.00      5.41      3.30      0.00      1.00
NC4KET21              2      476.00      5.78      2.60      0.00      1.00
NC3H7COCH2            2      523.20      5.66      1.70      0.00      1.00
NC5KET21              2      494.80      6.17      1.80      0.00      1.00
NC3H7CO               2      464.20      5.01      2.60      0.00      1.00
C6Y2-1J               2      561.00      6.32      1.70      0.00      1.00
C6KET21               2      541.50      5.67      1.80      0.00      1.00
PC4H9CO               2      476.00      5.78      2.60      0.00      1.00
C2H5CO3               2      404.11      5.57      0.00      7.41      1.00
C2H5CO3H              2      406.41      5.59      0.00      7.58      1.00
CH3CH(OO)CHO          2      925.89      6.28      0.00      0.00      0.00
O2CH2CH2CHO           2      920.80      6.25      0.00      0.00      0.00
QCH3CHCO3H            2      902.59      6.08      0.00      0.00      0.00
QCH2CH2CO3H           2      902.59      6.08      0.00      0.00      0.00
QCH3CH(OOH)CO         2      925.89      6.28      0.00      0.00      0.00
QHO2CH2CHCHO          2      920.80      6.25      0.00      0.00      0.00
QHO2CH2CH2CO          2      920.80      6.25      0.00      0.00      0.00
CH3#CHCOO#            2      920.80      6.25      0.00      0.00      0.00
CCH2COOCH2#           2      920.80      6.25      0.00      0.00      0.00
CYC2H3OCHO            2      920.80      6.25      0.00      0.00      0.00
C3H6O3                2      500.00      6.09      2.18      0.24      1.00
C4H8OOH1-3            2      496.00      5.20      0.00      0.00      1.00
C4H8OOH2-4            2      496.00      5.20      0.00      0.00      1.00
C4H10                 2      350.90      5.21      0.00      0.00      1.00
PC4H9                 2      352.00      5.24      0.00      0.00      1.00
SC4H9                 2      352.00      5.24      0.00      0.00      1.00
C4H8OOH1-2            2      496.00      5.20      0.00      0.00      1.00
C4H8OOH1-2O2          2      496.00      5.20      0.00      0.00      1.00
C4H8OOH1-3O2          2      496.00      5.20      0.00      0.00      1.00
C4H8OOH1-4            2      496.00      5.20      0.00      0.00      1.00
C4H8OOH1-4O2          2      496.00      5.20      0.00      0.00      1.00
C4H8OOH2-1            2      496.00      5.20      0.00      0.00      1.00
C4H8OOH2-1O2          2      496.00      5.20      0.00      0.00      1.00
C4H8OOH2-3            2      496.00      5.20      0.00      0.00      1.00
C4H8OOH2-3O2          2      496.00      5.20      0.00      0.00      1.00
C4H8OOH2-4O2          2      496.00      5.20      0.00      0.00      1.00
PC4H9O2               2      496.00      5.20      0.00      0.00      1.00
PC4H9O2H              2      496.00      5.20      0.00      0.00      1.00
SC4H9O2               2      496.00      5.20      0.00      0.00      1.00
SC4H9O2H              2      496.00      5.20      0.00      0.00      1.00
IC4H9O2               2      502.25      5.43      0.00      0.00      0.00
IC4H9O2H              2      505.54      5.45      0.00      0.00      0.00
TC4H9O2               2      502.25      5.43      0.00      0.00      0.00
TC4H9O2H              2      505.54      5.45      0.00      0.00      0.00
C4H72-1OOH            2      496.00      5.20      0.00      0.00      1.00
C4H71-4OOH            2      496.00      5.20      0.00      0.00      1.00
C4H71-3OOH            2      496.00      5.20      0.00      0.00      1.00
NC4KET12              2      476.00      5.78      2.60      0.00      1.00
NC4KET13              2      476.00      5.78      2.60      0.00      1.00
NC4KET14              2      476.00      5.78      2.60      0.00      1.00
NC4KET23              2      476.00      5.78      2.60      0.00      1.00
NC4KET24              2      476.00      5.78      2.60      0.00      1.00
C4H71-3,4OOH          2      496.00      5.20      0.00      0.00      1.00
C4H72-3,4OOH          2      496.00      5.20      0.00      0.00      1.00
C4H71-2,4OOH          2      496.00      5.20      0.00      0.00      1.00
C4H72-1,3OOH          2      496.00      5.20      0.00      0.00      1.00
C4H72-1,4OOH          2      496.00      5.20      0.00      0.00      1.00
C4H71-2,3OOH          2      496.00      5.20      0.00      0.00      1.00
PC4H9O                2      496.00      5.20      0.00      0.00      1.00
SC4H9O                2      496.00      5.20      0.00      0.00      1.00
C4H7O1-3OOH-4         2      476.00      5.78      2.60      0.00      1.00
C4H7O1-4OOH-2         2      476.00      5.78      2.60      0.00      1.00
C4H7O2-3OOH-1         2      476.00      5.78      2.60      0.00      1.00
C4H7O1-3OOH-2         2      476.00      5.78      2.60      0.00      1.00
C4H7O1-2OOH-4         2      476.00      5.78      2.60      0.00      1.00
C4H7O1-2OOH-3         2      476.00      5.78      2.60      0.00      1.00
OCH2CHO               2      496.00      5.20      0.00      0.00      1.00
C4H8-1                2      355.00      4.65      0.00      0.00      1.00
C4H8-2                2      355.00      4.65      0.00      0.00      1.00
C4H71-3               2      357.10      4.72      0.00      0.00      1.00
C4H71-O               2      496.00      5.20      0.00      0.00      1.00
C4H8O1-2              2      496.00      5.20      0.00      0.00      1.00
C4H8O1-3              2      496.00      5.20      0.00      0.00      1.00
C4H8O1-4              2      496.00      5.20      0.00      0.00      1.00
C4H8O2-3              2      496.00      5.20      0.00      0.00      1.00
C2H5COCH3             2      454.00      5.41      3.30      0.00      1.00
CH2CH2COCH3           2      440.58      5.04      0.00      0.00      0.00
C4H7O12-4             2      496.00      5.20      0.00      0.00      1.00
C4H7O13-4             2      496.00      5.20      0.00      0.00      1.00
C4H7O23-1             2      496.00      5.20      0.00      0.00      1.00
IC4H8O2H-I            2      502.20      5.36      1.80      0.00      1.00
IC4H8OOH-IO2          2      600.08      6.01      0.00      0.00      0.00
IC4H8O2H-T            2      502.20      5.36      1.80      0.00      1.00
IC4H8OOH-TO2          2      600.08      6.01      0.00      0.00      0.00
TC4H8O2H-I            2      502.20      5.36      1.80      0.00      1.00
TC4H8OOH-IO2          2      600.08      6.01      0.00      0.00      0.00
IC4H9                 2      352.00      5.24      0.00      0.00      1.00
IC4H8                 2      344.50      5.09      0.50      0.00      1.00
TC4H9                 2      352.00      5.24      0.00      0.00      1.00
IC4H10                2      335.70      5.21      0.10      0.00      1.00
IC4KETII              2      549.65      5.72      0.00      0.00      0.00
IC4KETIT              2      549.65      5.72      0.00      0.00      0.00
IC4H7OOH              2      436.40      5.35      0.00      0.00      1.00
TIC4H7Q2-I            2      600.08      6.01      0.00      0.00      0.00
IIC4H7Q2-I            2      600.08      6.01      0.00      0.00      0.00
IIC4H7Q2-T            2      600.08      6.01      0.00      0.00      0.00
IC3H7CHO              2      436.40      5.35      0.00      0.00      1.00
ET12IC4-1OOH          2      973.20      6.86      0.00      0.00      0.00
TC4H9O                2      496.00      5.20      0.00      0.00      1.00
IC4H9O                2      496.00      5.20      0.00      0.00      1.00
IC4H7                 2      355.00      4.65      0.00      0.00      1.00
IC4H7O                2      496.00      5.20      0.00      0.00      1.00
CC4H8O                2      444.20      5.06      0.00      0.00      0.00
IC4H8O                2      436.40      5.35      0.00      0.00      1.00
TC3H6CHO              2      436.40      5.35      0.00      0.00      1.00
SC4H7OH-I             2      436.40      5.35      0.00      0.00      1.00
IC3H7CO               2      436.40      5.35      0.00      0.00      1.00
IC3H6CHO              2      436.40      5.35      0.00      0.00      1.00
IC3H5CHO              2      436.40      5.35      0.00      0.00      1.00
IC3H6CO               2      436.40      5.35      0.00      0.00      1.00
TC3H6OCHO             2      436.40      5.35      0.00      0.00      1.00
IC3H6OHCHO            2      436.40      5.35      0.00      0.00      1.00
IC3H5CO               2      436.40      5.35      0.00      0.00      1.00
IC3H4CHO-A            2      436.40      5.35      0.00      0.00      1.00
SC4H7OH-IP            2      855.20      6.03      0.00      0.00      0.00
SC4H7O-I              2      987.20      6.72      0.00      0.00      0.00
SC4H7OOH-I            2     1020.20      6.91      0.00      0.00      0.00
IC4H6OH               2      502.20      5.36      1.80      0.00      1.00
IC4H7-I1              2      380.02      4.63      0.00      0.00      0.00
IC4H7O2               2      436.40      5.35      0.00      0.00      1.00
IC4H7OH               2      502.20      5.36      1.80      0.00      1.00
IC4H7-I1OO            2      481.50      5.00      1.70      0.00      1.00
IC4H7O-1              2      736.30      5.44      0.00      0.00      0.00
IC4H6OOH-I            2      436.40      5.35      0.00      0.00      1.00
CCYCCOOC-T1           2      436.40      5.35      0.00      0.00      1.00
C2CYCOOC-I1           2      436.40      5.35      0.00      0.00      1.00
CVCYCCOC              2      436.40      5.35      0.00      0.00      1.00
CCYC2OCO              2      436.40      5.35      0.00      0.00      1.00
CCYCCOOC-I2           2      436.40      5.35      0.00      0.00      1.00
CHOIC3H6O             2      436.40      5.35      0.00      0.00      1.00
IC3H5OOCH2            2      436.40      5.35      0.00      0.00      1.00
IC4H8OH-IT            2      496.00      5.20      0.00      0.00      1.00
IC4H8OH-TI            2      496.00      5.20      0.00      0.00      1.00
OVCC(VC)COJ           2      921.70      6.18      0.00      0.00      0.00
OVCC(VC)COOH          2      955.20      6.37      0.00      0.00      0.00
IC4YAA                2      876.40      5.71      0.00      0.00      0.00
IC4YAA-R              2      876.40      5.71      0.00      0.00      0.00
IC4H6Q2-II            2      597.18      5.99      0.00      0.00      0.00
IC4QA-AOJ             2     1003.70      6.85      0.00      0.00      0.00
CVC(COOJ)COOH         2     1037.70      7.04      0.00      0.00      0.00
C4H71-4               2      357.10      4.72      0.00      0.00      1.00
C4H71-1               2      357.10      4.72      0.00      0.00      1.00
C4H71-2               2      357.10      4.72      0.00      0.00      1.00
C2H5CHCO              2      436.95      5.02      0.00      0.00      0.00
PC4H8OH-2             2      496.00      5.20      0.00      0.00      1.00
SC4H8OH-1             2      496.00      5.20      0.00      0.00      1.00
C4H71-3O2             2      436.40      5.35      0.00      0.00      1.00
C4H72-1O2             2      436.40      5.35      0.00      0.00      1.00
C4H6                  2      357.00      4.72      0.00      0.00      1.00
C4H612                2      357.00      5.18      0.00      0.00      1.00
C4H6-1                2      357.00      4.72      0.00      0.00      1.00
C4H71-1O2             2      436.40      5.35      0.00      0.00      1.00
C2H5CCHO              2      442.80      5.20      0.00      0.00      1.00
C3H6CHO-1             2      464.20      5.01      2.60      0.00      1.00
SC3H5CHO              2      464.20      5.01      2.60      0.00      1.00
C2H5COCHO             2      461.30      5.30      0.00      0.00      1.00
C4H71-2O2             2      436.40      5.35      0.00      0.00      1.00
C2H5COCH              2      435.30      5.20      0.00      0.00      1.00
C2H4COCH2             2      435.30      5.20      0.00      0.00      1.00
C4H72-2               2      357.10      4.72      0.00      0.00      1.00
C4H7O2-1              2      436.40      5.35      0.00      0.00      1.00
C2H3COCH3             2      454.00      5.41      3.30      0.00      1.00
C4H71-4O2             2      436.40      5.35      0.00      0.00      1.00
C4H7O1-4              2      476.00      5.78      2.60      0.00      1.00
C4H61-3OOH4           2      436.40      5.35      0.00      0.00      1.00
C4H72OO1-3            2      444.50      5.00      0.00      0.00      1.00
C4H71OO2-3            2      430.10      5.10      0.00      0.00      1.00
C4H7O1-2O-3           2      474.30      5.10      0.00      0.00      1.00
C4H7O2-3O-1           2      467.20      5.10      0.00      0.00      1.00
C4H72OO1-4            2      459.30      5.00      0.00      0.00      1.00
C4H71OO2-4            2      444.50      5.00      0.00      0.00      1.00
C4H7O1-2O-4           2      471.40      5.10      0.00      0.00      1.00
AC3H5OCH2             2      523.20      5.66      1.70      0.00      1.00
SC3H5OCH2-1           2      496.00      5.20      0.00      0.00      1.00
C3H6CHO-2             2      464.20      5.01      2.60      0.00      1.00
C4H5-3                2      357.00      5.18      0.00      0.00      1.00
C4H5-4                2      357.00      5.18      0.00      0.00      1.00
C4H6-2                2      357.00      5.18      0.00      0.00      1.00
C2H5CCO               2      458.70      5.00      0.00      0.00      1.00
CH3C3H2O              2      454.10      5.00      0.00      0.00      1.00
SC3H5CO               2      464.20      5.01      2.60      0.00      1.00
C2H5CCHOH             2      442.80      5.20      0.00      0.00      1.00
C2H5COHCH             2      435.30      5.20      0.00      0.00      1.00
C4H5-I                2      357.00      5.18      0.00      0.00      1.00
C4H5-N                2      357.00      5.18      0.00      0.00      1.00
C4H5-2                2      357.00      5.18      0.00      0.00      1.00
BUTA123TRIENE         2      357.00      5.18      0.00      0.00      1.00
IC5T1                 2      352.83      5.14      0.00      9.23      1.00
C5H82-3               2      352.83      5.14      0.00      9.23      1.00
C2HCOCH3              2      418.40      4.90      0.00      0.00      1.00
C4H612OOH             2      471.80      5.10      0.00      0.00      1.00
C4H5O1-4              2      434.00      5.00      0.00      0.00      1.00
C4H5-4O2              2      452.10      5.20      0.00      0.00      1.00
C2H5COH               2      414.70      4.90      0.00      0.00      1.00
C4H4O                 1      357.00      5.18      0.00      0.00      1.00
CH3CHCCO              2      445.20      4.80      0.00      0.00      1.00
C4H63,1-1OH           2      496.00      5.20      0.00      0.00      1.00
C4H5-4O2H             2      452.10      5.20      0.00      0.00      1.00
C4H6OHOOH1-1-3        2      531.90      5.40      0.00      0.00      1.00
CH3CHOCHCHOH          2      514.30      5.20      0.00      0.00      1.00
CH3COCHCHOH           2      495.00      5.20      0.00      0.00      1.00
C4H63,1-3OH           2      496.00      5.20      0.00      0.00      1.00
C4H6OHOOH2-2-4        2      531.70      5.40      0.00      0.00      1.00
CH3COHCHCH2O          2      514.20      5.30      0.00      0.00      1.00
CH2COHCHCHO           2      489.70      5.30      0.00      0.00      1.00
C4H72-2OH             2      436.40      5.35      0.00      0.00      1.00
C4H72-2O2             2      436.40      5.35      0.00      0.00      1.00
CH3CHCOCH3            2      440.58      5.04      0.00      0.00      0.00
CH3COCOCH3            2      469.90      5.20      0.00      0.00      1.00
CH3CCOCH3             2      445.20      5.20      0.00      0.00      1.00
SC4H8OH-3             2      496.00      5.20      0.00      0.00      1.00
NC4H9OH               2      432.90      5.30      0.00      0.00      1.00
PC4H8OH-1             2      496.00      5.20      0.00      0.00      1.00
PC4H8OH-3             2      496.00      5.20      0.00      0.00      1.00
PC4H8OH-4             2      496.00      5.20      0.00      0.00      1.00
C4H71-1OH             2      436.40      5.35      0.00      0.00      1.00
NC3H7CHO              2      464.20      5.01      2.60      0.00      1.00
C4H72-1OH             2      436.40      5.35      0.00      0.00      1.00
PC4H8OH-1O2           2      523.20      5.50      0.00      0.00      1.00
PC4H8OH-3O2           2      523.20      5.50      0.00      0.00      1.00
PC4H8OH-4O2           2      521.20      5.50      0.00      0.00      1.00
PC4H8OH-2O2           2      502.20      5.36      1.80      0.00      1.00
PC4H8OH-1O            2      505.40      5.40      0.00      0.00      1.00
PC4H8OH-2O            2      505.40      5.40      0.00      0.00      1.00
PC4H8OH-3O            2      505.40      5.40      0.00      0.00      1.00
PC4H8OH-4O            2      503.30      5.40      0.00      0.00      1.00
C4H7OH-1OOH-2         2      523.20      5.50      0.00      0.00      1.00
C4H7OH-1OOH-3         2      523.20      5.50      0.00      0.00      1.00
SQC4H8OP              2      502.20      5.36      1.80      0.00      1.00
SQC4H7OHP-1           2      502.20      5.36      1.80      0.00      1.00
SQC4H7OHP-3           2      502.20      5.36      1.80      0.00      1.00
SQC4H7OHP-4           2      502.20      5.36      1.80      0.00      1.00
C4H7OH-3OOH-1         2      523.20      5.50      0.00      0.00      1.00
C4H7OH-3OOH-4         2      523.20      5.50      0.00      0.00      1.00
C4H7OH-3OOH-2         2      523.20      5.50      0.00      0.00      1.00
C4H7OH-4OOH-3         2      521.20      5.50      0.00      0.00      1.00
C4H7OH-4OOH-2         2      521.20      5.50      0.00      0.00      1.00
C4H7OH-4OOH-1         2      521.20      5.50      0.00      0.00      1.00
C4H71-4OH             2      436.40      5.35      0.00      0.00      1.00
PC4H8OH-2O2H          2      523.20      5.50      0.00      0.00      1.00
PC4H8OH-4O2H          2      521.20      5.50      0.00      0.00      1.00
PQC4H7OHS-2           2      502.20      5.36      1.80      0.00      1.00
C4H71-2OH             2      436.40      5.35      0.00      0.00      1.00
PQC4H7OHS-3           2      502.20      5.36      1.80      0.00      1.00
C4H7OH1O1-2           2      436.40      5.35      0.00      0.00      1.00
C4H7OHCYO1-3          2      476.30      5.10      0.00      0.00      1.00
C4H7OH1O2-3           2      436.40      5.35      0.00      0.00      1.00
C4H7OHCYO3-4          2      471.40      5.10      0.00      0.00      1.00
C4H7OHCYO1-4          2      489.60      5.00      0.00      0.00      1.00
CY(CCCO)COH           2      436.40      5.35      0.00      0.00      1.00
C4H7OH2O1-2           2      436.40      5.35      0.00      0.00      1.00
CCY(COCC)OH           2      436.40      5.35      0.00      0.00      1.00
PQC4H7OHS-4           2      502.20      5.36      1.80      0.00      1.00
C4H7OH2O1-4           2      436.40      5.35      0.00      0.00      1.00
CCY(COC)OHC           2      436.40      5.35      0.00      0.00      1.00
SQC4H7OHP-3O2         2      523.20      5.66      1.70      0.00      1.00
SQC4H7OHP-4O2         2      523.20      5.66      1.70      0.00      1.00
PQC4H7OHS-3O2         2      523.20      5.66      1.70      0.00      1.00
PQC4H7OHS-4O2         2      523.20      5.66      1.70      0.00      1.00
C4H7OH-1OOH-2O2       2      613.80      5.60      0.00      0.00      1.00
C4H7OH-1OOH-3O2       2      613.80      5.60      0.00      0.00      1.00
C4H7OH-2OOH-1O2       2      613.80      5.60      0.00      0.00      1.00
C4H7OH-3OOH-1O2       2      613.80      5.60      0.00      0.00      1.00
C4H7OH-4OOH-2O2       2      612.60      5.70      0.00      0.00      1.00
NC4KET12OH-1          2      583.70      5.80      0.00      0.00      1.00
NC4KET13OH-1          2      583.70      5.80      0.00      0.00      1.00
NC4KET21OH-1          2      572.90      5.50      0.00      0.00      1.00
NC4KET31OH-1          2      572.90      5.50      0.00      0.00      1.00
NC4KET42OH-1          2      565.90      5.60      0.00      0.00      1.00
C4H6OHOOH1-4-3        2      476.00      5.78      2.60      0.00      1.00
C4H6OHOOH2-2-1        2      476.00      5.78      2.60      0.00      1.00
C4H6OHOOH1-3-4        2      476.00      5.78      2.60      0.00      1.00
C4H6OH1KET2-3         2      597.18      5.99      0.00      0.00      0.00
NC4KET24OH-1          2      597.18      5.99      0.00      0.00      0.00
NC4KET13OH-2          2      597.18      5.99      0.00      0.00      0.00
C4H6OH2KET1-4         2      597.18      5.99      0.00      0.00      0.00
HOCHCHO               2      436.00      3.97      0.00      0.00      2.00
C4H7O2-1,3OOH         2      523.20      5.66      1.70      0.00      1.00
C4H63,1-2OH           2      496.00      5.20      0.00      0.00      1.00
C4H6OHOOH1-2-3        2      476.00      5.78      2.60      0.00      1.00
C4H61-2OH-3O2         2      524.80      5.40      0.00      0.00      1.00
C4H61OOH3-2O          2      524.80      5.40      0.00      0.00      1.00
C4H64,2-1OH           2      496.00      5.20      0.00      0.00      1.00
C4H5OH-13             2      436.40      5.35      0.00      0.00      1.00
AC3H5CHO              2      464.20      5.01      2.60      0.00      1.00
CH2CHCHCHO            1      357.00      5.18      0.00      0.00      1.00
CH2OHCHCHCHOH         2      512.00      5.30      0.00      0.00      1.00
CHOC3H4OH             2      496.00      5.20      0.00      0.00      1.00
C4H51,3OH2            2      457.51      5.17      0.00      0.00      1.00
C2H3COCH2             2      355.35      5.16      0.00      7.78      1.00
NC4KET12OH            2      436.40      5.35      0.00      0.00      1.00
C2H5CHOHCO            2      436.40      5.35      0.00      0.00      1.00
NC4KET21OH            2      436.40      5.35      0.00      0.00      1.00
C2H4COCH2OH           2      436.40      5.35      0.00      0.00      1.00
C5H9OH1-4,3           2      523.20      5.66      1.70      0.00      1.00
NC4KET24OH-3          2      597.18      5.99      0.00      0.00      0.00
CH3COCHOH             2      447.64      5.09      0.00      0.00      0.00
SC4H8OH-1O2           2      502.20      5.36      1.80      0.00      1.00
PQC4H8OS              2      502.20      5.36      1.80      0.00      1.00
SQC4H7OHS-4O2         2      523.20      5.66      1.70      0.00      1.00
SC4H8OH-2             2      496.00      5.20      0.00      0.00      1.00
SC4H8OH-3O2           2      502.20      5.36      1.80      0.00      1.00
SQC4H8OS              2      502.20      5.36      1.80      0.00      1.00
SQC4H7OHS-4           2      502.20      5.36      1.80      0.00      1.00
SQC4H7OHS-3           2      502.20      5.36      1.80      0.00      1.00
C4H71-3OH             2      436.40      5.35      0.00      0.00      1.00
NC4KET23OH            2      436.40      5.35      0.00      0.00      1.00
C4H61-3OH-3O          2      507.70      5.20      0.00      0.00      1.00
CH3COCOHCH3           2      436.40      5.35      0.00      0.00      1.00
CH2COHCO              2      435.20      4.66      2.70      0.00      1.00
TQJC4H8OH             2      502.20      5.36      1.80      0.00      1.00
IQJC4H8OH             2      502.20      5.36      1.80      0.00      1.00
TQC4H8OI              2      502.20      5.36      1.80      0.00      1.00
QC4H7OHP              2      502.20      5.36      1.80      0.00      1.00
TQC4H7OHI             2      502.20      5.36      1.80      0.00      1.00
IQC4H8OT              2      502.20      5.36      1.80      0.00      1.00
IQC4H7OHT             2      502.20      5.36      1.80      0.00      1.00
CCY(CCO)COH           2      436.40      5.35      0.00      0.00      1.00
C2CY(COC)OH           2      436.40      5.35      0.00      0.00      1.00
CCY(CCOC)OH           2      436.40      5.35      0.00      0.00      1.00
TQC4H7OHIO2           2      523.20      5.66      1.70      0.00      1.00
IQC4H7OHTO2           2      523.20      5.66      1.70      0.00      1.00
TQC4H7OHTO2           2      523.20      5.66      1.70      0.00      1.00
HOCOCQ(CH3)2          2      597.18      5.99      0.00      0.00      0.00
CHOC(CH3)OHCH2Q       2      597.18      5.99      0.00      0.00      0.00
TQC4H7OHIQ-I          2      523.20      5.66      1.70      0.00      1.00
TQC4H7OHIQ-P          2      523.20      5.66      1.70      0.00      1.00
IQC4H7OHTQ-P          2      523.20      5.66      1.70      0.00      1.00
IQC4H8OTQ-I           2      523.20      5.66      1.70      0.00      1.00
IC3H5COHQ             2      476.00      5.78      2.60      0.00      1.00
CH2CQCOHQ             2      496.00      5.20      0.00      0.00      1.00
COHQCYC(COC)          2      597.18      5.99      0.00      0.00      0.00
QCYC(CCOC)OH          2      597.18      5.99      0.00      0.00      0.00
CO(CH2OOH)2           2      496.00      5.20      0.00      0.00      1.00
TC3H6O2HCO            2      436.40      5.35      0.00      0.00      1.00
AC5H10                2      386.60      5.53      0.50      0.00      1.00
H15DE25DM             2      464.80      5.29      0.00     10.32      0.00
H15DE25DM-S           2      395.00      4.04      1.30      0.00      1.00
H15DE25DM-A           2      395.00      4.04      1.30      0.00      1.00
B13DE2M               2      408.00      5.20      0.00      0.00      1.00
AC5H9-D               2      396.80      5.46      0.00      0.00      1.00
H15DE25DM-AO          2      496.00      5.20      0.00      0.00      1.00
H15DE25DM-SO          2      496.00      5.20      0.00      0.00      1.00
H15DE2M-T             2      450.00      5.50      0.00      0.00      1.00
IC4H7CHO              2      476.00      5.78      2.60      0.00      1.00
IC4H7CO               2      826.30      5.80      0.00      0.00      0.00
IC4H7CHO-A            2      826.30      5.80      0.00      0.00      0.00
IC4H8OH               2      496.00      5.20      0.00      0.00      1.00
C5H8-2                2      352.83      5.14      0.00      9.23      1.00
B12DE3M               2      408.00      5.20      0.00      0.00      1.00
C6H6                  2      468.50      5.23      0.00     10.30      1.00
C6H9-A                2      346.88      5.56      0.00      0.00      1.00
C6H8                  2      438.85      5.61      0.00      0.00      1.00
CYHEXEN-4J            2      385.48      5.42      0.00     10.91      1.00
CYPENTN-4MJ           2      534.27      5.14      0.00      0.00      1.00
CYPENTN-4M4J          2      446.71      5.92      0.00      0.00      1.00
CYPENTN-4M3J          2      458.25      5.67      0.00      0.00      1.00
C5H6                  1      408.00      5.20      0.00      0.00      1.00
CYC6H7                2      380.60      5.38      0.00     10.57      1.00
C6H7-2                2      380.60      5.38      0.00     10.57      1.00
C4H64,1-1OH           2      432.90      5.20      0.00      0.00      1.00
C2H3CHOHCH2           2      436.40      5.35      0.00      0.00      1.00
CH2CYC3H4OH           2      445.10      5.00      0.00      0.00      1.00
C5H9OH1-2             2      523.20      5.66      1.70      0.00      1.00
CC5H9OH-A             2      453.20      5.50      0.00      0.00      1.00
CC5H8OHA-B            2      453.20      5.50      0.00      0.00      1.00
CC5H8OHA-BO           2      524.90      5.60      0.00      0.00      1.00
C4H64,1OH-2O2         2      522.80      5.40      0.00      0.00      1.00
C2H3CHOHCH2OO         2      436.40      5.35      0.00      0.00      1.00
C4H64,OOH2-1O         2      522.80      5.40      0.00      0.00      1.00
C4H54,1OHQ2-1         2      522.80      5.40      0.00      0.00      1.00
C4H6OH1-3OO2-4        2      511.10      5.20      0.00      0.00      1.00
C4H6OH1-4OO2-3        2      497.90      5.20      0.00      0.00      1.00
C4H5OH1O1-2           2      467.60      5.00      0.00      0.00      1.00
C2H3COCHOH            2      485.20      5.20      0.00      0.00      1.00
C2H3COCHO             2      461.90      5.20      0.00      0.00      1.00
C4H54,1OHQ2-1O2       2      612.80      5.50      0.00      0.00      1.00
C2H3COCHOHOOH         2      572.50      5.40      0.00      0.00      1.00
C4H61KET43            2      543.61      5.52      0.00      0.00      1.00
C4H6OH1O3-4O-2        2      541.70      5.20      0.00      0.00      1.00
C4H6OH1O2-3O-4        2      535.40      5.30      0.00      0.00      1.00
CVOCVCCOOH            2      477.80      5.39      0.00      0.00      1.00
OVCCVCCOJ             2      394.85      7.97      0.00      8.35      1.00
OVCCVCCVO             2      392.47      5.47      0.00      8.18      1.00
OVCCVCCJVO            2      390.08      5.46      0.00      8.01      1.00
CJVCCVO               2      443.20      4.12      0.00      0.00      1.00
C4H6O1-3OOH4          2      436.40      5.35      0.00      0.00      1.00
C4H51OH3Q4-3          2      522.80      5.40      0.00      0.00      1.00
C4H61KET34            2      502.70      5.30      0.00      0.00      1.00
C4H6OH3-2OO1-4        2      520.40      5.10      0.00      0.00      1.00
C4H6OH3-1OO2-4        2      507.00      5.20      0.00      0.00      1.00
C4H6OH3O1-2O-4        2      541.70      5.20      0.00      0.00      1.00
C3H4CH2OH-3O          2      436.40      5.35      0.00      0.00      1.00
C3H4CH2OH-1OOH        2      476.00      5.78      2.60      0.00      1.00
C3H4CH2OH-1O          2      436.40      5.35      0.00      0.00      1.00
C2H3COCH2OH           2      496.00      5.20      0.00      0.00      1.00
C2H3CHOHCO            2      394.85      7.97      0.00      8.35      1.00
CHCHCH2OH             2      414.80      4.80      0.00      0.00      1.00
CHOOCHCH2OH           2      512.30      5.00      0.00      0.00      1.00
C4H61OOH3-4           2      436.40      5.35      0.00      0.00      1.00
C2H3CHOCH2            1      357.00      5.18      0.00      0.00      1.00
C4H61-3,4OOH          2      540.50      5.50      0.00      0.00      1.00
C4H61-OOH3-OO4        2      564.66      5.47      0.00      0.00      1.00
C4H61-2OOH34          2      556.60      5.65      0.00      0.00      1.00
C4H61-OOH34-OO2       2      646.67      5.57      0.00      0.00      1.00
C4H412-OOH34          2      471.59      5.43      0.00      0.00      1.00
C3H3CHO-OOH23         2      513.73      6.14      0.00      0.00      1.00
C4H4O-OOH24           2      560.95      5.49      0.00      0.00      1.00
C4H61OOH4-3O2         2      564.66      5.47      0.00      0.00      1.00
C4H61KET43O           2      394.85      7.97      0.00      8.35      1.00
C4H512-OO4            2      496.00      5.20      0.00      0.00      1.00
C4H513-OO2            2      496.00      5.20      0.00      0.00      1.00
CYCCCOO-3J            2      496.00      5.20      0.00      0.00      1.00
CH2CYCOO-CH2          2      496.00      5.20      0.00      0.00      1.00
CYCOOC-CH2            2      496.00      5.20      0.00      0.00      1.00
C2H3COOCH2            2      496.00      5.20      0.00      0.00      1.00
CH2CHCHCHCCH          2      468.50      5.23      0.00     10.30      1.00
C4H5-2C2H             2      468.50      5.23      0.00     10.30      1.00
C4H2                  1      357.00      4.72      0.00      0.00      1.00
C4H6O25               1      357.00      5.18      0.00      0.00      1.00
C4H6O23               1      357.00      5.18      0.00      0.00      1.00
AC3H5CO               2      355.35      5.16      0.00      7.78      1.00
CC3H5                 2      362.50      4.40      0.00      0.00      1.00
CVCCVCCVO             2      387.79      5.44      0.00      9.46      1.00
CH2CCOCH3             2      446.60      5.00      0.00      0.00      1.00
SC4H6OH-2             2      445.20      5.20      0.00      0.00      1.00
C4H3-I                2      357.00      5.18      0.00      0.00      1.00
CH3COHOJCOCH3         2      557.90      5.40      0.00      0.00      1.00
CH2CCO2HCH3           2      464.50      5.20      0.00      0.00      1.00
CH3CHOOCOCH3          2      546.56      5.70      0.00      0.00      0.00
H2C4O                 2      357.00      5.18      0.00      0.00      1.00
C3H6CHO-3             2      464.20      5.01      2.60      0.00      1.00
C3H6CHO-1O2           2      436.40      5.35      0.00      0.00      1.00
C3H6CHO-2O2           2      436.40      5.35      0.00      0.00      1.00
C3H6CHO-3O2           2      436.40      5.35      0.00      0.00      1.00
C3H6COQ1              2      436.40      5.35      0.00      0.00      1.00
C3H5CHOQ1-3           2      436.40      5.35      0.00      0.00      1.00
C3H6COQ2              2      436.40      5.35      0.00      0.00      1.00
C3H5CHOQ2-1           2      436.40      5.35      0.00      0.00      1.00
C3H6COQ3              2      436.40      5.35      0.00      0.00      1.00
C3H5CHOQ3-1           2      436.40      5.35      0.00      0.00      1.00
C3H5CHOQ3-2           2      436.40      5.35      0.00      0.00      1.00
CYC3H5OCHO            2      458.29      5.22      0.00      0.00      1.00
CH3CYC2H2OCHO         2      458.29      5.22      0.00      0.00      1.00
CYC2H3OCH2CHO         2      458.29      5.22      0.00      0.00      1.00
C3H5CHOQ1-3O2         2      640.26      5.49      0.00      0.00      1.00
C3H5CHOQ2-1O2         2      640.26      5.49      0.00      0.00      1.00
C3H5CHOQ3-1O2         2      640.26      5.49      0.00      0.00      1.00
C2H4COCHOQ3           2      518.39      6.26      0.00      0.00      1.00
CH3COCHCHOQ1          2      518.39      6.26      0.00      0.00      1.00
CHOCH2CHCHOQ1         2      518.39      6.26      0.00      0.00      1.00
CH3CHOOHCHCO          2      432.99      5.80      0.00      9.09      1.00
CH3CHOCHCO            2      921.70      6.18      0.00      0.00      0.00
OVCCVCVO              2      357.85      5.19      0.00      6.33      1.00
FURAN                 2      428.20      4.70      0.00      0.00      1.00
CH2CHOOHCOCH3         2      546.56      5.70      0.00      0.00      0.00
C8H141-5,3-4          2      464.80      5.29      0.00     10.32      0.00
C8H131-5,3-4,TA       2      395.00      4.04      1.30      0.00      1.00
I3C6D25               2      387.89      5.44      0.00     11.08      1.00
C8H131-5,3-4,TAO      2      581.30      6.51      2.00      0.00      1.00
C8H141-5,3            2      464.80      5.29      0.00     10.32      0.00
C8H131-5,3,TA         2      395.00      4.04      1.30      0.00      1.00
C8H131-5,3,SA         2      395.00      4.04      1.30      0.00      1.00
C8H131-5,3,PA         2      395.00      4.04      1.30      0.00      1.00
C6H10D24              2      337.79      5.61      0.00      0.00      1.00
C8H131-5,3,TAO        2      581.30      6.51      2.00      0.00      1.00
C8H131-5,3,SAO        2      581.30      6.51      2.00      0.00      1.00
C8H131-5,3,PAO        2      581.30      6.51      2.00      0.00      1.00
C7H111-5,3,6P         2      450.00      5.50      0.00      0.00      1.00
CC5H9-A               2      396.80      5.46      0.00      0.00      1.00
C8H142-6              2      464.80      5.29      0.00     10.32      0.00
C8H132-6,SA           2      395.00      4.04      1.30      0.00      1.00
C8H132-6,PA           2      395.00      4.04      1.30      0.00      1.00
C5H81-3               2      408.00      5.20      0.00      0.00      1.00
C8H132-6,SAO          2      581.30      6.51      2.00      0.00      1.00
C8H132-6,PAO          2      581.30      6.51      2.00      0.00      1.00
C7H111-5,1P           2      450.00      5.50      0.00      0.00      1.00
C5H92-5               2      396.80      5.46      0.00      0.00      1.00
FULVENE               2      468.50      5.23      0.00      0.00      1.00
C5H5                  1      408.00      5.20      0.00      0.00      1.00
C5H5CH3               2      424.38      5.89      0.00      0.00      0.00
C6H5O                 2      450.00      5.50      0.00      0.00      1.00
C6H5OH                2      450.00      5.50      0.00      0.00      1.00
C6H5                  2      412.30      5.35      0.00      0.00      1.00
CYC5H71-3             2      408.00      5.20      0.00      0.00      1.00
P-C6H4O2              2      450.00      5.50      0.00      0.00      1.00
C-C6H4                2      464.80      5.29      0.00     10.32      0.00
NAPH                  2      630.40      6.18      0.00     16.50      1.00
NAPH-A                2      630.40      6.18      0.00     16.50      1.00
NAPH-B                2      630.40      6.18      0.00     16.50      1.00
C6H5C2H               2      433.09      5.80      0.00     13.42      1.00
L-C6H4                2      412.30      5.35      0.00      0.00      1.00
C6H2                  1      408.00      5.20      0.00      0.00      1.00
C6H3                  2      357.00      5.18      0.00      0.00      1.00
C6H5CHCH              2      546.20      6.00      0.00      0.00      1.00
C6H4C2H3              2      435.23      5.82      0.00     13.59      1.00
C6H4C2H               2      430.92      5.78      0.00     13.25      1.00
C7H5                  2      458.33      6.04      0.00      0.00      0.00
C6H4(C2H)2            2      523.73      6.63      0.00      0.00      0.00
MEINDR                2      373.15      5.78      0.00      0.00      1.00
MEINDENYL             2      373.15      5.78      0.00      0.00      1.00
C2HC6H4C2H3           2      373.15      5.78      0.00      0.00      1.00
C9H6CH2               2      630.40      6.18      0.00     16.50      1.00
C10H9                 2      373.15      5.78      0.00      0.00      1.00
MEINDRSR              2      373.15      5.78      0.00      0.00      1.00
A2C2HA-               2      587.98      7.32      0.00      0.00      0.00
A2C2HB-               2      587.98      7.32      0.00      0.00      0.00
C6H5CH2               2      495.30      5.68      0.00      0.00      1.00
FC10H10               2      630.40      6.18      0.00     16.50      1.00
C9H7                  2      630.40      6.18      0.00     16.50      1.00
MEINDENE              2      368.16      5.75      0.00      0.00      1.00
NAPHO-A               2      630.40      6.18      0.00     16.50      1.00
NAPHO-B               2      630.40      6.18      0.00     16.50      1.00
NAPHOH-A              2      630.40      6.18      0.00     16.50      1.00
NAPHOH-B              2      630.40      6.18      0.00     16.50      1.00
C9H6O                 2      587.93      6.98      0.00      0.00      0.00
IND                   2      630.40      6.18      0.00     16.50      1.00
C5H6-L                2      408.00      5.20      0.00      0.00      1.00
NC5D124-5R            2      344.81      5.07      0.00      8.72      1.00
CYC5H8                2      352.83      5.14      0.00      9.23      1.00
C5H5O                 2      450.00      5.50      0.00      0.00      1.00
C5H5OH                2      450.00      5.50      0.00      0.00      1.00
AC3H5CHCO             2      387.79      5.44      0.00      9.46      1.00
C5H4O                 2      450.00      5.50      0.00      0.00      1.00
C2H3CHCO              2      352.71      5.14      0.00      7.61      1.00
C5H4OH                2      450.00      5.50      0.00      0.00      1.00
C5H3O-3               2      380.49      5.38      0.00      8.95      1.00
C5H3O-3O              2      417.67      5.68      0.00      9.52      1.00
CYC5H71-4             2      350.18      5.12      0.00      9.06      1.00
CVCCJCVC              2      408.00      5.20      0.00      0.00      1.00
CVCCVCCOH             2      523.20      5.66      1.70      0.00      1.00
C6H4CH3               2      495.30      5.68      0.00      0.00      1.00
C6H5CH3               2      495.30      5.68      0.43     12.30      1.00
C6H4OH                2      464.80      5.29      0.00     10.32      0.00
C9H7O                 2      491.51      6.25      0.00     15.67      1.00
C6H5CO                2      622.40      5.53      0.00      0.00      1.00
C9H7C3H3              2      576.13      7.36      0.00     20.00      1.00
C9H6C3H3              2      576.76      7.36      0.00     20.00      1.00
A2HR5H                2      599.15      7.63      0.00     20.00      1.00
A2R5H                 2      599.15      7.63      0.00     20.00      1.00
C12H8                 2      689.80      6.50      0.00      0.00      1.00
C6H5C3H3              2      585.72      6.03      0.00     13.93      1.00
C6H5C3H2              2      582.80     10.31      0.00      0.00      1.00
C10H10                2      546.73      7.20      0.00      0.00      0.00
FLUORENE              2      624.43     10.31      0.00      0.00      0.00
PHNTHRN               2      574.03      6.84      0.00     23.16      1.00
C6H5CHO               2      622.40      5.53      0.00      0.00      1.00
C6H5C2H3              2      546.20      6.00      0.13     15.00      1.00
C7H6                  2      444.64      5.89      0.00      0.00      0.00
C9H7C2H               2      655.91     10.31      0.00      0.00      1.00
BIPHENYL              2      676.50      6.31      0.00      0.00      1.00
C12H9                 2      676.50      6.31      0.00     20.00      1.00
A2C2HA                2      587.98      7.32      0.00      0.00      0.00
A2C2HB                2      587.98      7.32      0.00      0.00      0.00
C18H14                2      744.60      9.22      0.00      0.00      1.00
C6H5C2H5              2      523.60      5.96      0.00      0.00      1.00
C6H5CHCH3             2      523.60      5.96      0.00      0.00      1.00
C6H5CH2CH2            2      485.00      5.42      0.40      0.00      1.00
C6H4C2H5              2      546.20      6.25      0.00      0.00      0.00
OC6H4CH3              2      621.10      5.64      0.00      0.00      1.00
HOC6H4CH3             2      621.10      5.64      0.00      0.00      1.00
HOC6H4CH2             2      621.10      5.64      0.00      0.00      1.00
C6H5CH2CH2OO          2      554.35      7.38      0.00      0.00      0.00
C6H5CCH2              2      546.20      6.00      0.00      0.00      1.00
YMN                   2      546.20      6.00      0.13     15.00      1.00
C5H4CHCHCH2           2      546.20      6.00      0.13     15.00      1.00
XYLENE                2      523.60      5.96      0.00      0.00      1.00
RXYLENE               2      523.60      5.96      0.00      0.00      1.00
C6H4CH3CHO            2      546.20      6.00      0.13     15.00      1.00
C10H7CH3-A            2      660.00      6.35      0.00      0.00      1.00
C10H7CH3-B            2      660.00      6.35      0.00      0.00      1.00
C6H4CHOCH2            2      546.20      6.00      0.13     15.00      1.00
C6H4CHOCHO            2      546.20      6.00      0.13     15.00      1.00
C10H7CH2-A            2      660.00      6.35      0.00      0.00      1.00
C10H7CH2-B            2      660.00      6.35      0.00      0.00      1.00
C10H6CH3-A            2      660.00      6.35      0.00      0.00      1.00
C10H6CH3-B            2      660.00      6.35      0.00      0.00      1.00
C10H7CH2O-A           2      693.10      6.47      0.00     18.00      1.00
C10H7CHO-A            2      663.45      6.36      0.00      0.00      1.00
C10H7CH2O-B           2      693.10      6.47      0.00     18.00      1.00
C10H7CHO-B            2      663.45      6.36      0.00      0.00      1.00
O-HOC6H4OH            2      449.88      5.93      0.00     11.54      1.00
O-OC6H4OH             2      447.80      5.92      0.00     11.37      1.00
C6H101-5              2      337.79      5.61      0.00      0.00      1.00
CYC6H12               2      468.50      5.23      0.00     10.30      1.00
CYC6H11               2      468.50      5.23      0.00     10.30      1.00
I24C7D13              2      420.10      5.70      0.00     12.93      1.00
C6H5CH2C6H5           2      557.50      6.73      0.00     21.99      1.00
O-OOC6H4OH            2      479.89      6.16      0.00     11.94      1.00
P-C6H3O2              2      450.00      5.50      0.00      0.00      1.00
C6H5OOH               2      464.80      5.29      0.00     10.32      0.00
C6H5OO                2      464.80      5.29      0.00     10.32      0.00
P-HOC6H4OH            2      449.88      5.93      0.00     11.54      1.00
P-OOC6H4OH            2      479.89      6.16      0.00     11.94      1.00
C6H5CH2OO             2      572.00      5.82      1.70      0.00      1.00
BZCOOH                2      572.00      5.82      1.70      0.00      1.00
C6H5CH2O              2      622.40      5.53      0.00      0.00      1.00
C6H5CH2OH             2      622.40      5.53      0.00      0.00      1.00
C5H3                  1      357.00      5.18      0.00      0.00      1.00
C9H6-C2H              2      682.47      6.46      0.00      0.00      1.00
RFLUORENE             2      624.43     10.31      0.00      0.00      0.00
C14H9                 2      772.00      6.96      0.00     38.80      1.00
C18H10                2      834.90      7.24      0.00     45.00      1.00
P-O2C6H4CH3           2      476.05      6.13      0.00     13.22      1.00
C14H14                2      783.80      6.64      0.00      0.00      1.00
C14H13                2      783.80      6.64      0.00      0.00      1.00
O-O2C6H4CH3           2      543.49      7.05      0.00      0.00      0.00
OC6H4CH2              2      510.84      6.26      0.00      0.00      0.00
C16H10                2      485.77      8.40      0.00      0.00      0.00
TETRALIN              2      630.40      6.18      0.00     16.50      1.00
RTETRALIN             2      630.40      6.18      0.00     16.50      1.00
BZFUR                 2      630.40      6.18      0.00     16.50      1.00
RTETRAOO              2      630.40      6.18      0.00     16.50      1.00
DIBZFUR               2      676.50      6.31      0.00      0.00      1.00
RDECALIN              2      630.40      6.18      0.00     16.50      1.00
DECALIN               2      630.40      6.18      0.00     16.50      1.00
ODECAL                2      630.40      6.18      0.00     16.50      1.00
RODECA                2      630.40      6.18      0.00     16.50      1.00
C10H16                2      630.40      6.18      0.00     16.50      1.00
C10H15                2      630.40      6.18      0.00     16.50      1.00
RMCYC6                2      495.30      5.68      0.43     12.30      1.00
MCYC6                 2      495.30      5.68      0.43     12.30      1.00
CYC6H10               2      468.50      5.23      0.00     10.30      1.00
CH3C10H6O-A           2      663.45      6.36      0.00      0.00      1.00
CH3C10H6O-B           2      663.45      6.36      0.00      0.00      1.00
C10H7CH2OOH-A         2      663.45      6.36      0.00      0.00      1.00
C10H7CH2OOH-B         2      663.45      6.36      0.00      0.00      1.00
C12H7                 2      693.10      6.47      0.00     18.00      1.00
C16H9                 2      834.90      7.24      0.00     45.00      1.00
C18H9                 2      834.90      7.24      0.00     45.00      1.00
CH3C10H6OH-A          2      663.45      6.36      0.00      0.00      1.00
CH3C10H6OH-B          2      663.45      6.36      0.00      0.00      1.00
BIN1A                 2      951.68      8.47      0.00      0.00      1.00
BIN1B                 2      951.68      8.47      0.00      0.00      1.00
NH3                   2      481.00      2.92      1.47      0.00     10.00
NH2                   2       80.00      2.65      0.00      2.26      4.00
NO2                   2      333.59      3.85      0.40      0.00      1.00
HONO                  2      350.00      3.95      1.64      0.00      1.00
HNO2                  2      350.00      3.95      1.64      0.00      1.00
NH                    1       80.00      2.65      0.00      0.00      4.00
N                     0       71.40      3.30      0.00      0.00      0.00
HNO                   2      170.00      3.43      1.62      0.00      1.00
NO                    1      139.32      3.34      0.20      1.76      4.00
H2NO                  2      116.70      3.49      0.00      0.00      1.00
HNOH                  2      116.70      3.49      0.00      0.00      1.00
NNH                   2       71.40      3.80      0.00      0.00      1.00
N2O                   1      232.40      3.83      0.00      0.00      1.00
N2H2                  2       71.40      3.80      0.00      0.00      1.00
H2NN                  2       71.40      3.80      0.00      0.00      1.00
N2H3                  2      200.00      3.90      0.00      0.00      1.00
N2H4                  2      205.00      4.23      0.00      4.26      1.50
NO3                   2      400.00      4.20      0.20      0.00      1.00
HON                   2      116.70      3.49      0.00      0.00      1.00
HONO2                 2      400.00      4.20      0.20      0.00      1.00
NH2OH                 2      116.70      3.49      0.00      0.00      1.00
H2NNO2                2      232.40      3.83      0.00      0.00      1.00
T-HNN(O)OH            2      232.40      3.83      0.00      0.00      1.00
C-HNN(O)OH            2      232.40      3.83      0.00      0.00      1.00
T-ONNH                2      232.40      3.83      0.00      0.00      1.00
C-ONNH                2      232.40      3.83      0.00      0.00      1.00
ONHN                  2      232.40      3.83      0.00      0.00      1.00
CN                    1       75.00      3.86      0.00      0.00      1.00
NCO                   1      232.40      3.83      0.00      0.00      1.00
HCN                   1      569.00      3.63      0.00      0.00      1.00
HNCO                  2      232.40      3.83      0.00      0.00      1.00
CH2NH                 2      417.00      3.69      1.70      0.00      2.00
H2CN                  1      569.00      3.63      0.00      0.00      1.00
CH3NO                 2      436.00      3.97      0.00      0.00      2.00
CH2CN                 2      422.22      5.33      3.50      0.00      1.00
HOCN                  2      232.40      3.83      0.00      0.00      1.00
CH3CN                 2      422.22      5.33      3.50      0.00      1.00
HCNO                  2      232.40      3.83      0.00      0.00      1.00
CH2NH2                2      481.80      3.63      0.00      0.00      1.00
NCN                   1      422.22      5.33      2.00      0.00      1.00
HNCN                  1      422.22      5.33      2.00      0.00      1.00
CH2NO                 2      232.40      3.83      0.00      0.00      1.00
CH3NO2                2      232.40      3.83      0.00      0.00      1.00
CH2NO2                2      232.40      3.83      0.00      0.00      1.00
CH3ONO                2      232.40      3.83      0.00      0.00      1.00
CH3ONO2               2      459.50      5.04      1.70      0.00      1.00
HNC                   1      569.00      3.63      0.00      0.00      1.00
NCCN                  1      349.00      4.36      0.00      0.00      1.00
HNCNH                 1      422.22      5.33      2.00      0.00      1.00
NCNOH                 2      232.40      3.83      0.00      0.00      1.00
NCNO                  2      232.40      3.83      0.00      0.00      1.00
CH3NH2                2      481.80      3.63      0.00      0.00      1.00
CH3NH                 2      481.80      3.63      0.00      0.00      1.00
HCNH                  1      569.00      3.63      0.00      0.00      1.00
CH3CH2NH2             2      436.00      3.97      0.00      0.00      2.00
CH3CHNH2              2      436.00      3.97      0.00      0.00      2.00
CH2CH2NH2             2      436.00      3.97      0.00      0.00      2.00
CH3CH2NH              2      436.00      3.97      0.00      0.00      2.00
CH2CHNH2              2      303.40      4.81      0.00      0.00      1.00
CH3CHNH               2      303.40      4.81      0.00      0.00      1.00
H2NCHO                2      307.80      4.14      0.00      0.00      1.00
CHCHNH2               2      307.80      4.14      0.00      0.00      1.00
CH2CNH2               2      307.80      4.14      0.00      0.00      1.00
CH2CHNH               2      307.80      4.14      0.00      0.00      1.00
H2NCO                 2      307.80      4.14      0.00      0.00      1.00
CH3CNH                2      307.80      4.14      0.00      0.00      1.00
CH3CHN                2      307.80      4.14      0.00      0.00      1.00
CHCNH2                2      260.00      4.85      0.00      0.00      1.00
CH2CNH                2      260.00      4.85      0.00      0.00      1.00
CH2CHN                2      260.00      4.85      0.00      0.00      1.00
CH2CHN(S)             2      260.00      4.85      0.00      0.00      1.00
CHCNH                 1      252.00      4.76      0.00      0.00      1.00
C-C2H3N               2      260.00      4.85      0.00      0.00      1.00
CH2NCH2               2      307.80      4.14      0.00      0.00      1.00
CH3NHCH2              2      436.00      3.97      0.00      0.00      2.00
CH3NHCH3              2      436.00      3.97      0.00      0.00      2.00
CH3NCH3               2      436.00      3.97      0.00      0.00      2.00
CH3NCH2               2      303.40      4.81      0.00      0.00      1.00
CH3NCH                2      307.80      4.14      0.00      0.00      1.00
CH3CH2ONO2            2      496.00      5.20      0.00      0.00      1.00
C2H3NO2               2      532.20      5.30      0.00      0.00      1.00
C2H5NO2               2      503.07      5.34      1.67      8.88      1.00
CH3CH2ONO             2      503.07      5.34      1.67      8.88      1.00
CH2CH2NO2             2      503.07      5.34      1.67      8.88      1.00
CH3CHNO2              2      503.07      5.34      1.67      8.88      1.00
C2H5NO                1      252.00      4.76      0.00      0.00      1.00
CH3CHNO               1      252.00      4.76      0.00      0.00      1.00
CHCHNO                1      357.00      5.18      0.00      0.00      1.00
C2H4ONO               2      395.70      5.00      0.00      0.00      1.00
HOC2H4NO2             2      597.30      5.50      0.00      0.00      1.00
CH3CNO                2      376.50      4.80      0.00      0.00      1.00
CH2CHNO               2      357.00      5.18      0.00      0.00      1.00
NO2CH2CHO             2      573.90      5.50      0.00      0.00      1.00
NC3H7ONO              2      476.90      5.30      0.00      0.00      1.00
NC3H7NO2              2      548.20      5.70      0.00      0.00      1.00
NC3H7ONO2             2      415.60      5.30      0.00      0.00      1.00
HNO3                  2      300.00      3.50      0.00      0.00      1.00
IC3H7ONO2             2      418.00      5.20      0.00      0.00      1.00
IC3H7ONO              2      479.60      5.20      0.00      0.00      1.00
IC3H7NO2              2      550.90      5.70      0.00      0.00      1.00
C3H5NO2               2      548.40      5.60      0.00      0.00      1.00
CH3CNO2CH2            2      551.20      5.60      0.00      0.00      1.00
C3H5NO                2      461.60      5.00      0.00      0.00      1.00
NC5H12                2      391.70      5.59      0.00      0.00      1.00
C5H11-1               2      523.20      5.66      1.70      0.00      1.00
C5H11-2               2      523.20      5.66      1.70      0.00      1.00
C5H11-3               2      523.20      5.66      1.70      0.00      1.00
C5H11O2-1             2      523.20      5.66      1.70      0.00      1.00
C5H11O-1              2      523.20      5.66      1.70      0.00      1.00
C5H11O2-2             2      523.20      5.66      1.70      0.00      1.00
C5H11O-2              2      523.20      5.66      1.70      0.00      1.00
C5H11O2-3             2      523.20      5.66      1.70      0.00      1.00
C5H11O-3              2      523.20      5.66      1.70      0.00      1.00
PC4H9CHO              2      476.00      5.78      2.60      0.00      1.00
NC6H14                2      427.40      5.95      0.00      0.00      1.00
C6H13-1               2      489.22      5.35      0.00      0.00      0.00
C6H13-2               2      489.22      5.35      0.00      0.00      0.00
C6H13-3               2      489.22      5.35      0.00      0.00      0.00
C6H13O2-1             2      588.65      5.94      0.00      0.00      0.00
C6H13O-1              2      540.60      5.66      0.00      0.00      0.00
C6H13O2-2             2      588.65      5.94      0.00      0.00      0.00
C6H13O-2              2      540.60      5.66      0.00      0.00      0.00
C6H13O2-3             2      588.65      5.94      0.00      0.00      0.00
C6H13O-3              2      540.60      5.66      0.00      0.00      0.00
NC5H11CHO             2      498.60      6.01      2.00      0.00      1.00
NC7H16                2      459.60      6.25      0.00      0.00      1.00
C7H15-1               2      459.60      6.25      0.00      0.00      1.00
C7H15-2               2      459.60      6.25      0.00      0.00      1.00
C7H15-3               2      459.60      6.25      0.00      0.00      1.00
C7H15-4               2      459.60      6.25      0.00      0.00      1.00
C7H15-1O2             2      561.00      6.32      1.70      0.00      1.00
C7H15-1O              2      561.00      6.32      1.70      0.00      1.00
C7H15-2O2             2      561.00      6.32      1.70      0.00      1.00
C7H15-2O              2      561.00      6.32      1.70      0.00      1.00
C7H15-3O2             2      561.00      6.32      1.70      0.00      1.00
C7H15-3O              2      561.00      6.32      1.70      0.00      1.00
C7H15-4O2             2      561.00      6.32      1.70      0.00      1.00
C7H15-4O              2      561.00      6.32      1.70      0.00      1.00
!New species from Glarborg et al. 2025 https://doi.org/10.1016/j.combustflame.2024.113810 imported by Atmadeep!!
cHNNO              2   232.400     3.828     0.000     0.000     1.000 ! est as HNNO
tHNNO              2   232.400     3.828     0.000     0.000     1.000 ! est as HNNO
NHNO               2   232.400     3.828     0.000     0.000     1.000 ! est as HNNO
tHNN(O)OH          1   357.000     5.180     0.000     0.000     1.000 ! est as C5H2
cHNN(O)OH          1   357.000     5.180     0.000     0.000     1.000 ! est as C5H2
