C2H                1   209.000     4.100     0.000     0.000     2.500
CH3O               2   417.000     3.690     1.700     0.000     2.000
CH2CO              2   436.000     3.970     0.000     0.000     2.000
CH2CHO             2   436.000     3.970     0.000     0.000     2.000
CH3CHO             2   436.000     3.970     0.000     0.000     2.000
C6H5O              2   450.000     5.500     0.000     0.000     1.000
H2O2               2   107.400     3.458     0.000     0.000     3.800
HO2                2   107.400     3.458     0.000     0.000     1.000 ! *
A2                 2   630.4       6.18      0.00     16.50      1.000
A1C2H3             2   546.2       6.00      0.13     15.00      1.000
A1CHCH2CH3         2   523.600     5.960     0.000     0.000     1.000
SXC6H13            2   512.225     5.742     0.000     0.000     1.000
C6H5CO             2   593         5.5       2.8       0.0       1.0
C6H5CHO            2   622.400     5.530     0.000     0.000     1.000
PXC11H23           2   750.460     6.834     0.000     0.000     1.000  ! 
C10H20             2   698.122     6.578     0.000     0.000     1.000  !  1-decene
C8H16              2   608.488     6.100     0.000     0.000     1.000  !  1-octene
C7H14              2   557.947     5.876     0.000     0.000     1.000  !  1-heptene
T135MCHE           2   486.363 	   6.963     0         0         1.00 
T135MCH13E         2   533.628 	   6.659     0         0         1.00 
S6XT135MCH1E       2   1145.58     4.63584   0         0         1.00 
S7XC7H11-1-46M     2   1067.53     4.70571   0         0         1.00 
S5XC5H8-1-4M       2   909.716    4.13551    0         0         1.00
CH3CO              2   436.000     3.970     0.000     0.000     2.000
SXC12H25           2   789.980     7.047     0.000     0.000     1.000  !  
PXC8H17            2   613.127     6.250     0.000     0.000     1.000  !  
C6H12              2   504.629     5.628     0.000     0.000     1.000  !  1-hexene
C5H8-13            2   357.000     5.180     0.000     0.000     1.000
S4XC9H19           2   660.032     6.467     0.000     0.000     1.000  !  
N2                 1    97.530     3.621     0.000     1.760     4.000
H2                 1    38.000     2.920     0.000     0.790     280.000                                                                                                                          
H                  0   145.000     2.050     0.000     0.000     0.000                                                                                                                          
O                  0    80.000     2.750     0.000     0.000     0.000          
N                  0    71.400     3.298     0.000     0.000     0.000
NO                 1    97.530     3.621     0.000     1.760     4.000
O2                 1   107.400     3.458     0.000     1.600     3.800
H2O                2   572.400     2.605     1.844     0.000     4.000          
OH                 1    80.000     2.750     0.000     0.000     0.000
CO                 1    98.100     3.650     0.000     1.950     1.800          
CO2                1   244.000     3.763     0.000     2.650     2.100          
CH3                1   144.000     3.800     0.000     0.000     0.000          
CH4                2   141.400     3.746     0.000     2.600     13.000          
C2H6               2   252.300     4.302     0.000     0.000     1.500          
N2O                1   232.400     3.828     0.000     0.000     1.000 
CH2                1   144.000     3.800     0.000     0.000     0.000  
CH2*               1   144.000     3.800     0.000     0.000     0.000                                                                                                                                      
HCO                2   498.000     3.590     0.000     0.000     0.000 
CH2O               2   498.000     3.590     0.000     0.000     2.000                                                                                                                                                                                                                                                 
C2H2               1   209.000     4.100     0.000     0.000     2.500          
H2CC               2   209.000     4.100     0.000     0.000     2.500                                                                                                                    
C2H3               2   209.000     4.100     0.000     0.000     1.000      
C2H4               2   280.800     3.971     0.000     0.000     1.500          
C2H5               2   252.300     4.302     0.000     0.000     1.500          
HCCO               2   150.000     2.500     0.000     0.000     1.000                                                                                                                          
C3H3               2   252.000     4.760     0.000     0.000     1.000   
aC3H5              2   266.800     4.982     0.000     0.000     1.000                                                                                                                   
pC3H4              1   324.800     4.290     0.000     0.000     1.000
CH3CCH2            2   266.800     4.982     0.000     0.000     1.000                                                                                                                 
CH3CHCH            2   266.800     4.982     0.000     0.000     1.000
C3H6               2   266.800     4.982     0.000     0.000     1.000
nC3H7              2   266.800     4.982     0.000     0.000     1.000                                                                                                                  
C4H2               1   357.000     4.720     0.000     0.000     1.000
iC4H3              2   357.000     5.180     0.000     0.000     1.000
C4H4               2   357.000     5.180     0.000     0.000     1.000   
C4H6               2   357.000     4.720     0.000     0.000     1.000 
SAXC4H7            2   357.000     5.176     0.000     0.000     1.000
C4H81              2   357.000     5.176     0.000     0.000     1.000
pC4H9              2   357.000     5.176     0.000     0.000     1.000                                                                                                                   
C5H5               1   357.000     5.180     0.000     0.000     1.000                                                                                                                              
C5H6               1   357.000     5.180     0.000     0.000     1.000                                                                                                                              
C5H10              2   448.508     5.342     0.000     0.000     1.000
C6H5               2   464.8       5.29      0.00      10.32     0.000                                                                                                                      
C6H6               2   464.8       5.29      0.00      10.32     0.000                                                                                                                      
C6H5CH2            2   495.3       5.68      0.43      12.30     1.000                                                                                                                 
C6H5CH3            2   495.3       5.68      0.43      12.30     1.000                                                                                                                  
C6H5C2H3           2   546.2       6.00      0.13      15.00     1.000                                                                                                                 
NC12H26            2   789.980     7.047     0.000     0.000     1.000                                                                                                                  
S2XC12H25          2   789.980     7.047     0.000     0.000     1.000  !  
S3XC12H25          2   789.980     7.047     0.000     0.000     1.000  !  
S4XC12H25          2   789.980     7.047     0.000     0.000     1.000  !  
S5XC12H25          2   789.980     7.047     0.000     0.000     1.000  !
PXC9H19            2   660.032     6.467     0.000     0.000     1.000    
SXC9H19            2   660.032     6.467     0.000     0.000     1.000                                                                                                                     
PXC6H13            2   512.225     5.742     0.000     0.000     1.000
PXC7H15            2   564.030     6.004     0.000     0.000     1.000    
SXC7H15            2   564.030     6.004     0.000     0.000     1.000                                                                                                                     
PXC5H11            2   458.182     5.445     0.000     0.000     1.000                                                                                                                     
C9H18              2   655.390     6.331     0.000     0.000     1.000 
S2XC6H13           2   512.225     5.742     0.000     0.000     1.000  !
S2XC9H19           2   660.032     6.467     0.000     0.000     1.000    
S3XC9H19           2   660.032     6.467     0.000     0.000     1.000                                                                                                                    
S2XC7H15           2   564.030     6.004     0.000     0.000     1.000                                                                                                                    
A1C3H7             2   546.200     6.000     0.130     15.000    1.000                                                                                                                  
A1CH2CH2CH2        2   523.600     5.960     0.000     0.000     1.000                                                                                                            
A1CH2CHCH2         2   523.600     5.960     0.000     0.000     1.000                                                                                                              
A1CHCHCH2          2   523.600     5.960     0.000     0.000     1.000                                                                                                               
A1CH2CH2           2   546.2       6.00      0.13      15.00     1.000                                                                                                                
A1C2H5             2   485         5.425     0.4       0.0       1.00  
T135MCH            2   1113.88     4.72190   0         0         1.00                                                                                                                      
PXCH2D35MCH        2   1113.88     4.72190   0         0         1.00                                                                                                               
TXT135MCH          2   1113.88     4.72190   0         0         1.00      
CH3SXD35MCH        2   1113.88     4.72190   0         0         1.00                                                                                                                   
D35MCHE            2   1084.26     4.42713   0         0         1.00                                                                                                                                                                                                                                   
C6H7-13-5M         2   1055.10     4.12567   0         0         1.00      
S4XD35MCH1E        2   1084.26     4.42713   0         0         1.00                                                                                                      
S6XMCH13E          2   475.7       5.916     0         0.0       1.00                                                                                                  
S6XC7H11-1-24M     2   1046.83     4.69200   0         0         1.00                                                                                                         
S7XC7H11-2-46M     2   1104.75     4.73308   0         0         1.00                                                                                                        
S4XC5H8-1-2M       2   888.478     4.12000   0         0         1.00                                                                                                         
S5XC5H8-2-4M       2   947.570     4.16679   0         0         1.00                                                                                                                                                                                                                          
NH                 1    80.000     2.650     0.000     0.000     4.000
NH2                2    80.000     2.650     0.000     2.260     4.000
D13MBJ             2   1084.26     4.42713   0         0         1.00                                                                                                        
D13MBOJ            2   1285.21     4.62884   0         0         1.00   !                                                                                                     
D13MBOH            2   1285.21     4.62884   0         0         1.00   !  

AR                 0   136.500     3.330     0.000     0.000     0.000          
C                  0    71.400     3.298     0.000     0.000     0.000
C(S)               0    71.400     3.298     0.000     0.000     0.000     
CH                 1    80.000     2.750     0.000     0.000     0.000          
CH*                1    80.000     2.750     0.000     0.000     0.000
CH2                1   144.000     3.800     0.000     0.000     0.000          
CH2*               1   144.000     3.800     0.000     0.000     0.000          
CH3                1   144.000     3.800     0.000     0.000     0.000          
CH4                2   141.400     3.746     0.000     2.600    13.000          
CO                 1    98.100     3.650     0.000     1.950     1.800          
CO2                1   244.000     3.763     0.000     2.650     2.100          
HCO                2   498.000     3.590     0.000     0.000     0.000          
CH2O               2   498.000     3.590     0.000     0.000     2.000          
CH2OH              2   417.000     3.690     1.700     0.000     2.000          
CH3O               2   417.000     3.690     1.700     0.000     2.000          
CH3OH              2   481.800     3.626     0.000     0.000     1.000    
NE                 0   136.500     3.330     0.000     0.000     0.000   
Kr                 0   136.500     3.330     0.000     0.000     0.000                                                                               
C2                 1    97.530     3.621     0.000     1.760     4.000          
C2O                1   232.400     3.828     0.000     0.000     1.000     
C2H                1   209.000     4.100     0.000     0.000     2.500          
C2H2               1   209.000     4.100     0.000     0.000     2.500          
H2CC               2   209.000     4.100     0.000     0.000     2.500
C2H3               2   209.000     4.100     0.000     0.000     1.000     
C2H4               2   280.800     3.971     0.000     0.000     1.500   
C2H5               2   252.300     4.302     0.000     0.000     1.500          
C2H6               2   252.300     4.302     0.000     0.000     1.500          
HCCO               2   150.000     2.500     0.000     0.000     1.000     
HCCOH              2   436.000     3.970     0.000     0.000     2.000          
CH2CO              2   436.000     3.970     0.000     0.000     2.000          
CH2CHO             2   436.000     3.970     0.000     0.000     2.000          
C2H2OH             2   224.700     4.162     0.000     0.000     1.000                                                                                      
C3H2               2   209.000     4.100     0.000     0.000     1.000
C3H2O              2   252.000     4.760     0.000     0.000     1.000      
C3H3               2   252.000     4.760     0.000     0.000     1.000   
aC3H4              1   252.000     4.760     0.000     0.000     1.000          
pC3H4              1   252.000     4.760     0.000     0.000     1.000          
cC3H4              1   252.000     4.760     0.000     0.000     1.000
CH2OCH2            1   252.000     4.760     0.000     0.000     1.000
CH2OCH             1   252.000     4.760     0.000     0.000     1.000
CH3CH2CHO          1   252.000     4.760     0.000     0.000     1.000
CH3COHCH2          1   252.000     4.760     0.000     0.000     1.000                                                                                
C4H                1   357.000     5.180     0.000     0.000     1.000          
C4H2               1   357.000     5.180     0.000     0.000     1.000          
H2C4O              2   357.000     5.180     0.000     0.000     1.000   
C4H2OH             2   224.700     4.162     0.000     0.000     1.000   
iC4H3              2   357.000     5.180     0.000     0.000     1.000   
nC4H3              2   357.000     5.180     0.000     0.000     1.000   
C4H4               2   357.000     5.180     0.000     0.000     1.000   
iC4H5              2   357.000     5.180     0.000     0.000     1.000   
nC4H5              2   357.000     5.180     0.000     0.000     1.000   
C4H5-2             2   357.000     5.180     0.000     0.000     1.000
C4H6               2   357.000     5.180     0.000     0.000     1.000
C4H6-1             2   357.000     5.180     0.000     0.000     1.000         
C4H6-2             2   357.000     5.180     0.000     0.000     1.000
C4H612             2   357.000     5.180     0.000     0.000     1.000 
CH3CHOCH2          2   357.000     5.180     0.000     0.000     1.000                                                                                
C5H2               1   357.000     5.180     0.000     0.000     1.000          
C5H3               1   357.000     5.180     0.000     0.000     1.000          
C5H5               2   408.000     5.200     0.000     0.000     1.000 ! =c5h6, mc 06/2005
C5H6               2   408.000     5.200     0.000     0.000     1.000 ! 1,3-cyclopentadiene, calculated using pc,tc from s&p, mc 06/2005
C5H5CH3            2   408.000     5.200     0.000     0.000     1.000 ! =c5h6, mc 06/2005
C5H52              1   357.000     5.180     0.000     0.000     1.000                  
lC5H7              1   357.000     5.180     0.000     0.000     1.000
C4H6O25            1   357.000     5.180     0.000     0.000     1.000
C4H6O23            1   357.000     5.180     0.000     0.000     1.000
C4H4O              1   357.000     5.180     0.000     0.000     1.000
CH2CHCO            1   357.000     5.180     0.000     0.000     1.000
CH2CHCHCHO         1   357.000     5.180     0.000     0.000     1.000
CH3CHCHCO          1   357.000     5.180     0.000     0.000     1.000
C2H3CHOCH2         1   357.000     5.180     0.000     0.000     1.000
CH3CHCHCHO         1   357.000     5.180     0.000     0.000     1.000                                                                                
C6H                1   357.000     5.180     0.000     0.000     1.000          
C6H2               1   357.000     5.180     0.000     0.000     1.000 
C6H3               2   357.000     5.180     0.000     0.000     1.000 
l-C6H4             2   412.300     5.349     0.000     0.000     1.000 
nC6H5              2   412.300     5.349     0.000     0.000     1.000 
i-C6H5             2   412.300     5.349     0.000     0.000     1.000 
l-C6H6             2   412.300     5.349     0.000     0.000     1.000 
n-C6H7             2   412.300     5.349     0.000     0.000     1.000 
i-C6H7             2   412.300     5.349     0.000     0.000     1.000                                                                                 
HE                 0    10.200     2.576     0.000     0.000     0.000 
H                  0   145.000     2.050     0.000     0.000     0.000 
H2                 1    38.000     2.920     0.000     0.790   280.000 
H2O                2   572.400     2.605     1.844     0.000     4.000 
H2O2               2   107.400     3.458     0.000     0.000     3.800 
HO2                2   107.400     3.458     0.000     0.000     1.000 
N2                 1    97.530     3.621     0.000     1.760     4.000 
O                  0    80.000     2.750     0.000     0.000     0.000          
O2                 1   107.400     3.458     0.000     1.600     3.800          
OH                 1    80.000     2.750     0.000     0.000     0.000
OHV                 1    80.000     2.750     0.000     0.000     0.000
C6H8               2   412.300     5.349     0.000     0.000     1.000  !(JAM)  
A1O                2   464.8       5.29      0.00     10.32      0.000  !  benze
A1OH               2   464.8       5.29      0.00     10.32      0.000  !  benze
A1                 2   464.8       5.29      0.00     10.32      0.000  !  benze
A1-                2   464.8       5.29      0.00     10.32      0.000  !  benze
n-C6H5             2   412.300     5.349     0.000     0.000     1.000  !(JAM) 
fulvene            2   464.8       5.29      0.00     10.32      0.000  !  benze
o-C6H4             2   464.8       5.29      0.00     10.32      0.000  !  benze
A1CO               2   593         5.5       2.8       0.0       1.0
C6H4O2             2   485         5.425     0.4       0.0       1.0
C5H5O24            2   494         5.2       1.6       0.0       1.0
C5H5O13            2   494         5.2       1.6       0.0       1.0
cC5H4              1   357.000     5.180     0.000     0.000     1.000
C5H4               1   357.000     5.180     0.000     0.000     1.000
lC5H5              1   357.000     5.180     0.000     0.000     1.000  !=C5H5       
cC6H7              2   464.8       5.29      0.00     10.32      0.000  !  benze
lC6H7              2   412.300     5.349     0.000     0.000     1.000  !(JAM) 
A1O2               2   464.8       5.29      0.00     10.32      0.000  !  benze
P-C6H4O2           2   450.000     5.500     0.000     0.000     1.000
P-C6H3O2           2   450.000     5.500     0.000     0.000     1.000
O-C6H4O2           2   450.000     5.500     0.000     0.000     1.000
O-C6H3O2-1         2   450.000     5.500     0.000     0.000     1.000
O-C6H3O2-2         2   450.000     5.500     0.000     0.000     1.000
P-OC6H5OJ          2   450.000     5.500     0.000     0.000     1.000
O-OC6H5OJ          2   450.000     5.500     0.000     0.000     1.000
A1CH3              2   495.3       5.68      0.43     12.30      1.000  !
C6H4C2H4           2   546.2       6.00      0.13     15.00      1.000  !=A1C2H3
A1cC2H4            2   546.2       6.00      0.13     15.00      1.000  !=A1C2H3
p-C8H10            2   546.2       6.00      0.13     15.00      1.000  !=A1C2H3
p-C8H9             2   546.2       6.00      0.13     15.00      1.000  !=A1C2H3
p-C8H8             2   546.2       6.00      0.13     15.00      1.000  !=A1C2H3
o-C8H10            2   546.2       6.00      0.13     15.00      1.000  !=A1C2H3
o-C8H9             2   546.2       6.00      0.13     15.00      1.000  !=A1C2H3
o-C8H8             2   546.2       6.00      0.13     15.00      1.000  !=A1C2H3
m-C8H10            2   546.2       6.00      0.13     15.00      1.000  !=A1C2H3
m-C8H9             2   546.2       6.00      0.13     15.00      1.000  !=A1C2H3
m-C8H8             2   546.2       6.00      0.13     15.00      1.000  !=A1C2H3
m-C8H8*            2   546.2       6.00      0.13     15.00      1.000  !=A1C2H3
A1C2H3             2   546.2       6.00      0.13     15.00      1.000  !
A1C2H5             2   546.2       6.00      0.13     15.00      1.000  !=A1C2H3
A1CHCH3            2   546.2       6.00      0.13     15.00      1.000  !=A1C2H3
A1CH2CH2           2   546.2       6.00      0.13     15.00      1.000  !=A1C2H3
C6H4C2H5           2   546.2       6.00      0.13     15.00      1.000  !=A1C2H3
A1CH2              2   495.3       5.68      0.43     12.30      1.000  !
A1CH2O             2   495.3       5.68      0.43     12.30      1.000
C5H5CHCH           2   495.3       5.68      0.43     12.30      1.000  !=A1CH2
C7H6               2   495.3       5.68      0.43     12.30      1.000  !=A1CH2 
eC7H6              2   495.3       5.68      0.43     12.30      1.000  !=A1CH2 
C7H7               2   357.000     5.176     0.000     0.000     1.000  !
cC7H7              2   357.000     5.176     0.000     0.000     1.000  !
C5H5C2H            2   495.3       5.68      0.43     12.30      1.000  !=A1CH2
C7H5               2   495.3       5.68      0.43     12.30      1.000  !=A1CH2
A1C2H              2   535.6       5.72      0.77     12.00      1.000  !
A1CHC              2   535.6       5.72      0.77     12.00      1.000  !=A1C2H
A1cC2H2            2   535.6       5.72      0.77     12.00      1.000  !=A1C2H
C6H3C2H            2   535.6       5.72      0.77     12.00      1.000  !=A1C2H
A2                 2   630.4       6.18      0.00     16.50      1.000  !
c-C6H7             2   464.8       5.29      0.00     10.32      0.000  !benze
C5H5-C5H5          2   630.4       6.18      0.00     16.50      1.000  !
C5H5-C5H4          2   630.4       6.18      0.00     16.50      1.000  !
C5H4O              2   511.398     5.357     0.000     0.000     1.000  ! cyclopentadiene-1-one, calculated using pc,tc from nist database, mc 06/2005
C5H3O              2   511.398     5.357     0.000     0.000     1.000  ! =c5h4o, mc 06/2005
C5H5O              2   511.398     5.357     0.000     0.000     1.000  ! =c5h4o, mc 06/2005
C5H4OH             2   464.8       5.29      0.00     10.32      0.000  !  benze
o-C7H8             2   495.3       5.68      0.43     12.30      1.000  !  benze
p-C7H8             2   495.3       5.68      0.43     12.30      1.000  !  benze
A1CHO              2   622.400     5.530     0.000     0.000     1.000  ! nmm from dryer
C6H4O2             2   485         5.425     0.4       0.0       1.0
HOC6H4CH3          2   567         5.60      1.6       0.0       1.0
A1CH2OH            2   572         5.82      1.7       0.0       1.0
C5H5OH             2   464.800     5.290     0.000    10.320     0.000  !  as C5H4OH, ZD99
C6H5C6H5           2   676.5       6.31      0.00     20.00      1.000  !  biphe
OC6H4CH3           2   567         5.6       1.6       0.0       1.000
PC6H4CH3           2   567         5.6       1.6       0.0       1.000
OC6H4CH2           2   567         5.6       1.6       0.0       1.000
HOC6H4CH2          2   567         5.60      1.6       0.0       1.0
C4H5               2   329         5.1       0.0       0.0       1.0
c-C4H5             2   329         5.1       0.0       0.0       1.0
bi-A1CH2           2   620         7.24      0.0       0.0       1.0
C6H4CH3            2   495.3       5.68      0.43     12.30      1.000  ! 
A1CH2OO            2   572         5.82      1.7       0.0       1.0
A1CH2OOH           2   572         5.82      1.7       0.0       1.0
!=======================================taken from ABF========================================================
C8H8O              2   586.0       6.09      0.00     16.00      1.000  ! EST           
C8H7O              2   586.0       6.09      0.00     16.00      1.000  ! EST          
C8H7O-1            2   586.0       6.09      0.00     16.00      1.000  ! EST           
C8H6O              2   586.0       6.09      0.00     16.00      1.000  ! EST              
A1CC               2   535.6       5.72      0.77     12.00      1.000  !
A1C2H-             2   535.6       5.72      0.77     12.00      1.000  !  
C6H4C2H3           2   546.2       6.00      0.13     15.00      1.000  !            2-vinylphenyl radical
n-A1C2H2           2   546.2       6.00      0.13     15.00      1.000  !  
A1CCH2             2   546.2       6.00      0.13     15.00      1.000  !  
C8H2               2   546.2       6.00      0.13     15.00      1.000  !=A1C2H3
C8H                2   546.2       6.00      0.13     15.00      1.000  !=A1C2H3
C9H7               2   586.0       6.09      0.00     16.00      1.000  ! EST        indenyl radical
C9H8               2   586.0       6.09      0.00     16.00      1.000  ! EST        indene
CH3A1C2H3          2   586.0       6.09      0.00     16.00      1.000  ! EST        o-methylstyrene
A1CHCHCH3          2   586.0       6.09      0.00     16.00      1.000  ! EST        
A1C3H2             2   586.0       6.09      0.00     16.00      1.000  ! =C9H8
OC6H4C2H5          2   586.0       6.09      0.00     16.00      1.000  ! =C9H8
CH2A1C2H3          2   588.677     6.039     0.000     0.000     1.000  !=indanyl    2-methylenestyrene radical
C9H9-1             2   588.677     6.039     0.000     0.000     1.000  !CNRS 2000   indanyl radical
C9H10              2   591.609     6.056     0.000     0.000     1.000  !CNRS 2000   indane
naphthyne          2   630.4       6.18      0.00     16.50      1.000  !            1,2-dihydronaphthalene
C9H6CH2            2   630.4       6.18      0.00     16.50      1.000  !=A2         1-methyleneindene 
A2-                2   630.4       6.18      0.00     16.50      1.000  !            naphthalyl radicals
C2H2A1C2H3         2   622.957     6.238     0.000     0.000     1.000  !=H2A2-1     2-styrenylvinyl radical
C6H4C4H5           2   622.957     6.238     0.000     0.000     1.000  !=H2A2-1     1,3-butadienyl-2-phenyl radical
H2A2-1             2   622.957     6.238     0.000     0.000     1.000  !CNRS 2000   1-dialyl radical
H2A2-2             2   622.957     6.238     0.000     0.000     1.000  !CNRS 2000   2-dialyl radical
C9H7CH2            2   622.957     6.238     0.000     0.000     1.000  !=H2A2-1     1-methyleneindanyl radical
H2A2               2   625.772     6.254     0.000     0.000     1.000  !CNRS 2000   1,2-dialin
H2A223             2   625.772     6.254     0.000     0.000     1.000  !=H2A2       2,3-dialin
C9H7CH3            2   625.772     6.254     0.000     0.000     1.000  !CNRS 2000   2-methylindene
A1(C2H3)2          2   625.772     6.254     0.000     0.000     1.000  !=H2A2       o-divinylbenzene
C2H4A1C2H3         2   628.578     6.270     0.000     0.000     1.000  !=H4A2-1     2-ethylstyrene radical
C9H8CH3            2   628.578     6.270     0.000     0.000     1.000  !=H4A2-1     2-methylindenyl radical
CH2A1C3H5          2   628.578     6.270     0.000     0.000     1.000  !=H4A2-1     2-prop-2-enylbenzyl radical
H4A2-1             2   628.578     6.270     0.000     0.000     1.000  !CNRS 2000   1-tetralyl radical
H4A2-2             2   628.578     6.270     0.000     0.000     1.000  !CNRS 2000   2-tetralyl radical
H4A2               2   631.374     6.286     0.000     0.000     1.000  !CNRS 2000   tetralin
CH3A1C3H5          2   631.374     6.286     0.000     0.000     1.000  !=H4A2       2-methyl-prop-2-enylbenzene
A1C4H4             2   631.374     6.286     0.000     0.000     1.000  !=H4A2
A2-1               2   630.4       6.18      0.00     16.50      1.000  !            1-naphthalyl radical  
A2-2               2   630.4       6.18      0.00     16.50      1.000  !            2-naphthalyl radical  
C2H2A1C2H          2   630.4       6.18      0.00     16.50      1.000  !  
A1(C2H)2           2   630.4       6.18      0.00     16.50      1.000  !            diethynylbenzene
C10H               2   630.4       6.18      0.00     16.50      1.000  !=A2
C10H2              2   630.4       6.18      0.00     16.50      1.000  !=A2
C11H8              2   653.1       6.27      0.00     17.00      1.000  !EST
C11H7              2   653.1       6.27      0.00     17.00      1.000  !EST
A2R5               2   693.1       6.47      0.00     18.00      1.000  !  acena
HA2R5              2   693.1       6.47      0.00     18.00      1.000  !  acena
BIPHEN             2   693.1       6.47      0.00     18.00      1.000  !
BIPHENH            2   693.1       6.47      0.00     18.00      1.000  !
A2R5-              2   693.1       6.47      0.00     18.00      1.000  !  
A2C2H              2   693.1       6.47      0.00     18.00      1.000  !  
A2C2H2             2   693.1       6.47      0.00     18.00      1.000  !
A2C2H*             2   693.1       6.47      0.00     18.00      1.000  ! 
A2C2HA             2   693.1       6.47      0.00     18.00      1.000  ! 
A2C2HA*            2   693.1       6.47      0.00     18.00      1.000  !
A2C2HB             2   693.1       6.47      0.00     18.00      1.000  ! 
A2C2HB*            2   693.1       6.47      0.00     18.00      1.000  !  
C13H9CH2           2   523.4       6.568     0.000     0.000     1.000  ! " MIT
C13H8CH2           2   523.4       6.568     0.000     0.000     1.000  ! " MIT
C13H9              2   523.4       6.568     0.000     0.000     1.000  ! " MIT
p-C13H9            2   523.4       6.568     0.000     0.000     1.000  ! =C13H9
C13H10             2   523.4       6.568     0.000     0.000     1.000  ! " MIT
p-C13H10           2   523.4       6.568     0.000     0.000     1.000  ! =C13H10
C13H11             2   523.4       6.568     0.000     0.000     1.000  ! " MIT
C13H12             2   523.4       6.568     0.000     0.000     1.000  ! " MIT
A3                 2   772.0       6.96      0.00     38.80      1.000  !  phenanthrene
A3L                2   772.0       6.96      0.00     38.80      1.000  !
A3-1               2   772.0       6.96      0.00     38.80      1.000  !
A3-4               2   772.0       6.96      0.00     38.80      1.000  !
A2(C2H)2           2   772.0       6.96      0.00     38.80      1.000 !
C14H14             2   783.800     6.640     0.000     0.000     1.000 ! LNLL
C14H13             2   783.800     6.640     0.000     0.000     1.000 ! LNLL =c14h14
C14H12             2   772.0       6.960     0.000     0.000     1.000 ! LNLL
C14H11             2   772.0       6.960     0.000     0.000     1.000 ! LNLL
C14H10             2   772.0       6.960     0.000     0.000     1.000 ! LNLL
A2R5R5             2   772.0       6.96      0.00     38.80      1.000  !=A3
A4-4               2   834.9       7.24      0.00     45.00      1.000  ! pyrene                 
A4-2               2   834.9       7.24      0.00     45.00      1.000  ! pyrene  
A4-1               2   834.9       7.24      0.00     45.00      1.000  ! pyrene  
A4                 2   834.9       7.24      0.00     45.00      1.000  ! pyrene
A4L                2   834.9       7.24      0.00     45.00      1.000  !
CHRYSEN            2   834.9       7.24      0.00     45.00      1.000  ! pyrene
CHRYSEN-1          2   834.9       7.24      0.00     45.00      1.000  ! pyrene
CHRYSEN-4          2   834.9       7.24      0.00     45.00      1.000  ! pyrene
CHRYSEN-5          2   834.9       7.24      0.00     45.00      1.000  ! pyrene
A4-                2   834.9       7.24      0.00     45.00      1.000  ! 
A3C2H              2   834.9       7.24      0.00     45.00      1.000  !
A3C2H-1            2   834.9       7.24      0.00     45.00      1.000  !
A3C2H-2            2   834.9       7.24      0.00     45.00      1.000  !
A3CH2R             2   834.9       7.24      0.00     45.00      1.000  !=A4
A3C2H2             2   834.9       7.24      0.00     45.00      1.000  !
C5H4CH3            2   395.000     6.000     0.000     0.000     1.000  !=C6H8(JAM) 
C5H5CH2-1          2   395.000     6.000     0.000     0.000     1.000
C5H5CH2-2          2   395.000     6.000     0.000     0.000     1.000
C5H5CH2-3          2   395.000     6.000     0.000     0.000     1.000
P2                 2   676.5       6.31      0.00     20.00      1.000  !  biphe
P2-H               2   676.5       6.31      0.00     20.00      1.000  !
P2-                2   676.5       6.31      0.00     20.00      1.000  !
C12H9              2   676.5       6.31      0.00     20.00      1.000  !
C9H6O              2   630.400     6.180     0.000     0.000     1.000
A1OCH3             2   450.000     5.754     0.000     0.000     1.000 ! C7H8O
A1OA1              2   450.000     6.477     0.000     0.000     1.000 !C12H10, HR
C6H4OH             2   450.000     5.500     0.000     0.000     1.000 ! CP=c6h5o!
OC6H4O2            2   450.000     5.500     0.000     0.000     1.000 ! HR
OC6H4OH            2   450.000     5.500     0.000     0.000     1.000
PC6H4O2            2   450.000     5.500     0.000     0.000     1.000 ! HR
C6H3O2             2   450.000     5.500     0.000     0.000     1.000 ! HR
C6H3O3             2   450.000     5.500     0.000     0.000     1.000 !  "
A1CHCH             2   450.000     5.646     0.000     0.000     1.000 ! HR
A1CH               2   450.000     5.549     0.000     0.000     1.000 ! as C6H7
A2R5H2             2   523.4       6.568     0.000     0.000     1.000 ! "
A2R5T              2   523.4       6.568     0.000     0.000     1.000 !HR
A2T1               2   450.0       6.090     0.000     0.000     1.000 ! cp/HR
A2T2               2   450.0       6.090     0.000     0.000     1.000 ! cp/HR
A2OH-1             2   402.9       6.744     0.000     0.000     1.000 ! "
A2OH-2             2   402.9       6.744     0.000     0.000     1.000 ! "
A2CH3-1            2   402.9       6.744     0.000     0.000     1.000 ! "
A2CH2-1            2   402.9       6.744     0.000     0.000     1.000 ! "
A2CH3-2            2   402.9       6.744     0.000     0.000     1.000 ! "
A2CH2-2            2   402.9       6.744     0.000     0.000     1.000 ! "
A2R5J1             2   523.4       6.568     0.000     0.000     1.000 ! TB
A2R5J3             2   523.4       6.568     0.000     0.000     1.000 ! TB 
A2R5J4             2   523.4       6.568     0.000     0.000     1.000 ! TB 
A2R5J5             2   523.4       6.568     0.000     0.000     1.000 ! TB 
A2O-1              2   402.9       6.744     0.000     0.000     1.000 ! "
A2O-2              2   402.9       6.744     0.000     0.000     1.000 ! "
FLTHN              2   776.2       7.407     0.000     0.000     1.000 ! fluor
A2C6H5-2           2   776.2       7.407     0.000     0.000     1.000 ! "
C18H12             2   776.2       7.407     0.000     0.000     1.000 ! "
A2R5J1             2   523.4       6.568     0.000     0.000     1.000 ! TB
A2R5J3             2   523.4       6.568     0.000     0.000     1.000 ! TB 
A2R5J4             2   523.4       6.568     0.000     0.000     1.000 ! TB 
A2R5J5             2   523.4       6.568     0.000     0.000     1.000 ! TB 
A2R5YNE1           2   523.4       6.568     0.000     0.000     1.000 ! TB
A2R5YNE3           2   523.4       6.568     0.000     0.000     1.000 ! TB 
A2R5YNE4           2   523.4       6.568     0.000     0.000     1.000 ! TB 
A2R5YNE5           2   523.4       6.568     0.000     0.000     1.000 ! TB 
A3CH3              2   523.4       6.568     0.000     0.000     1.000 ! HR
A3CH2              2   523.4       6.568     0.000     0.000     1.000 ! HR
A3CH2R             2   776.2       7.407     0.000     0.000     1.000 ! "
A3R5               2   776.2       7.407     0.000     0.000     1.000 ! A4
A3LR5              2   776.2       7.407     0.000     0.000     1.000 ! A4                                                                                
c-C6H4             2   464.8       5.29      0.00     10.32      0.000  !  benze
C6H6               2   464.8       5.29      0.00     10.32      0.000  !  benze
C6H5               2   464.8       5.29      0.00     10.32      0.000  !  benze
C6H5CH3            2   495.3       5.68      0.43     12.30      1.000  !
C6H5C2H3           2   546.2       6.00      0.13     15.00      1.000  !
C6H5CH2            2   495.3       5.68      0.43     12.30      1.000  !
C6H5C2H            2   535.6       5.72      0.77     12.00      1.000  !
c-C6H7             2   464.8       5.29      0.00     10.32      0.000  !  benze
C5H5O              2   464.8       5.29      0.00     10.32      0.000  !  benze
C6H5O              2   464.8       5.29      0.00     10.32      0.000  !  benze
C6H5OH             2   464.8       5.29      0.00     10.32      0.000  !  benze
aC3H5              2   266.800     4.982     0.000     0.000     1.000
CH3CCH2            2   266.800     4.982     0.000     0.000     1.000
CH3CHCH            2   266.800     4.982     0.000     0.000     1.000
C3H6               2   266.800     4.982     0.000     0.000     1.000
C3H7               2   266.800     4.982     0.000     0.000     1.000
iC3H7              2   266.800     4.982     0.000     0.000     1.000
nC3H7              2   266.800     4.982     0.000     0.000     1.000
C3H8               2   266.800     4.982     0.000     0.000     1.000
C4H2OH             2   224.700     4.162     0.000     0.000     1.000 ! *
C4H7               2   357.000     5.176     0.000     0.000     1.000
C4H7-1             2   357.000     5.176     0.000     0.000     1.000
C4H7O              2   357.000     5.176     0.000     0.000     1.000
SAXC4H7            2   357.000     5.176     0.000     0.000     1.000
iC4H7-1            2   357.000     5.176     0.000     0.000     1.000
C4H7-2             2   357.000     5.176     0.000     0.000     1.000
CH3CCHCH3          2   357.000     5.176     0.000     0.000     1.000
iC4H7              2   357.000     5.176     0.000     0.000     1.000
C4H81              2   357.000     5.176     0.000     0.000     1.000
C4H82              2   357.000     5.176     0.000     0.000     1.000
iC4H8              2   357.000     5.176     0.000     0.000     1.000
tC4H9              2   357.000     5.176     0.000     0.000     1.000
iC4H9              2   357.000     5.176     0.000     0.000     1.000
pC4H9              2   357.000     5.176     0.000     0.000     1.000
sC4H9              2   357.000     5.176     0.000     0.000     1.000
C4H10              2   357.000     5.176     0.000     0.000     1.000
iC4H10             2   357.000     5.176     0.000     0.000     1.000
CH3COCH3           2   357.000     5.176     0.000     0.000     1.000
C2H3CHO            2   357.000     5.176     0.000     0.000     1.000
iC4H7O             2   450.000     5.500     0.000     0.000     1.000 ! JAM
CH3CHO             2   436.000     3.970     0.000     0.000     2.000
CH3CO              2   436.000     3.970     0.000     0.000     2.000
!#########################From 2011 Hansen & Harper & Green #########################################
C2H3OH             2   384.335     4.927     0.000     0.000     1.000 !MRH
C2H5O              2   384.316     4.952     0.000     0.000     1.000 !MRH
C2H4OH             2   384.316     4.952     0.000     0.000     1.000 !MRH
CH3CHOH            2   384.335     4.844     0.000     0.000     1.000 !MRH
HCCHOH             2   384.335     4.844     0.000     0.000     1.000 !MRH
CH2COH             2   384.335     4.844     0.000     0.000     1.000 !MRH
C3H4O              2   376.994     5.183     0.000     0.000     1.000 !MRH
C3H5OJ(13)         2   376.679     5.206     0.000     0.000     1.000 !MRH
C3H5O-enol2        2   411.992     5.184     0.000     0.000     1.000 !MRH
C4H7OH1-1          2   429.306     5.587     0.000     0.000     1.000 !MRH
C4H7OH1-4          2   419.669     5.570     0.000     0.000     1.000 !MRH
C4H7OH2-1          2   429.306     5.587     0.000     0.000     1.000 !MRH
C4H7OJ(8)          2   394.626     5.526     0.000     0.000     1.000 !MRH
C4H7OJ(12)         2   394.626     5.526     0.000     0.000     1.000 !MRH
C4H7OJ(13)         2   394.626     5.526     0.000     0.000     1.000 !MRH
C4H7OJ(16)         2   394.626     5.526     0.000     0.000     1.000 !MRH
!#########################From 2012 Sarathy & Vranckx & Yasunaga & Mehl & Osswald et al.#########################################
CC3H6OH            2   454.0       5.413     3.3       0.0       1.0   !   ckw based on methylethylketone (c2h5coch3)
C3H5OH             2   481.5       4.997     1.7       0.0       1.0   !   wjp
C2H5CHO            2   435.2       4.662     2.7       0.0       1.0   !   wjp, TcPc, propionaldehyde
C4H9OH             2   503.07      5.34      1.67      8.88      1.0   !SM Sarathy Combust Flame 2009
C4H9O              2   476.0       5.778     2.6       0.0       1.0   !   wjp
AC4H8OH            2   476.0       5.778     2.6       0.0       1.0   !   wjp
BC4H8OH            2   476.0       5.778     2.6       0.0       1.0   !   wjp
CC4H8OH            2   476.0       5.778     2.6       0.0       1.0   !   wjp
DC4H8OH            2   476.0       5.778     2.6       0.0       1.0   !   wjp
C3H7CHO            2   464.2       5.009     2.6       0.0       1.0   !   wjp TcPc n-butyraldehyde
HOCHO              2   436.000     3.970     0.000     0.000     2.0   !   wjp
HOCH2O             2   470.600     4.410     0.000     0.000     1.5   !   wjp
sC4H9OH            2   641.92      2.40      1.67      8.88      1     !SMS calc CnF 2011 sc4h9oh
sC4H8OHm           2   641.92      2.40      1.67      8.88      1     !SMS calc CnF 2011 sc4h9oh
sC4H8OH-1          2   641.92      2.40      1.67      8.88      1     !SMS calc CnF 2011 sc4h9oh
sC4H8OH-2          2   641.92      2.40      1.67      8.88      1     !SMS calc CnF 2011 sc4h9oh
sC4H8OH-3          2   641.92      2.40      1.67      8.88      1     !SMS calc CnF 2011 sc4h9oh
iC3H6OH            2   487.900     4.820     0.000     0.000     1.000 ! nmm c3h6oh
CH3COHCH3          2   487.900     4.820     0.000     0.000     1.000 ! nmm c3h6oh
iC3H5OH            2   459.5       5.036     1.7       0.0       1.0 !   wjp	
sC4H9O             2   496.000     5.200     0.000     0.000     1.000 ! nmm
C2H5OH             2   470.600     4.410     0.000     0.000     1.500 !
C3H6OH-1           2   487.900     4.820     0.000     0.000     1.000 ! nmm c3h6oh
sC2H4OH            2   470.600     4.410     0.000     0.000     1.500 ! nmm
C4H7OH2-2          2   503.07      5.34      1.67      8.88      1     !SM Sarathy Combust Flame 2009
C4H7OH1-2          2   503.07      5.34      1.67      8.88      1     !SM Sarathy Combust Flame 2009
C4H7OH1-3          2   503.07      5.34      1.67      8.88      1     !SM Sarathy Combust Flame 2009
C2H5COCH3          2   454.0       5.413     3.3       0.0       1.0   !   TcPc
C4H6OH1-32         2   503.07      5.34      1.67      8.88      1     !SM Sarathy Combust Flame 2009
C4H71-2            2   355.000     4.650     0.000     0.000     1.000 ! nmm
C4H71-3            2   355.000     4.650     0.000     0.000     1.000 ! nmm
C4H71-4            2   355.000     4.650     0.000     0.000     1.000 ! nmm
C4H72-1            2   355.000     4.650     0.000     0.000     1.000 ! nmm
C4H72-2            2   355.000     4.650     0.000     0.000     1.000 ! nmm
CH3COCH2           2   435.500     4.860     0.000     0.000     1.000 ! nmm
CH2CH2COCH3        2   454.0       5.413     3.3       0.0       1.0   ! WJP based on methylethylketone (c2h5coch3)
CH3CHCOCH3         2   454.0       5.413     3.3       0.0       1.0   ! WJP based on methylethylketone (c2h5coch3)
C2H5COCH2          2   454.0       5.413     3.3       0.0       1.0   ! wjp
CH3CHCO            2   443.200     4.120     0.000     0.000     1.000 ! nmm
C4H7OH2-1          2   503.07      5.34      1.67      8.88      1     !SM Sarathy Combust Flame 2009
CH3CHCHOH          2   496.000     5.200     0.000     0.000     1.000 !
C2H5CO             2   424.600     4.820     0.000     0.000     1.000 ! nmm
C2H3COCH3          2   454.0       5.413     3.3       0.0       1.0   ! wjp
C4H7-24            2   358.834     5.406     0.000     0.000     1.000 !MRH
sC4H8OH-2O2        2   641.92      2.40      1.67      8.88      1     !SMS calc CnF 2011 ic4h9oh
iC4H9OH            2   641.92      2.40      1.67      8.88      1          ! SMS calc CnF 2011 ic4h9oh 
iC4H8OH-1          2   641.92      2.40      1.67      8.88      1     !SMS calc CnF 2011 ic4h9oh
iC4H8OH-2          2   641.92      2.40      1.67      8.88      1     !SMS calc CnF 2011 ic4h9oh
iC4H8OH-3          2   641.92      2.40      1.67      8.88      1     !SMS calc CnF 2011 ic4h9oh
iC4H9O             2   496.000     5.200     0.000     0.000     1.000 ! nmm
iC3H6CHOH          2   487.900     4.820     0.000     0.000     1.000 ! nmm c3h6oh
iC3H5CH2OH         2   487.900     4.820     0.000     0.000     1.000 ! nmm  c3h6oh
C3H6OH-2           2   487.900     4.820     0.000     0.000     1.000 ! nmm c3h6oh
iC3H7CHO           2   436.4       5.352     0.0       0.0       1.0   ! wjp, TcPc, isobutyraldehyde
CH3CHCHO           2   428.8       4.958     2.9       0.0       1.0   ! wjp, acrolein (c2h3cho)
CH2CH2CHO          2   424.600     4.820     0.000     0.000     1.000 ! nmm
iC3H7CO            2   436.4       5.352     0.0       0.0       1.0   ! wjp
C2H3CO             2   443.200     4.120     0.000     0.000     1.000 ! nmm
tC3H6CHO           2   436.4       5.352     0.0       0.0       1.0   ! wjp
C3H5O              2   411.000     4.820     0.000     0.000     1.000 ! nmm
iC3H6CHO           2   436.4       5.352     0.0       0.0       1.0   ! wjp
iC3H5CHO           2   436.4       5.352     0.0       0.0       1.0   ! wjp
iC3H5CO            2   436.4       5.352     0.0       0.0       1.0   ! wjp
iC3H6CO            2   436.4       5.352     0.0       0.0       1.0   ! wjp
C4H4O              2   357.000     5.180     0.000     0.000     1.000 ! est from c4h6
A1CHCH3OOH         2   622.400     5.530     0.000     0.000     1.000 ! as a1cho
A1CHCH3O           2   622.400     5.530     0.000     0.000     1.000 ! as a1cho
tC3H5              2   266.800     4.982     0.000     0.000     1.000
sC3H5              2   266.800     4.982     0.000     0.000     1.000
CH2CHCHCO          2   373.700     4.790     0.000     0.000     1.000
A1OO               2   464.800     5.290     0.000    10.320     0.000 !
A1OOH              2   464.800     5.290     0.000    10.320     0.000 !
HOC6H4CH2OOH       2   621.100     5.640     0.000     0.000     1.000 ! NMM
HOC6H4CH2OO        2   621.100     5.640     0.000     0.000     1.000 ! NMM
HOC6H4CH2O         2   621.100     5.640     0.000     0.000     1.000 ! NMM
HOC6H4CHO          2   621.100     5.640     0.000     0.000     1.000 ! NMM
HOC6H4CO           2   621.100     5.640     0.000     0.000     1.000 ! NMM
A1CHOH             2   622.400     5.530     0.000     0.000     1.000 ! NMM
C14H13OO           2   783.800     6.640     0.000     0.000     1.000 ! LNLL
C14H13OOH          2   783.800     6.640     0.000     0.000     1.000 ! LNLL
C14H12OOH          2   783.800     6.640     0.000     0.000     1.000 ! LNLL
C14H12O2H-1O2      2   783.800     6.640     0.000     0.000     1.000 ! LNLL
C14H11O-1O2H       2   783.800     6.640     0.000     0.000     1.000 ! LNLL
C14H13O            2   783.800     6.640     0.000     0.000     1.000 ! LNLL
A1C4H5             2   546.2       6.00      0.13     15.00      1.000  !=A1C2H3
BIN1A              2   834.9       7.24      0.00     45.00      1.000  ! pyrene
BICYCLO            2   783.800     6.640     0.000     0.000     1.000 ! LNLL  EST
A2C2H2A            2   693.1       6.47      0.00     18.00      1.000
A2C2H2B            2   693.1       6.47      0.00     18.00      1.000
A2R5C2H*           2   772.8       6.94      0.00     18.00      1.000
A2R5C2H            2   772.8       6.94      0.00     18.00      1.000
DIBZFUR            2   676.5       6.310     0.000     0.000     1.000 
CH3O2              2   481.800     3.626     0.000     0.000     1.000 ! WJP
CH3O2H             2   481.800     3.626     0.000     0.000     1.000 ! WJP

HCOH               2   498.000     3.590     0.000     0.000     1.000 ! Peter
HOCO               1   244.000     3.763     0.000     2.650     2.100 ! Peter
OCHO               2   498.000     3.590     0.000     0.000     2.000 ! Peter
CH2OOH             2   436.000     3.970     0.000     0.000     2.000 ! Peter
C2                 1    97.530     3.621     0.000     1.760     4.000 ! Peter
HOCH2CH2OO         2   435.500     4.860     0.000     0.000     1.000 ! Peter
CH2CHOO            2   435.500     4.860     0.000     0.000     1.000 ! Peter
OCHCHO             2   440.200     4.010     0.000     0.000     2.000 ! Peter
OCHCO              2   440.200     4.010     0.000     0.000     2.000 ! =OCHCHO

CH2CHCHCHCCH	   2   412.300     5.349     0.000     0.000     1.000  !lC6H7 Yuan et al. 2015
CHCCH2CHCCH2       2   412.300     5.349     0.000     0.000     1.000  !lC6H7 Yuan et al. 2015
C4H5C2H            2   412.300     5.349     0.000     0.000     1.000  !lC6H7 Yuan et al. 2015

CPD13              2   408.000     5.200     0.000     0.000     1.000  ! EST CPD
CPD14              2   408.000     5.200     0.000     0.000     1.000  ! EST CPD

CH3COCH3           2   266.800     4.982     0.000     0.000     1.000 ! Acetone mech
C2H5CHO            2   266.800     4.982     0.000     0.000     1.000
C2H5CO             2   266.800     4.982     0.000     0.000     1.000

A1CCCH3            2   586.0       6.09      0.00     16.00      1.000  ! EST
A1CHCCH2           2   586.0       6.09      0.00     16.00      1.000  ! EST
A1CHCHCH3          2   586.0       6.09      0.00     16.00      1.000  ! EST
A1CHCHCH2          2   586.0       6.09      0.00     16.00      1.000  ! EST
A1CH2CHCH2         2   586.0       6.09      0.00     16.00      1.000  ! EST
A1C(CH3)CH2        2   586.0       6.09      0.00     16.00      1.000  ! EST
A1CH2CH2CH2        2   586.0       6.09      0.00     16.00      1.000  ! EST
A1CH2CHCH3         2   586.0       6.09      0.00     16.00      1.000  ! EST
A1CHCH2CH3         2   586.0       6.09      0.00     16.00      1.000  ! EST
A1CH(CH3)CH2       2   586.0       6.09      0.00     16.00      1.000  ! EST
A1C3H7             2   586.0       6.09      0.00     16.00      1.000  ! EST

!--------------------n-dedocane-----------------------
NC12H26            2   789.980     7.047     0.000     0.000     1.000  !  n-dodecane
PXC12H25           2   789.980     7.047     0.000     0.000     1.000  !  
SXC12H25           2   789.980     7.047     0.000     0.000     1.000  !  
S2XC12H25          2   789.980     7.047     0.000     0.000     1.000  !  
S3XC12H25          2   789.980     7.047     0.000     0.000     1.000  !  
S4XC12H25          2   789.980     7.047     0.000     0.000     1.000  !  
S5XC12H25          2   789.980     7.047     0.000     0.000     1.000  !  
C12H24             2   775.294     7.090     0.000     0.000     1.000  !  1-dodecene
PXC12H23           2   775.294     7.090     0.000     0.000     1.000  !  
NC11H24            2   750.460     6.834     0.000     0.000     1.000  !  n-undecane
PXC11H23           2   750.460     6.834     0.000     0.000     1.000  !  
SXC11H23           2   750.460     6.834     0.000     0.000     1.000  !  
S2XC11H23          2   750.460     6.834     0.000     0.000     1.000  !  
S3XC11H23          2   750.460     6.834     0.000     0.000     1.000  !  
S4XC11H23          2   750.460     6.834     0.000     0.000     1.000  !  
S5XC11H23          2   750.460     6.834     0.000     0.000     1.000  !  
C11H22             2   763.817     6.688     0.000     0.000     1.000  !  1-undecene
PXC11H21           2   763.817     6.688     0.000     0.000     1.000  !  
NC10H22            2   704.917     6.675     0.000     0.000     1.000  !  n-decane
PXC10H21           2   704.917     6.675     0.000     0.000     1.000  !
SXC10H21           2   704.917     6.675     0.000     0.000     1.000  !
S2XC10H21          2   704.917     6.675     0.000     0.000     1.000  !
S3XC10H21          2   704.917     6.675     0.000     0.000     1.000  !
S4XC10H21          2   704.917     6.675     0.000     0.000     1.000  !
C10H20             2   698.122     6.578     0.000     0.000     1.000  !  1-decene
PXC10H19           2   698.122     6.578     0.000     0.000     1.000  !  
NC9H20             2   660.032     6.467     0.000     0.000     1.000  !  n-nonane
PXC9H19            2   660.032     6.467     0.000     0.000     1.000  !  
SXC9H19            2   660.032     6.467     0.000     0.000     1.000  !  
S2XC9H19           2   660.032     6.467     0.000     0.000     1.000  !  
S3XC9H19           2   660.032     6.467     0.000     0.000     1.000  !  
S4XC9H19           2   660.032     6.467     0.000     0.000     1.000  !  
C9H18              2   655.390     6.331     0.000     0.000     1.000  !  1-nonene
PXC9H17            2   655.390     6.331     0.000     0.000     1.000  !  
NC8H18             2   613.127     6.250     0.000     0.000     1.000  !  n-octane
PXC8H17            2   613.127     6.250     0.000     0.000     1.000  !  
SXC8H17            2   613.127     6.250     0.000     0.000     1.000  !  
S2XC8H17           2   613.127     6.250     0.000     0.000     1.000  !  
S3XC8H17           2   613.127     6.250     0.000     0.000     1.000  !  
C8H16              2   608.488     6.100     0.000     0.000     1.000  !  1-octene
PXC8H15            2   608.488     6.100     0.000     0.000     1.000  !  
NC7H16             2   564.030     6.004     0.000     0.000     1.000  !  n-heptane
PXC7H15            2   564.030     6.004     0.000     0.000     1.000  !  
SXC7H15            2   564.030     6.004     0.000     0.000     1.000  !  
S2XC7H15           2   564.030     6.004     0.000     0.000     1.000  !  
S3XC7H15           2   564.030     6.004     0.000     0.000     1.000  !  
C7H14              2   557.947     5.876     0.000     0.000     1.000  !  1-heptene
PXC7H13            2   557.947     5.876     0.000     0.000     1.000  !  
NC6H14             2   512.225     5.742     0.000     0.000     1.000  !  n-hexane
PXC6H13            2   512.225     5.742     0.000     0.000     1.000  !  
SXC6H13            2   512.225     5.742     0.000     0.000     1.000  !  
S2XC6H13           2   512.225     5.742     0.000     0.000     1.000  !  
C6H12              2   504.629     5.628     0.000     0.000     1.000  !  1-hexene
PXC6H11            2   504.629     5.628     0.000     0.000     1.000  !  
NC5H12             2   458.182     5.445     0.000     0.000     1.000  !  n-pentane
PXC5H11            2   458.182     5.445     0.000     0.000     1.000  !  
SXC5H11            2   458.182     5.445     0.000     0.000     1.000  !  
S2XC5H11           2   458.182     5.445     0.000     0.000     1.000  !  
C5H10              2   448.508     5.342     0.000     0.000     1.000  !  1-pentene
PXC5H9             2   448.508     5.342     0.000     0.000     1.000  !  
PC12H25O2          2   805.031     7.102     0.000     0.000     1.000
P12OOHX2           2   805.031     7.102     0.000     0.000     1.000
SOO12OOH           2   877.052     7.457     0.000     0.000     1.000
OC12OOH            2   839.348     7.273     0.000     0.000     1.000
C6H11              2   504.629     5.628     0.000     0.000     1.000  !
SXC6H11            2   504.629     5.628     0.000     0.000     1.000  !
S2XC6H11           2   504.629     5.628     0.000     0.000     1.000  !
SAXC6H11           2   504.629     5.628     0.000     0.000     1.000  !
cC6H11             2   464.8       5.29      0.00      0.000     1.000  !  benze
cC6H10             2   464.8       5.29      0.00      0.000     1.000  !  benze
cC5H9CH2           2   464.8       5.29      0.00      0.000     1.000  !  benze
CH2C5H8            2   464.8       5.29      0.00      0.000     1.000  !  benze
C6H10-13           2   504.629     5.628     0.000     0.000     1.000  !
SAXC6H11-3         2   504.629     5.628     0.000     0.000     1.000  !
m1C5H81            2   504.629     5.628     0.000     0.000     1.000  !
CH3cC5H83          2   464.8       5.29      0.00      0.000     1.000  !  benze
cC5H9              2   357.000     5.180     0.000     0.000     1.000  !  C5H6
cC5H8              2   357.000     5.180     0.000     0.000     1.000  !  C5H6
SXC5H9             2   357.000     5.180     0.000     0.000     1.000
C5H8-13            2   357.000     5.180     0.000     0.000     1.000
C5H8-14            2   357.000     5.180     0.000     0.000     1.000
CH2C4H7            2   357.000     5.180     0.000     0.000     1.000
SAXC5H9            2   357.000     5.180     0.000     0.000     1.000

!-----------------------135TMCH-----------------------------
T135MCH		   2   495.3       5.68      0.43      12.30     1.000
PXCH2D35MCH        2   495.3       5.68      0.43      12.30     1.000
TXT135MCH          2   495.3       5.68      0.43      12.30     1.000
CH3SXD35MCH        2   495.3       5.68      0.43      12.30     1.000
CH2D35MCH          2   537.375     5.348     0.43      12.30     1.000
T135MCHE           2   537.375     5.348     0.43      12.30     1.000
C5H7-13-2M         2   448.508     5.342     0.000     0.000     1.000
C5H7-13-2CH2       2   448.508     5.342     0.000     0.000	 1.000
CH2S2XD35MCH       2   537.375     5.348     0.43      12.30     1.000
T3XT135MCH1E       2   537.375     5.348     0.43      12.30     1.000
S6XT135MCH1E       2   537.375     5.348     0.43      12.30     1.000
CH2D35MCH2E        2   537.375     5.348     0.43      12.30     1.000
T135MCH13E         2   537.375     5.348     0.43      12.30     1.000
S4XCH2D35MCH2E     2   537.375     5.348     0.43      12.30     1.000
S6XCH2D35MCH2E     2   537.375     5.348     0.43      12.30     1.000
T5XT135MCH13E      2   537.375     5.348     0.43      12.30     1.000
S6XT135MCH13E      2   537.375     5.348     0.43      12.30     1.000
CH2D35MCH24E       2   537.375     5.348     0.43      12.30     1.000
CH2D35MCH25E       2   537.375     5.348     0.43      12.30     1.000
D35MB1CH2          2   495.3       5.68      0.43      12.30     1.000
D35MCHE            2   495.3       5.68      0.43      12.30     1.000
S4XD35MCH1E        2   537.375     5.348     0.43      12.30     1.000
C6H7-13-5M         2   537.375     5.348     0.43      12.30     1.000
S6XMCH13E          2   537.375     5.348     0.43      12.30     1.000
S7XC7H11-1-46M     2   564.030     6.004     0.000     0.000     1.000  !  n-heptane
S6XC7H11-1-24M     2   564.030     6.004     0.000     0.000     1.000  !  n-heptane
S7XC7H11-2-46M     2   564.030     6.004     0.000     0.000     1.000  !  n-heptane
S5XC5H8-1-4M       2   448.508     5.342     0.000     0.000     1.000  !  1-pentene
S4XC5H8-1-2M       2   448.508     5.342     0.000     0.000     1.000  !  1-pentene
S5XC5H8-2-4M       2   448.508     5.342     0.000     0.000     1.000  !  1-pentene

T135MB             2   495.3       5.68      0.43      12.30     1.000
D35MB1CHO          2   622.400     5.530     0.000     0.000     1.000
D35MB1CO           2   593         5.5       2.8       0.0       1.0
D13MBJ             2   495.3       5.68      0.43     12.30      1.000
D13MB              2   495.3       5.68      0.43      12.30     1.000
D13MBOJ            2   567         5.6       1.6       0.0       1.000
D35MBC2H3          2   495.3       5.68      0.43      12.30     1.000
D13MBOH            2   464.8       5.29      0.00     10.32      0.000
C12H26O2P          2   789.980     7.047     0.000     0.000     1.000
C6H12OA            2   504.629     5.628     0.000     0.000     1.000
RC6H11O            2   504.629     5.628     0.000     0.000     1.000
RC6H11O3           2   504.629     5.628     0.000     0.000     1.000

CH2qjD35MCH     2   567         5.6       1.6       0.0       1.000	!D13MBOJ
CH2q2jD35MCH    2   567         5.6       1.6       0.0       1.000
DMCHo-P2        2   567         5.6       1.6       0.0       1.000
CHOD35MCH2j     2   622.400     5.530     0.000     0.000     1.000	!D35MB1CHO
CHOD35MCH1E     2   622.400     5.530     0.000     0.000     1.000
CHOD35MCH2E     2   622.400     5.530     0.000     0.000     1.000
ro34-PO2E       2   789.980     7.047     0.000     0.000     1.000
ro61-PO1E       2   789.980     7.047     0.000     0.000     1.000
S7X2C7H12-6M    2   564.030     6.004     0.000     0.000     1.000
CHOS4XC4H7-3M   2   357.000     5.176     0.000     0.000     1.000
CHCHCHO         2   428.8       4.958     2.9       0.0       1.0
S5X2C5H9        2   448.508     5.342     0.000     0.000     1.000
CHOD35MCH1E4j   2   567         5.6       1.6       0.0       1.000
CHOD35MCH13E    2   567         5.6       1.6       0.0       1.000
CHOD35MCH13E6j  2   567         5.6       1.6       0.0       1.000
TMCH2qj         2   567         5.6       1.6       0.0       1.000
TMCH2q4j        2   567         5.6       1.6       0.0       1.000
TMCHo-24        2   567         5.6       1.6       0.0       1.000
TMCH2q4qj       2   567         5.6       1.6       0.0       1.000
TMCH2O4q        2   567         5.6       1.6       0.0       1.000
TMCH2O4oj       2   567         5.6       1.6       0.0       1.000
ro45-2O4O       2   789.980     7.047     0.000     0.000     1.000
C4H5O2j4MCHO    2   357.000     5.176     0.000     0.000     1.000
ro34-2O4O       2   789.980     7.047     0.000     0.000     1.000
C5H84j-2CHO     2   448.508     5.342     0.000     0.000     1.000
TMCH2q4q6j      2   567         5.6       1.6       0.0       1.000
TMCH6E2o4q      2   567         5.6       1.6       0.0       1.000
TMCH6E2o4oj     2   567         5.6       1.6       0.0       1.000
ro34-2o4O6E     2   789.980     7.047     0.000     0.000     1.000
S2X2C5H8-4CHO   2   448.508     5.342     0.000     0.000     1.000
aC3H5OH         2   428.8       4.958     2.9       0.0       1.0
TMCH2O4j        2   567         5.6       1.6       0.0       1.000
TMCH3E2O        2   567         5.6       1.6       0.0       1.000
TMCH4E2O        2   567         5.6       1.6       0.0       1.000
TMCH3E2O5j      2   567         5.6       1.6       0.0       1.000
TMCH35E2O       2   567         5.6       1.6       0.0       1.000
ro61-2O3E5E     2   789.980     7.047     0.000     0.000     1.000
C5H64j-13-2M    2   448.508     5.342     0.000     0.000     1.000
ro23-2O3E       2   789.980     7.047     0.000     0.000     1.000
ro56-2O4E       2   789.980     7.047     0.000     0.000     1.000
S6X2C7H12-4M    2   564.030     6.004     0.000     0.000     1.000
C5H9-2-4COj     2   448.508     5.342     0.000     0.000     1.000
S4X2C5H9        2   448.508     5.342     0.000     0.000     1.000
C9H16-13            2    698.122     6.578      0.000    0.000       1.000
NH3                          2   481.000     2.920     1.470     0.000    10.000
NO2                          2   200.000     3.500     0.000     0.000     1.000
HNO                          2   116.700     3.492     0.000     0.000     1.000
C5H5O(1,3)         2   494         5.2       1.6       0.0       1.0
C5H5O(2,4)         2   494         5.2       1.6       0.0       1.0
C8H14-13           2   608.488     6.100     0.000     0.000     1.000  !
CH2-3-1C7H12       2   557.947     5.876     0.000     0.000     1.000  !  1-heptene 
C7H12-16           2   557.947     5.876     0.000     0.000     1.000  !
PXCH2-3-1C5H9      2   504.629     5.628     0.000     0.000     1.000  !
C6H10-15           2   504.629     5.628     0.000     0.000     1.000  !
SAXC6H9-15         2   504.629     5.628     0.000     0.000     1.000  !
CH3-2-C4H5-13      2   448.508     5.342     0.000     0.000     1.000  !
PAXCH2-2-C4H5      2   448.508     5.342     0.000     0.000     1.000  !                                                                                                       
