!species         geom  epsilon     sigma      Mu       alpha     Zrot    comments
INT221             2     970.751 	8.468       5.053     19.942    2.000    
INT206             2    889.875 	8.349       7.231     15.192    2.000                                                                               
RDXR-H             2    841.447 	8.074       6.770     15.406    2.000 
RDXRO-H            2    818.949   8.101       6.612     94.030    2.000   
INT129-1           2    707.537 	7.441       2.714     11.214    2.000    
INT129-2           2    707.537 	7.441       2.416     11.310    2.000    
INT82              2    558.747 	6.766       0.555     8.173     2.000    
RDXISO             2    977.590 	8.522       5.228     16.922    2.000    
INT192             2    828.422	  7.766       4.629     14.498    2.000    
INT101             2    610.600  	6.706       5.060     8.905     2.000    
HCNN               2   239.890     5.400     2.980     3.810     2.000 
HNO3               2   369.570     4.410     2.380     3.490     2.000 
C2N2               1   349.000     4.361     0.000     0.000     1.000 
CNO                1   116.220     5.370     0.880     3.200     2.000 
H2CNH              2   390.620     4.390     2.150     3.110     2.000 
H2CNO              2   290.980     4.540     2.360     3.800     2.000 
H2CNNO2            2   442.410     4.970     3.960     5.540     2.000 
H2CNNO             2   410.470     4.860     3.160     5.070     2.000 
RDX                2  1256.070     6.650     7.430    15.830     2.000 
RDXR               2  1237.980     6.300     4.720    13.800     2.000 
RDXRO              2  1074.990     6.490     4.130    13.950     2.000 
HMX                2  1536.530     7.270     9.340    21.580     2.000 
HMXR               2  1456.980     7.000     8.770    18.870     2.000 
HMXRO              2  1433.430     7.130     5.820    19.650     2.000 
H2CNOH             2   448.070     4.450     0.360     3.960     2.000 
HNNO2              2   581.560     4.700     3.600     5.510     2.000 
N3                 1   392.240     4.110     0.000     2.990     2.000 
CH2N2              2   382.670     4.880     1.690     4.260     2.000 
INT176             2  1091.040     6.500     6.560    14.030     2.000 
INT149             2  1000.620     5.970     3.850    12.050     2.000 
MNH                2   585.410     4.920     4.760     6.730     2.000 
INT102             2   760.160     5.670     2.530     8.950     2.000 
INT130             2  1179.880     6.000     5.250    11.160     2.000 
C2N2H4             2   586.520     5.480     1.730     6.090     2.000 
INT175             2  1085.260     6.370     3.900    13.780     2.000 
INT128             2   879.070     6.180     1.260    11.060     2.000 
C3N3H3             2   573.430     6.090     0.000     7.460     2.000 
INT249             2  1362.990     7.020     7.660    18.850     2.000 
INT202             2  1203.390     6.780     4.830    16.630     2.000 
INT155             2  1053.310     6.580     3.550    19.020     2.000 
INT108             2   784.420     6.480     0.000    10.540     2.000 
INT204             2  1621.460     6.590     2.940    16.250     2.000 
INT158             2  1394.940     6.360     3.670    14.250     2.000 
INT157             2  1261.070     6.410     4.020    13.870     2.000 
INT112             2  1337.420     6.050     3.100    10.720     2.000 
A                  2  1294.520     6.620     6.040    16.290     2.000 
B                  2  1139.460     6.230     6.300    12.900     2.000 
C1                 2   908.170     5.930     5.140    10.660     2.000 
H2CN               1   569.000     3.630     0.000     0.000     1.000 
NCO                1   232.400     3.828     0.000     0.000     1.000 
HCNO               2   232.400     3.828     0.000     0.000     1.000 
HOCN               2   232.400     3.828     0.000     0.000     1.000 
HNCO               2   232.400     3.828     0.000     0.000     1.000 
NNH                2    71.400     3.798     0.000     0.000     1.000 
N                  0    71.400     3.298     0.000     0.000     0.000 
NH                 1    80.000     2.650     0.000     0.000     4.000 
NH2                2    80.000     2.650     0.000     2.260     4.000 
NH3                2   481.000     2.920     1.470     0.000    10.000 
HCN                1   569.000     3.630     0.000     0.000     1.000 
NCN                1   232.400     3.828     0.000     0.000     1.000 
HNC                1   166.27      5.290     3.070     2.400     2.000 
NO3                2   247.740     4.400     0.000     3.830     2.000 
HONO               2   326.030     4.100     1.610     2.780     2.000 
CH3NO2             2   466.000     4.710     3.800     4.460     2.000 
CH3ONO             2   493.320     4.670     2.640     4.720     2.000 
NCNOH              2   232.400     3.828     0.000     0.000     1.000 
CNOH               2   232.400     3.828     0.000     0.000     1.000 
CHCHO              2   436.000     3.970     0.000     0.000     2.000
CH3C(O)O           2   395.0       4.037     1.3       0.0       1.0   
CH3C(O)OO 		     2   435.500     4.860     0.000     0.000     1.0   
CH3C(O)OOH		     2   395.0       4.037     1.3       0.0       1.0   
OCHCO              2   440.200     4.010     0.000     0.000     2.000 
HCOH               2   498.000     3.590     0.000     0.000     1.000 
OCH2CHO            2   395.0       4.037     1.3       0.0       1.0   
CH2CHOOH           2   395.0       4.037     1.3       0.0       1.0   
cC2H3O2            2   395.0       4.037     1.3       0.0       1.0   
CH2CHOO            2   395.0       4.037     1.3       0.0       1.0   
OOCH2CHO           2   435.500     4.860     0.000     0.000     1.000 
HOOCH2CO           2   435.500     4.860     0.000     0.000     1.000 
CH3OC*OO 		       2   435.2       4.662     2.7       0.0       1.0   
HOCHOH             2   481.800     3.626     1.7       0.000     1.000 
CH3CHOH            2   362.600     4.530     0.000     0.000     1.500                              
H2CC               1   209.000     4.100     0.000     0.000     2.500 
CH2OOH             2   417.000     3.690     1.700     0.000     2.000 
CH2CH2OH           2   362.600     4.530     0.000     0.000     1.500 
CH2CHOH            2   436.000     3.970     0.000     0.000     2.000 
cC2H4O             2   436.000     3.970     0.000     0.000     2.000 
cC2H3O             2   436.000     3.970     0.000     0.000     2.000 
CH3OCH2OH          2   395.0       4.037     1.3       0.0       1.0   
CH3CH2OOH          2   395.0       4.037     1.3       0.0       1.0   
CH3CH2OO           2   395.0       4.037     1.3       0.0       1.0   
CH2CH2OOH          2   395.0       4.037     1.3       0.0       1.0   
CH3CHOOH           2   395.0       4.037     1.3       0.0       1.0   
HOCH2CH2OO         2   395.0       4.037     1.3       0.0       1.0   
HON                2   116.700     3.492     0.000     0.000     1.000 
HNO2               2   350.000     3.950     1.639     0.000     1.000 
HONO2              2   400.000     4.200     0.200     0.000     1.000 
H2NN               2    71.400     3.798     0.000     0.000     1.000 
NH2OH              2   116.700     3.492     0.000     0.000     1.000 
HNC                1   569.000     3.630     0.000     0.000     1.000 
HCNH               1   569.000     3.630     0.000     0.000     1.000 
CH3NO              2   436.000     3.970     0.000     0.000     2.000 
CH3NH2             2   481.800     3.626     0.000     0.000     1.000 
CH3NH              2   481.800     3.626     0.000     0.000     1.000 
CH2NH2             2   481.800     3.626     0.000     0.000     1.000 
CH2NH              2   417.000     3.690     1.700     0.000     2.000 
CH3OO              2   417.000     3.690     1.700     0.000     2.000                              
CH3OOH             2   481.800     3.626     0.000     0.000     1.000                              
HOCH2O             2   470.600     4.410     0.000     0.000     1.500 
HOCO               2   498.000     3.590     0.000     0.000     2.000 
HOCHO              2   481.800     3.626     1.7       0.000     1.000 
OCHO               2   498.000     3.590     0.000     0.000     2.000 
CH3OCH3            2   395.0       4.037     1.3       0.0       1.0   
CH3OCH2            2   395.0       4.037     1.3       0.0       1.0   
CH3OCH2OO          2   395.0       4.037     1.3       0.0       1.0   
CH2OCH2OOH         2   395.0       4.037     1.3       0.0       1.0   
CH3OCH2OOH         2   395.0       4.037     1.3       0.0       1.0   
CH3OCH2O           2   395.0       4.037     1.3       0.0       1.0   
CH3OCHO            2   395.0       4.037     1.3       0.0       1.0   
CH3OCO             2   395.0       4.037     1.3       0.0       1.0   
CH2OCHO            2   395.0       4.037     1.3       0.0       1.0   
CH3OC*OOOH         2   435.2       4.662     2.7       0.0       1.0   
HOOCH2OC*O         2   435.2       4.662     2.7       0.0       1.0   
CH2OC*OOOH         2   435.2       4.662     2.7       0.0       1.0   
CH3OC*OOO          2   435.2       4.662     2.7       0.0       1.0   
OOCH2OCHO          2   435.2       4.662     2.7       0.0       1.0   
CYOCH2OC*O         2   435.2       4.662     2.7       0.0       1.0   
OOCH2OC*OOOH       2   435.2       4.662     2.7       0.0       1.0   
O*CHOC*OOOH        2   435.2       4.662     2.7       0.0       1.0   
CHOOCO             2   435.2       4.662     2.7       0.0       1.0   
HOOCH2OC*OOO       2   435.2       4.662     2.7       0.0       1.0   
OCH2O2H            2   395.0       4.037     1.3       0.0       1.0   
EF                 2   395.0       4.037     1.3       0.0       1.0   
EFP                2   395.0       4.037     1.3       0.0       1.0   
EFS                2   395.0       4.037     1.3       0.0       1.0   
EFF                2   395.0       4.037     1.3       0.0       1.0   
ME                 2   395.0       4.037     1.3       0.0       1.0   
ME2J               2   395.0       4.037     1.3       0.0       1.0   
MEMJ               2   395.0       4.037     1.3       0.0       1.0   
O2CH2OCH2O2H       2   496.000     5.200     0.000     0.000     1.000 
HO2CH2OCHO         2   496.000     5.200     0.000     0.000     1.000 
OCH2OCHO           2   496.000     5.200     0.000     0.000     1.000 
HOCH2OCO           2   496.000     5.200     0.000     0.000     1.000 
AR                 0   136.500     3.330     0.000     0.000     0.000          
C                  0    71.400     3.298     0.000     0.000     0.000 
CH                 1    80.000     2.750     0.000     0.000     0.000          
CH2                1   144.000     3.800     0.000     0.000     0.000          
CH2*               1   144.000     3.800     0.000     0.000     0.000          
CH3                1   144.000     3.800     0.000     0.000     0.000          
CH4                2   141.400     3.746     0.000     2.600    13.000          
CO                 1    98.100     3.650     0.000     1.950     1.800          
CO2                1   244.000     3.763     0.000     2.650     2.100          
HCO                2   498.000     3.590     0.000     0.000     0.000          
CH2O               2   498.000     3.590     0.000     0.000     2.000          
CH2OH              2   417.000     3.690     1.700     0.000     2.000          
CH3O               2   417.000     3.690     1.700     0.000     2.000          
CH3OH              2   481.800     3.626     0.000     0.000     1.000 
C2                 1    97.530     3.621     0.000     1.760     4.000          
C2O                1   232.400     3.828     0.000     0.000     1.000 
C2H                1   209.000     4.100     0.000     0.000     2.500          
C2H2               1   209.000     4.100     0.000     0.000     2.500          
C2H3               2   209.000     4.100     0.000     0.000     1.000 
C2H4               2   280.800     3.971     0.000     0.000     1.500          
C2H5               2   252.300     4.302     0.000     0.000     1.500          
C2H6               2   252.300     4.302     0.000     0.000     1.500          
HCCO               2   150.000     2.500     0.000     0.000     1.000 
HCCOH              2   436.000     3.970     0.000     0.000     2.000          
CH2CO              2   436.000     3.970     0.000     0.000     2.000          
CH2CHO             2   436.000     3.970     0.000     0.000     2.000          
C2H2OH             2   224.700     4.162     0.000     0.000     1.000 
C3H2               2   209.000     4.100     0.000     0.000     1.000 
C3H3               2   252.000     4.760     0.000     0.000     1.000 
aC3H4              1   252.000     4.760     0.000     0.000     1.000          
pC3H4              1   252.000     4.760     0.000     0.000     1.000          
cC3H4              1   252.000     4.760     0.000     0.000     1.000
CH2OCH2            1   252.000     4.760     0.000     0.000     1.000
CH2OCH             1   252.000     4.760     0.000     0.000     1.000
CH3CH2CHO          1   252.000     4.760     0.000     0.000     1.000
C4H                1   357.000     5.180     0.000     0.000     1.000          
C4H2               1   357.000     5.180     0.000     0.000     1.000          
H2C4O              2   357.000     5.180     0.000     0.000     1.000 
C4H2OH             2   224.700     4.162     0.000     0.000     1.000 
iC4H3              2   357.000     5.180     0.000     0.000     1.000 
nC4H3              2   357.000     5.180     0.000     0.000     1.000 
C4H4               2   357.000     5.180     0.000     0.000     1.000 
iC4H5              2   357.000     5.180     0.000     0.000     1.000 
nC4H5              2   357.000     5.180     0.000     0.000     1.000 
C4H5-2             2   357.000     5.180     0.000     0.000     1.000 
C4H6               2   357.000     5.180     0.000     0.000     1.000         
C4H6-2             2   357.000     5.180     0.000     0.000     1.000
C4H612             2   357.000     5.180     0.000     0.000     1.000 
CH3CHOCH2          2   357.000     5.180     0.000     0.000     1.000
H                  0   145.000     2.050     0.000     0.000     0.000          
H2                 1    38.000     2.920     0.000     0.790   280.000          
H2O                2   572.400     2.605     1.844     0.000     4.000          
H2O2               2   107.400     3.458     0.000     0.000     3.800          
HO2                2   107.400     3.458     0.000     0.000     1.000 
N2                 1    97.530     3.621     0.000     1.760     4.000          
O                  0    80.000     2.750     0.000     0.000     0.000          
O*                 0    80.000     2.750     0.000     0.000     0.000 
O2                 1   107.400     3.458     0.000     1.600     3.800          
OH                 1    80.000     2.750     0.000     0.000     0.000          
HE                 0    10.200     2.576     0.000     0.000     0.000 
C5H2               1   357.000     5.180     0.000     0.000     1.000          
C5H3               1   357.000     5.180     0.000     0.000     1.000          
C5H5               1   357.000     5.180     0.000     0.000     1.000          
C5H6               1   357.000     5.180     0.000     0.000     1.000          
lC5H7              1   357.000     5.180     0.000     0.000     1.000
C4H6O25            1   357.000     5.180     0.000     0.000     1.000
C4H6O23            1   357.000     5.180     0.000     0.000     1.000
C4H4O              1   357.000     5.180     0.000     0.000     1.000
CH2CHCO            1   357.000     5.180     0.000     0.000     1.000
CH3CHOCH2          1   357.000     5.180     0.000     0.000     1.000
CH2CHCHCHO         1   357.000     5.180     0.000     0.000     1.000
CH3CHCHCO          1   357.000     5.180     0.000     0.000     1.000
C2H3CHOCH2         1   357.000     5.180     0.000     0.000     1.000
CH3CHCHCHO         1   357.000     5.180     0.000     0.000     1.000
C6H                1   357.000     5.180     0.000     0.000     1.000          
C6H2               1   357.000     5.180     0.000     0.000     1.000          
C6H3               2   357.000     5.180     0.000     0.000     1.000  
l-C6H4             2   412.300     5.349     0.000     0.000     1.000  
nC6H5              2   412.300     5.349     0.000     0.000     1.000  
i-C6H5             2   412.300     5.349     0.000     0.000     1.000  
l-C6H6             2   412.300     5.349     0.000     0.000     1.000  
n-C6H7             2   412.300     5.349     0.000     0.000     1.000  
i-C6H7             2   412.300     5.349     0.000     0.000     1.000  
C6H8               2   412.300     5.349     0.000     0.000     1.000  
HONO               2   350.000     3.950     1.639     0.000     1.000 
NO                 1   139.320     3.339     0.200     1.760     4.000 
HNO                2   170.000     3.430     1.620     0.000     1.000 
NO2                2   333.590     3.852     0.400     0.000     1.000 
CH2(S)             1   144.000     3.800     0.000     0.000     0.000
CH3CH2OH           2   362.600     4.530     0.000     0.000     1.500 
CH3CH2O            2   362.600     4.530     0.000     0.000     1.500 
CH3CO              2   436.000     3.970     0.000     0.000     2.000
CH3CHO             2   436.000     3.970     0.000     0.000     2.000
CH2CHCHO           2   443.200     4.120     0.000     0.000     1.000 
CH4O               2   417.000     3.690     1.700     0.000     2.000
CHCHOH             2   224.700     4.162     0.000     0.000     1.000 
OCHCHO             2   440.200     4.010     0.000     0.000     2.000 
NO3                2   400.000     4.200     0.200     0.000     1.000 
N2O                1   232.400     3.828     0.000     0.000     1.000 
H2NO               2   116.700     3.492     0.000     0.000     1.000 
HNOH               2   116.700     3.492     0.000     0.000     1.000 
C2H5CHO            2   424.600     4.820     0.000     0.000     1.000 
C2H5CO             2   424.600     4.820     2.700     0.000     1.000 
CH2CHCO            2   443.200     4.120     0.000     0.000     1.000 
CH2CN              2   422.220     5.329     3.500     0.000     1.000 
CH2HCO             2   436.000     3.970     0.000     0.000     2.000 
CH3CHCO            2   443.200     4.120     0.000     0.000     1.000 
CH3CN              2   422.220     5.329     3.500     0.000     1.000 
CH3HCO             2   436.000     3.970     0.000     0.000     2.000 
H2CCCH2            1   324.800     4.290     0.000     0.000     1.000 
H3CCCH             1   324.800     4.290     0.000     0.000     1.000 
cC3H4              2   324.800     4.290     0.000     0.000     1.000 
CH2CCH3            2   260.000     4.850     0.000     0.000     1.000 
HONO               2   350.000     3.950     1.639     0.000     1.000 
NO3                2   400.000     4.200     0.200     0.000     1.000 
OCHCHO             2   440.200     4.010     0.000     0.000     2.000 
NCN                1   422.220     5.329     2.000     0.000     1.000 
HNCN               1   422.220     5.329     2.000     0.000     1.000 
HNCNH              1   422.220     5.329     2.000     0.000     1.000 
NO                 1   139.320     3.339     0.200     1.760     4.000 
HNO                2   170.000     3.430     1.620     0.000     1.000 
NO2                2   333.590     3.852     0.400     0.000     1.000 
AR                 0   136.500     3.330     0.000     0.000     0.000
C                  0    71.400     3.298     0.000     0.000     0.000 
C2                 1    97.530     3.621     0.000     1.760     4.000
C2O                1   232.400     3.828     0.000     0.000     1.000 
CN2                1   232.400     3.828     0.000     0.000     1.000 
C2H                1   209.000     4.100     0.000     0.000     2.500
C2H2               1   209.000     4.100     0.000     0.000     2.500
CHCHOH             2   224.700     4.162     0.000     0.000     1.000 
C2H3               2   209.000     4.100     0.000     0.000     1.000 
C2H4               2   280.800     3.971     0.000     0.000     1.500
C2H5               2   252.300     4.302     0.000     0.000     1.500
C2H6               2   252.300     4.302     0.000     0.000     1.500
C2N                1   232.400     3.828     0.000     0.000     1.000 
C2N2               1   349.000     4.361     0.000     0.000     1.000 
C3H                1   232.400     3.828     0.000     0.000     1.000 
C3H2               2   209.000     4.100     0.000     0.000     1.000 
C3H4               1   252.000     4.760     0.000     0.000     1.000
C3H6               2   266.800     4.982     0.000     0.000     1.000
C3H7               2   266.800     4.982     0.000     0.000     1.000
C4H6               2   357.000     5.180     0.000     0.000     1.000
I*C3H7             2   266.800     4.982     0.000     0.000     1.000
N*C3H7             2   266.800     4.982     0.000     0.000     1.000
C3H8               2   266.800     4.982     0.000     0.000     1.000
C4H                1   357.000     5.180     0.000     0.000     1.000
C4H2               1   357.000     5.180     0.000     0.000     1.000
C4H2OH             2   224.700     4.162     0.000     0.000     1.000 
C4H8               2   357.000     5.176     0.000     0.000     1.000
C4H9               2   357.000     5.176     0.000     0.000     1.000
I*C4H9             2   357.000     5.176     0.000     0.000     1.000
C5H2               1   357.000     5.180     0.000     0.000     1.000
C5H3               1   357.000     5.180     0.000     0.000     1.000
C6H2               1   357.000     5.180     0.000     0.000     1.000
C6H5               2   412.300     5.349     0.000     0.000     1.000 
C6H5O              2   450.000     5.500     0.000     0.000     1.000 
C5H5OH             2   450.000     5.500     0.000     0.000     1.000 
C6H6               2   412.300     5.349     0.000     0.000     1.000 
C6H7               2   412.300     5.349     0.000     0.000     1.000 
CH                 1    80.000     2.750     0.000     0.000     0.000
CH2                1   144.000     3.800     0.000     0.000     0.000
CH2(S)             1   144.000     3.800     0.000     0.000     0.000
CH2*               1   144.000     3.800     0.000     0.000     0.000
CH2CHCCH           2   357.000     5.180     0.000     0.000     1.000 
CH2CHCCH2          2   357.000     5.180     0.000     0.000     1.000 
CH2CHCH2           2   260.000     4.850     0.000     0.000     1.000 
CH2CHCHCH          2   357.000     5.180     0.000     0.000     1.000 
CH2CHCHCH2         2   357.000     5.180     0.000     0.000     1.000 
CH2CO              2   436.000     3.970     0.000     0.000     2.000
CH2O               2   498.000     3.590     0.000     0.000     2.000
CH2OH              2   417.000     3.690     1.700     0.000     2.000
CH3CC              2   252.000     4.760     0.000     0.000     1.000 
CH3CCCH2           2   357.000     5.180     0.000     0.000     1.000 
CH3CCCH3           2   357.000     5.180     0.000     0.000     1.000 
CH3CCH2            2   260.000     4.850     0.000     0.000     1.000 
CH3CHCH            2   260.000     4.850     0.000     0.000     1.000 
CH3CH2CCH          2   357.000     5.180     0.000     0.000     1.000 
CH3CHO             2   436.000     3.970     0.000     0.000     2.000
CH2CHCHO           2   443.200     4.120     0.000     0.000     1.000 
CH2CHO             2   436.000     3.970     0.000     0.000     2.000
CH3CO              2   436.000     3.970     0.000     0.000     2.000
CH3O               2   417.000     3.690     1.700     0.000     2.000
CH4O               2   417.000     3.690     1.700     0.000     2.000
CN                 1    75.000     3.856     0.000     0.000     1.000 
CNC                1   232.400     3.828     0.000     0.000     1.000 
CNN                1   232.400     3.828     0.000     0.000     1.000 
H2C4O              2   357.000     5.180     0.000     0.000     1.000 
H2CCCCH            2   357.000     5.180     0.000     0.000     1.000 
H2CCCCH2           2   357.000     5.180     0.000     0.000     1.000 
H2CCCH             2   252.000     4.760     0.000     0.000     1.000 
H2CN               1   569.000     3.630     0.000     0.000     1.000 
H2NO               2   116.700     3.492     0.000     0.000     1.000 
HC2N2              1   349.000     4.361     0.000     0.000     1.000 
HCCHCCH            2   357.000     5.180     0.000     0.000     1.000 
HCCO               2   150.000     2.500     0.000     0.000     1.000 
HCNN               2   150.000     2.500     0.000     0.000     1.000 
HCCOH              2   436.000     3.970     0.000     0.000     2.000
HCN                1   569.000     3.630     0.000     0.000     1.000 
HCO                2   498.000     3.590     0.000     0.000     0.000
HE                 0    10.200     2.576     0.000     0.000     0.000 
HCNO               2   232.400     3.828     0.000     0.000     1.000 
HOCN               2   232.400     3.828     0.000     0.000     1.000 
HNCO               2   232.400     3.828     0.000     0.000     1.000 
HNNO               2   232.400     3.828     0.000     0.000     1.000 
HNO                2   116.700     3.492     0.000     0.000     1.000 
HNOH               2   116.700     3.492     0.000     0.000     1.000 
N                  0    71.400     3.298     0.000     0.000     0.000 
N2                 1    97.530     3.621     0.000     1.760     4.000
N2H2               2    71.400     3.798     0.000     0.000     1.000 
N2H3               2   200.000     3.900     0.000     0.000     1.000 
N2H4               2   205.000     4.230     0.000     4.260     1.500
N2O                1   232.400     3.828     0.000     0.000     1.000 
NCO                1   232.400     3.828     0.000     0.000     1.000 
NH                 1    80.000     2.650     0.000     0.000     4.000
NH2                2    80.000     2.650     0.000     2.260     4.000
NH3                2   481.000     2.920     1.470     0.000    10.000
NNH                2    71.400     3.798     0.000     0.000     1.000 
NCNO               2   232.400     3.828     0.000     0.000     1.000 
CH3CH2OH           2   362.600     4.530     0.000     0.000     1.500 
CH3CH2O            2   362.600     4.530     0.000     0.000     1.500 
AR                 0   136.500     3.330     0.000     0.000     0.000
AR*                0   136.500     3.330     0.000     0.000     0.000
C                  0    71.400     3.298     0.000     0.000     0.000  
C2                 1    97.530     3.621     0.000     1.760     4.000
C2O                1   232.400     3.828     0.000     0.000     1.000 
CN2                1   232.400     3.828     0.000     0.000     1.000 
C2H                1   209.000     4.100     0.000     0.000     2.500
C2H2               1   209.000     4.100     0.000     0.000     2.500
C2H2OH             2   224.700     4.162     0.000     0.000     1.000  
CH2OH              2   417.000     3.690     1.700     0.000     2.000
C2H3               2   209.000     4.100     0.000     0.000     1.000  
C2H4               2   280.800     3.971     0.000     0.000     1.500
C2H5               2   252.300     4.302     0.000     0.000     1.500
C2H6               2   252.300     4.302     0.000     0.000     1.500
C2N                1   232.400     3.828     0.000     0.000     1.000 
NCCN               1   349.000     4.361     0.000     0.000     1.000  
C3H2               2   209.000     4.100     0.000     0.000     1.000  
C3H3               1   252.000     4.760     0.000     0.000     1.000
C3H4               1   252.000     4.760     0.000     0.000     1.000
C3H4P              1   252.000     4.760     0.000     0.000     1.000 
C3H6               2   266.800     4.982     0.000     0.000     1.000
C3H7               2   266.800     4.982     0.000     0.000     1.000
C4H6               2   357.000     5.180     0.000     0.000     1.000
I*C3H7             2   266.800     4.982     0.000     0.000     1.000
N*C3H7             2   266.800     4.982     0.000     0.000     1.000
C3H8               2   266.800     4.982     0.000     0.000     1.000
C4H                1   357.000     5.180     0.000     0.000     1.000
C4H2               1   357.000     5.180     0.000     0.000     1.000
C4H2OH             2   224.700     4.162     0.000     0.000     1.000  
C4H3               1   357.000     5.180     0.000     0.000     1.000
C4H4               1   357.000     5.180     0.000     0.000     1.000
C4H8               2   357.000     5.176     0.000     0.000     1.000
C4H9               2   357.000     5.176     0.000     0.000     1.000
S*C4H9             2   357.000     5.176     0.000     0.000     1.000
C4H9               2   357.000     5.176     0.000     0.000     1.000
I*C4H9             2   357.000     5.176     0.000     0.000     1.000
C5H2               1   357.000     5.180     0.000     0.000     1.000
C5H3               1   357.000     5.180     0.000     0.000     1.000
C6H2               1   357.000     5.180     0.000     0.000     1.000
C6H5               2   412.300     5.349     0.000     0.000     1.000 
C6H5(L)            2   412.300     5.349     0.000     0.000     1.000 
C6H5O              2   450.000     5.500     0.000     0.000     1.000 
C5H5OH             2   450.000     5.500     0.000     0.000     1.000 
C6H6               2   412.300     5.349     0.000     0.000     1.000 
C6H7               2   412.300     5.349     0.000     0.000     1.000 
CH                 1    80.000     2.750     0.000     0.000     0.000
CH2(SING)          1   144.000     3.800     0.000     0.000     0.000
CH2CHCCH           2   357.000     5.180     0.000     0.000     1.000 
CH2CHCCH2          2   357.000     5.180     0.000     0.000     1.000 
CH2CHCH2           2   260.000     4.850     0.000     0.000     1.000 
CH2CHCHCH          2   357.000     5.180     0.000     0.000     1.000 
CH2CHCHCH2         2   357.000     5.180     0.000     0.000     1.000 
CH2CO              2   436.000     3.970     0.000     0.000     2.000
CH2O               2   498.000     3.590     0.000     0.000     2.000
CH3CC              2   252.000     4.760     0.000     0.000     1.000 
CH3CCCH2           2   357.000     5.180     0.000     0.000     1.000 
CH3CCCH3           2   357.000     5.180     0.000     0.000     1.000 
CH3CCH2            2   260.000     4.850     0.000     0.000     1.000 
CH3CHCH            2   260.000     4.850     0.000     0.000     1.000 
CH3CH2CCH          2   357.000     5.180     0.000     0.000     1.000 
CH3CHO             2   436.000     3.970     0.000     0.000     2.000
CH3CO              2   436.000     3.970     0.000     0.000     2.000
CH3O               2   417.000     3.690     1.700     0.000     2.000
CH4O               2   417.000     3.690     1.700     0.000     2.000
CN                 1    75.000     3.856     0.000     0.000     1.000  
CNC                1   232.400     3.828     0.000     0.000     1.000 
CNN                1   232.400     3.828     0.000     0.000     1.000 
CL                 0   130.8       3.613     0.000     0.000     1.000  
CL-                0   130.8       3.613     0.000     0.000     1.000  
E                  0   850.        425.      0.000     0.000     1.000  
F                  0    80.000     2.750     0.000     0.000     0.000
F2                 1   125.700     3.301     0.000     1.600     3.800
H2C4O              2   357.000     5.180     0.000     0.000     1.000 
H2CCCCH            2   357.000     5.180     0.000     0.000     1.000 
H2CCCCH2           2   357.000     5.180     0.000     0.000     1.000 
H2CCCH             2   252.000     4.760     0.000     0.000     1.000 
H2CN               1   569.000     3.630     0.000     0.000     1.000 
H2NO               2   116.700     3.492     0.000     0.000     1.000 
H2S                2   301.000     3.600     0.000     0.000     1.000  
HC2N2              1   349.000     4.361     0.000     0.000     1.000 
HCCHCCH            2   357.000     5.180     0.000     0.000     1.000 
HCCO               2   150.000     2.500     0.000     0.000     1.000  
HCCOH              2   436.000     3.970     0.000     0.000     2.000
HCN                1   569.000     3.630     0.000     0.000     1.000  
HCNO               2   232.400     3.828     0.000     0.000     1.000 
HCO                2   498.000     3.590     0.000     0.000     0.000
HCO+               1   498.000     3.590     0.000     0.000     0.000
HCL                1   344.7       3.339     0.000     0.000     1.000  
HF                 1   330.000     3.148     1.920     2.460     1.000 
HF0                1   352.000     2.490     1.730     0.000     5.000
HF1                1   352.000     2.490     1.730     0.000     5.000
HF2                1   352.000     2.490     1.730     0.000     5.000
HF3                1   352.000     2.490     1.730     0.000     5.000
HF4                1   352.000     2.490     1.730     0.000     5.000
HF5                1   352.000     2.490     1.730     0.000     5.000
HF6                1   352.000     2.490     1.730     0.000     5.000
HF7                1   352.000     2.490     1.730     0.000     5.000
HF8                1   352.000     2.490     1.730     0.000     5.000
CH2HCO             2   436.000     3.970     0.000     0.000     2.000
HOCN               2   232.400     3.828     0.000     0.000     1.000  
HNCO               2   232.400     3.828     0.000     0.000     1.000  
HNNO               2   232.400     3.828     0.000     0.000     1.000  
HNO                2   116.700     3.492     0.000     0.000     1.000  
HNOH               2   116.700     3.492     0.000     0.000     1.000 
HSO2               2   252.000     4.290     0.000     0.000     1.000  
HE                 0    10.200     2.576     0.000     0.000     0.000  
K                  0   850.        4.25      0.000     0.000     1.000  
KCL                1  1989.        4.186     0.000     0.000     1.000  
KO                 1   383.0       3.812     0.000     0.000     1.000  
KOH                2  1213.        4.52      0.000     0.000     1.000  
KO2                2  1213.        4.69      0.000     0.000     1.000  
KH                 1    93.3       3.542     0.000     0.000     1.000  
K+                 0   850.        4.25      0.000     0.000     1.000  
N                  0    71.400     3.298     0.000     0.000     0.000  
N2                 1    97.530     3.621     0.000     1.760     4.000
N2H2               2    71.400     3.798     0.000     0.000     1.000  
N2H3               2   200.000     3.900     0.000     0.000     1.000  
N2H4               2   205.000     4.230     0.000     4.260     1.500
N2O                1   232.400     3.828     0.000     0.000     1.000  
NCN                1   232.400     3.828     0.000     0.000     1.000 
NCO                1   232.400     3.828     0.000     0.000     1.000  
NH                 1    80.000     2.650     0.000     0.000     4.000
NH2                2    80.000     2.650     0.000     2.260     4.000
NH3                2   481.000     2.920     1.470     0.000    10.000
NNH                2    71.400     3.798     0.000     0.000     1.000  
NCNO               2   232.400     3.828     0.000     0.000     1.000 
O3                 2   180.000     4.100     0.000     0.000     2.000
S                  0   847.000     3.839     0.000     0.000     0.000  
S2                 1   847.000     3.900     0.000     0.000     1.000  
SH                 1   847.000     3.900     0.000     0.000     1.000  
SO                 1   301.000     3.993     0.000     0.000     1.000  
SO2                2   252.000     4.290     0.000     0.000     1.000  
SO3                2   378.400     4.175     0.000     0.000     1.000  
CH3NO              2   436.000     3.970     0.000     0.000     2.000 
CH2NO              2   232.400     3.828     0.000     0.000     1.000 
C2H5NO             1   252.000     4.760     0.000   0.000     1.000 
CH3CHNO            1   252.000     4.760     0.000   0.000     1.000	
C2H3NO             2   357.000     5.176     0.000   0.000     1.000	
CHCHNO             1   357.000     5.180     0.000   0.000     1.000	
CH3CNO             2   357.000     5.176     0.000   0.000     1.000	
CH2CHNO            2   357.000     5.176     0.000   0.000     1.000	
CH3NO2             2   232.400     3.828     0.000     0.000     1.000  
CH3ONO             2   232.400     3.828     0.000     0.000     1.000  
CH2NO2             2   232.400     3.828     0.000     0.000     1.000  
C2H5NO2            2   503.0722    5.340     1.67      8.88	 1	
CH2CH2NO2          2   503.0722    5.340     1.67      8.88	 1	
CH3CHNO2           2   503.0722    5.340     1.67      8.88	 1	
CH3ONO             2   232.400     3.828     0.000     0.000     1.000  
CH3ONO2            2   459.5        5.036        1.7     0.0       1.0   
CH3CH2ONO          2   503.0722524  5.339941638	 1.67	8.88	  1	
CH2CH2NO2          2   503.0722524  5.339941638	 1.67	8.88	  1	
CH3CHNO2           2   503.0722524  5.339941638	 1.67	8.88	  1	
CH3CH2ONO2         2   496.000      5.200           0.000   0.000     1.000 
CH3NH2             2   481.800     3.626     0.000     0.000     1.000 
CH3NH              2   481.800     3.626     0.000     0.000     1.000 
CH2NH2             2   481.800     3.626     0.000     0.000     1.000 
CH2NH              2   417.000     3.690     1.700     0.000     2.000 
H2CN               1   569.000     3.630     0.000     0.000     1.000 
HNC                1   569.000     3.630     0.000     0.000     1.000 
HCNH               1   569.000     3.630     0.000     0.000     1.000 
CH3NO              2   436.000     3.970     0.000     0.000     2.000 
CH3NH2             2   481.800     3.626     0.000     0.000     1.000 
CH3NH              2   481.800     3.626     0.000     0.000     1.000 
CH2NH2             2   481.800     3.626     0.000     0.000     1.000 
CH2NH              2   417.000     3.690     1.700     0.000     2.000 
CH3CH2NH2          2   436.000     3.970     0.000     0.000     2.000 
CH3NHCH3           2   436.000     3.970     0.000     0.000     2.000 
CH2CH2NH2          2   436.000     3.970     0.000     0.000     2.000 
CH3NCH3            2   436.000     3.970     0.000     0.000     2.000 
CH3NHCH2           2   436.000     3.970     0.000     0.000     2.000 
CH3CHNH2           2   436.000     3.970     0.000     0.000     2.000 
CH3CH2NH           2   436.000     3.970     0.000     0.000     2.000 
CH2CHNH2           2   303.400     4.810     0.000     0.000     1.000 
CH3CHNH            2   303.400     4.810     0.000     0.000     1.000 
CH3NCH2            2   303.400     4.810     0.000     0.000     1.000 
CH2CHNH            2   307.800     4.140     0.000     0.000     1.000 
CHCHNH2            2   307.800     4.140     0.000     0.000     1.000 
CH2NCH2            2   307.800     4.140     0.000     0.000     1.000 
CH3CHN             2   307.800     4.140     0.000     0.000     1.000 
CH3NCH             2   307.800     4.140     0.000     0.000     1.000 
CH3CNH             2   307.800     4.140     0.000     0.000     1.000 
CH2CNH2            2   307.800     4.140     0.000     0.000     1.000 
CH2CNH             2   260.000     4.850     0.000     0.000     1.000 
CH2CHN             2   260.000     4.850     0.000     0.000     1.000 
CH2CHN(S)          2   260.000     4.850     0.000     0.000     1.000 
c-C2H3N            2   260.000     4.850     0.000     0.000     1.000 
CHCNH2             2   260.000     4.850     0.000     0.000     1.000 
CHCNH              1   252.000     4.760     0.000     0.000     1.000 
H2NCHO             2   307.800     4.140     0.000     0.000     1.000 
H2NCO              2   307.800     4.140     0.000     0.000     1.000 
CH3NC              2   422.220     5.329     3.500     0.000     1.000 
CH3CN              2   422.220     5.329     3.500     0.000     1.000 
CH2CN              2   422.220     5.329     3.500     0.000     1.000 
end
