
!Experimental and modeling study of acetone combustion	
						
!Ismahane Meziane (a), Yann Fenard (b,c), Nicolas Delort (a), Olivier Herbinet (a), Jeremy Bourgalais (a), Ajoy Ramalingam (c), Karl Alexander Heufer (c), Frederique Battin-Leclerc (a)							
     
 !a Universite de Lorraine, CNRS, LRGP, F-54000 Nancy, France							
     
 !b Univ. Lille, CNRS, UMR 8522 – PC2A, Physicochimie des Processus de Combustion et de l’Atmosphère, F-59000 Lille, France			

 !c Chair of High Pressure Gas Dynamics (formerly Physico-Chemical Fundamentals of Combustion), RWTH Aachen University, D-52056 Aachen, Germany


! Transport data are taken from various NUIG's mechanisms and from a database developed in LRGP-CNRS at Nancy (FRANCE)                                                                                                                                                                                                                                               
                                                                                                                                      
!Curran methanol 2016
AR                            0   136.500     3.330     0.000     0.000     0.000 !
N2                            1    97.530     3.621     0.000     1.760     4.000 !
HE                            0    10.200     2.576     0.000     0.000     0.000 !
H2                            1    38.000     2.920     0.000     0.790   280.000 !
H                             0   145.000     2.050     0.000     0.000     0.000 !
O2                            1   107.400     3.458     0.000     1.600     3.800 !
O                             0    80.000     2.750     0.000     0.000     0.000 !
H2O                           2   572.400     2.605     1.844     0.000     4.000 !
OH                            1    80.000     2.750     0.000     0.000     0.000 !
OHV                           1    80.000     2.750     0.000     0.000     0.000 !
H2O2                          2   107.400     3.458     0.000     0.000     3.800 !
HO2                           2   107.400     3.458     0.000     0.000     1.000 !
CO                            1    98.100     3.650     0.000     1.950     1.800 !
CO2                           1   244.000     3.763     0.000     2.650     2.100 !
HOCO                          2   498.000     3.590     0.000     0.000     2.000 !
CH4                           2   141.400     3.746     0.000     2.600    13.000 !
CH3                           1   144.000     3.800     0.000     0.000     0.000 !
CH2                           1   144.000     3.800     0.000     0.000     0.000 !
CH2(S)                        1   144.000     3.800     0.000     0.000     0.000 !
C                             0    71.400     3.298     0.000     0.000     0.000 !
CH                            1    80.000     2.750     0.000     0.000     0.000 !
CHV                           1    80.000     2.750     0.000     0.000     0.000 !
CH3O2H                        2   481.800     3.626     0.000     0.000     1.000 !
CH3O2                         2   481.800     3.626     0.000     0.000     1.000 !
CH2O2H                        2   238.400     3.496     0.000     0.000     1.500 !
CH3OH                         2   481.800     3.626     0.000     0.000     1.000 !
CH3O                          2   417.000     3.690     1.700     0.000     2.000 !
CH2OH                         2   417.000     3.690     1.700     0.000     2.000 !
CH2O                          2   498.000     3.590     0.000     0.000     2.000 !
HCO                           2   498.000     3.590     0.000     0.000     0.000 !
HCOH                          2   498.000     3.590     0.000     0.000     1.000 !
HO2CHO                        2   436.000     3.970     0.000     0.000     2.000 !
HOCH2O2H                      2   481.800     3.626     1.700     0.000     1.000 !
HOCH2O2                       2   481.800     3.626     1.700     0.000     1.000 !
OCH2O2H                       2   481.800     3.626     1.700     0.000     1.000 !
HOCH2O                        2   470.600     4.410     0.000     0.000     1.500 !
O2CHO                         2   436.000     3.970     0.000     0.000     2.000 !
HOCHO                         2   436.000     3.970     0.000     0.000     2.000 !
OCHO                          2   498.000     3.590     0.000     0.000     2.000 !
C2H6                          2   247.500     4.350     0.000     0.000     1.500 !
C2H5                          2   247.500     4.350     0.000     0.000     1.500 !
C2H5O2H                       2   470.600     4.410     0.000     0.000     1.500 !
C2H5O2                        2   470.600     4.410     0.000     0.000     1.500 !
C2H4                          2   238.400     3.496     0.000     0.000     1.500 !
C2H3                          2   265.300     3.721     0.000     0.000     1.000 !
C2H2                          1   265.300     3.721     0.000     0.000     2.500 !
C2H                           1   265.300     3.721     0.000     0.000     2.500 !
H2CC                          2   209.000     4.100     0.000     0.000     2.500 !
C2H5OH                        2   470.600     4.410     0.000     0.000     1.500 !
C2H5O                         2   470.600     4.410     0.000     0.000     1.500 !
PC2H4OH                       2   470.600     4.410     0.000     0.000     1.500 !
SC2H4OH                       2   470.600     4.410     0.000     0.000     1.500 !
O2C2H4OH                      2   523.200     5.664     1.700     0.000     1.000 !
C2H4O2H                       2   470.600     4.410     0.000     0.000     1.500 !
C2H4O1-2                      2   436.000     3.970     0.000     0.000     2.000 !
C2H3O1-2                      2   436.000     3.970     0.000     0.000     2.000 !
CH3CHO                        2   436.000     3.970     0.000     0.000     2.000 !
CH3CO                         2   436.000     3.970     0.000     0.000     2.000 !
CH2CHO                        2   436.000     3.970     0.000     0.000     2.000 !
O2CH2CHO                      2   275.049     5.428     0.000     0.000     1.000 !
HO2CH2CO                      2   279.007     5.505     1.300     0.000     1.000 !
C2H3OH                        2   470.600     4.410     0.000     0.000     1.500 !
C2H2OH                        2   224.700     4.162     0.000     0.000     1.000 !
CH2CO                         2   436.000     3.970     0.000     0.000     2.000 !
HCCO                          2   150.000     2.500     0.000     0.000     1.000 !
HCCOH                         2   436.000     3.970     0.000     0.000     2.000 !
CH3CO3H                       2   436.000     3.970     0.000     0.000     2.000 !
CH3CO3                        2   436.000     3.970     0.000     0.000     2.000 !
CH3CO2                        2   436.000     3.970     0.000     0.000     2.000 !
CH3OCH3                       2   395.000     4.037     1.300     0.000     1.000 !
CH3OCH2                       2   395.000     4.037     1.300     0.000     1.000 !
CH3OCH2O2H                    2   395.000     4.037     1.300     0.000     1.000 !
CH3OCH2O2                     2   395.000     4.037     1.300     0.000     1.000 !
CH2OCH2O2H                    2   395.000     4.037     1.300     0.000     1.000 !
O2CH2OCH2O2H                  2   395.000     4.037     1.300     0.000     1.000 !
HO2CH2OCHO                    2   395.000     4.037     1.300     0.000     1.000 !
OCH2OCHO                      2   395.000     4.037     1.300     0.000     1.000 !
HOCH2OCO                      2   395.000     4.037     1.300     0.000     1.000 !
CH3OCH2O                      2   395.000     4.037     1.300     0.000     1.000 !
CH3OCHO                       2   395.000     4.037     1.300     0.000     1.000 !
CH3OCO                        2   395.000     4.037     1.300     0.000     1.000 !
CH2OCHO                       2   395.000     4.037     1.300     0.000     1.000 !
C3H8                          2   303.400     4.810     0.000     0.000     1.000 !
IC3H7                         2   303.400     4.810     0.000     0.000     1.000 !
NC3H7                         2   303.400     4.810     0.000     0.000     1.000 !
NC3H7O2H                      2   481.500     4.997     1.700     0.000     1.000 !
NC3H7O2                       2   481.500     4.997     1.700     0.000     1.000 !
IC3H7O2H                      2   459.500     5.036     1.700     0.000     1.000 !
IC3H7O2                       2   459.500     5.036     1.700     0.000     1.000 !
NC3H7O                        2   481.500     4.997     1.700     0.000     1.000 !
IC3H7O                        2   459.500     5.036     1.700     0.000     1.000 !
C3H6OOH1-2                    2   435.200     4.662     2.700     0.000     1.000 !
C3H6OOH1-3                    2   435.200     4.662     2.700     0.000     1.000 !
C3H6OOH2-1                    2   435.200     4.662     2.700     0.000     1.000 !
C3H6OOH1-2O2                  2   435.200     4.662     2.700     0.000     1.000 !
C3H6OOH1-3O2                  2   435.200     4.662     2.700     0.000     1.000 !
C3H6OOH2-1O2                  2   435.200     4.662     2.700     0.000     1.000 !
C3KET12                       2   464.200     5.009     2.600     0.000     1.000 !
C3KET13                       2   464.200     5.009     2.600     0.000     1.000 !
C3H51-2,3OOH                  2   549.655     5.716     0.000     0.000     0.000 !
C3H52-1,3OOH                  2   549.655     5.716     0.000     0.000     0.000 !
C3H5O1-2OOH-3                 2   464.200     5.009     2.600     0.000     1.000 !C3KET12
C3H5O1-3OOH-2                 2   464.200     5.009     2.600     0.000     1.000 !C3KET12
C3H6O1-2                      2   403.600     4.968     2.000     0.000     1.000 !
C3H6O1-3                      2   403.600     4.968     2.000     0.000     1.000 !
C3H6                          2   307.800     4.140     0.000     0.000     1.000 !
C3H5-A                        2   316.000     4.220     0.000     0.000     1.000 !
C3H5-S                        2   316.000     4.220     0.000     0.000     1.000 !
C3H5-T                        2   316.000     4.220     0.000     0.000     1.000 !
CC3H6                         2   307.800     4.140     0.000     0.000     1.000 !C3H6
C3H5O                         2   411.000     4.820     0.000     0.000     1.000 !
CH2CHOCH2                     2   411.000     4.820     0.000     0.000     1.000 !C3H5O
CH3CHCHO                      2   387.860     4.687     0.000     0.000     0.000 !
AC4H7OOH                      2   330.435     5.741     0.000     0.000     1.000 !
C3H6OH1-2                     2   487.900     4.820     0.000     0.000     1.000 !
CH3CHCO                       2   443.200     4.120     0.000     0.000     1.000 !
AC3H5OOH                      2   481.500     4.997     1.700     0.000     1.000 !
C2H3OOH                       2   436.000     3.970     0.000     0.000     2.000 !
C2H3OO                        2   436.000     3.970     0.000     0.000     2.000 !CH3CO2
CHCHO                         2   436.000     3.970     0.000     0.000     2.000 !HCCOH
C3H6OH2-1                     2   487.900     4.820     0.000     0.000     1.000 !
TQJC3H6OH                     2   464.200     5.009     2.600     0.000     1.000 !C3KET12
TQC3H6OI                      2   464.200     5.009     2.600     0.000     1.000 !C3KET12
QC3H5OHP                      2   464.200     5.009     2.600     0.000     1.000 !C3KET12
CCY(COC)OH                    2   481.500     4.997     1.700     0.000     1.000 !AC3H5OOH
IQJC3H6OH                     2   464.200     5.009     2.600     0.000     1.000 !C3KET12
IQC3H6OT                      2   464.200     5.009     2.600     0.000     1.000 !C3KET12
CY(COC)COH                    2   481.500     4.997     1.700     0.000     1.000 !AC3H5OOH
CHOCOHCH3                     2   481.500     4.997     1.700     0.000     1.000 !AC3H5OOH
CY(CCOC)OH                    2   481.500     4.997     1.700     0.000     1.000 !AC3H5OOH
TQC3H5OHI                     2   464.200     5.009     2.600     0.000     1.000 !C3KET12
TQC3H5OHIO2                   2   496.000     5.200     0.000     0.000     1.000 !C4H8OOH1-2O2
TQC3H5OHIQ-I                  2   496.000     5.200     0.000     0.000     1.000 !C4H8OOH1-2O2
TQC3H5OHIQ-P                  2   496.000     5.200     0.000     0.000     1.000 !C4H8OOH1-2O2
C2H3COHOOH                    2   464.200     5.009     2.600     0.000     1.000 !C3KET12
COHOOHCY(COC)                 2   502.200     5.356     1.800     0.000     1.000 !C4H8OH-1O2
OHCY(COCC)OOH                 2   502.200     5.356     1.800     0.000     1.000 !C4H8OH-1O2
TQC3H5OHTO2                   2   496.000     5.200     0.000     0.000     1.000 !C4H8OOH1-2O2
OHCOCOOHCH3                   2   502.200     5.356     1.800     0.000     1.000 !C4H8OH-1O2
IQC3H5OHPJ                    2   464.200     5.009     2.600     0.000     1.000 !C3KET12
IQC3H5OHPJO2                  2   496.000     5.200     0.000     0.000     1.000 !C4H8OOH1-2O2
IQC3H5OTQ-I                   2   496.000     5.200     0.000     0.000     1.000 !C4H8OOH1-2O2
CHOCH2OOH                     2   436.000     3.970     0.000     0.000     2.000 !CH3CO3H
IQC3H5OHQ-SJ                  2   496.000     5.200     0.000     0.000     1.000 !C4H8OOH1-2O2
SC3H5OH                       2   304.276     5.450     0.000     0.000     1.000 !
IC3H5OH                       2   459.500     5.036     1.700     0.000     1.000 !
C3H5OH                        2   481.500     4.997     1.700     0.000     1.000 !
CH2CCH2OH                     2   481.500     4.997     1.700     0.000     1.000 !
CHOCOHCH2OOH                  2   502.200     5.356     1.800     0.000     1.000 !C4H8OH-1O2
CHOCHO                        1   440.200     4.010     0.000     0.000     2.000 !
C3H4-P                        1   324.800     4.290     0.000     0.000     1.000 !
C3H4-A                        1   324.800     4.290     0.000     0.000     1.000 !
C3H3                          1   324.800     4.290     0.000     0.000     1.000 !
CC3H4                         1   252.000     4.760     0.000     0.000     1.000 !
C3H2                          2   209.000     4.100     0.000     0.000     1.000 !
H2CCC(S)                      2   265.300     3.721     0.000     0.000     1.000 !
C3H2(S)                       2   209.000     4.100     0.000     0.000     1.000 !
C3H2C                         1   290.616     4.368     0.000     0.000     1.000 !
PC3H4OH-2                     2   300.783     5.377     0.000     0.000     1.000 !
SC3H4OH                       2   298.893     5.345     0.000     0.000     1.000 !
C3H3O                         2   301.263     5.055     0.000     0.000     1.000 !
C3H3O2H                       2   301.658     5.310     0.000     0.000     1.000 !
C2HCHO                        2   343.033     4.884     0.000     0.000     1.000 !
C2H5CHO                       2   435.200     4.662     2.700     0.000     1.000 !
C2H5CO                        2   424.600     4.820     0.000     0.000     1.000 !
CH2CH2CHO                     2   424.600     4.820     0.000     0.000     1.000 !
C2H3CHO                       2   428.800     4.958     2.900     0.000     1.000 !
C2H3CO                        2   443.200     4.120     0.000     0.000     1.000 !
CH3COCH3                      2   435.500     4.860     0.000     0.000     1.000 !
CH3COCH2                      2   435.500     4.860     0.000     0.000     1.000 !
CH3COCH2O2                    2   502.115     5.429     0.000     0.000     0.000 !
CH3COCH2O                     2   447.639     5.086     0.000     0.000     0.000 !
C3KET21                       2   464.200     5.009     2.600     0.000     1.000 !


!NUIG1.1
CH3OCH2OH                 2  405.540  5.690    0.000    0.000    1.000    !\AUTHOR: KPS !\REF: DAMES, CNF, 2016 !\COMMENT:
SC2H2OH                   2  436.000  3.970    0.000    0.000    2.000    !\AUTHOR: WARNING !\REF: WARNING !\COMMENT: CH3CO
HOCH2CHO                  2  395.000  4.037    1.300    0.000    1.000    !\AUTHOR: WARNING !\REF: WARNING !\COMMENT: CH3OCHO
HOCH2CO                   2  436.000  3.970    0.000    0.000    2.000    !\AUTHOR: WARNING !\REF: WARNING !\COMMENT: CH3CO2
HOCHCHO                   2  436.000  3.970    0.000    0.000    2.000    !\AUTHOR: WARNING !\REF: WARNING !\COMMENT: CH3CO2
O2CCHOOJ                  2  470.600  4.410    0.000    0.000    1.500    !\AUTHOR: WARNING !\REF: WARNING !\COMMENT:
PC3H4OH-1                 2  411.000  4.820    0.000    0.000    1.000


!Aramco3.0
HO2CH2CHO            2      275.049    5.428      0.000      0.000      1.000      !O2CH2CHO!
PC3H4OH-3            2      411.000    4.820      0.000      0.000      1.000      !C3H5O!


!CNRS-LRGP DATABASE
              
HCOCO              2   436.000     3.970     0.000     0.000     2.000 ! bak                                                                                             
CH3OOH             2   481.800     3.626     0.000     0.000     1.000 ! ??? ASSUMED SAMEAS CH3OH  APC                                                                                                                                                                                                                          
C4H10              2   531.4       4.687     0.0       0.0       1.000 !                                                                                                                                                                                                                                                                                                                                                                                                                                                                                          
 C3H5-1E-2OOH    2   451.217     5.184     0.000     0.000     1.000
 C3H5-SOOH       2   451.217     5.184     0.000     0.000     1.000
 NC3H7OH         2   399.661     4.835     0.000     0.000     1.000
 C3H6OH1-1       2   395.759     4.808     0.000     0.000     1.000
 C3H6OH1-3       2   395.759     4.808     0.000     0.000     1.000
 HOC3H6O2        2   508.680     5.553     0.000     0.000     1.000
 IC3H7OH         2   399.661     4.835     0.000     0.000     1.000
 TC3H6OH         2   395.759     4.808     0.000     0.000     1.000
 IC4H10          2   392.000     4.781     0.000     0.000     1.000
 PC4H9           2   388.043     4.754     0.000     0.000     1.000
 SC4H9           2   388.043     4.754     0.000     0.000     1.000
 PC4H9O          2   447.801     5.161     0.000     0.000     1.000
 SC4H9O          2   447.801     5.161     0.000     0.000     1.000
 PC4H9O2         2   502.262     5.513     0.000     0.000     1.000
 SC4H9O2         2   502.262     5.513     0.000     0.000     1.000
 PC4H9O2H        2   505.550     5.533     0.000     0.000     1.000
 SC4H9O2H        2   505.550     5.533     0.000     0.000     1.000
 C4H8OOH1-2      2   502.262     5.513     0.000     0.000     1.000
 C4H8OOH1-3      2   502.262     5.513     0.000     0.000     1.000
 C4H8OOH1-4      2   502.262     5.513     0.000     0.000     1.000
 C4H8OOH2-1      2   502.262     5.513     0.000     0.000     1.000
 C4H8OOH2-3      2   502.262     5.513     0.000     0.000     1.000
 C4H8OOH2-4      2   502.262     5.513     0.000     0.000     1.000
 C4H8O1-2        2   444.210     5.137     0.000     0.000     1.000
 C4H8O1-3        2   444.210     5.137     0.000     0.000     1.000
 C4H8O1-4        2   444.210     5.137     0.000     0.000     1.000
 C4H8O2-3        2   444.210     5.137     0.000     0.000     1.000
 C4H8OOH1-2O2    2   600.083     6.106     0.000     0.000     1.000
 C4H8OOH1-3O2    2   600.083     6.106     0.000     0.000     1.000
 C4H8OOH1-4O2    2   600.083     6.106     0.000     0.000     1.000
 C4H8OOH2-1O2    2   600.083     6.106     0.000     0.000     1.000
 C4H8OOH2-3O2    2   600.083     6.106     0.000     0.000     1.000
 C4H8OOH2-4O2    2   600.083     6.106     0.000     0.000     1.000
 C4H71-2,4OOH    2   600.083     6.106     0.000     0.000     1.000
 C4H72-1,3OOH    2   600.083     6.106     0.000     0.000     1.000
 C4H72-1,4OOH    2   600.083     6.106     0.000     0.000     1.000
 C4H71-2,3OOH    2   600.083     6.106     0.000     0.000     1.000
 C4H7O1-3OOH-4   2   549.662     5.805     0.000     0.000     1.000
 C4H7O1-3OOH-2   2   549.662     5.805     0.000     0.000     1.000
 C4H7O1-2OOH-4   2   549.662     5.805     0.000     0.000     1.000
 C4H7O1-4OOH-2   2   549.662     5.805     0.000     0.000     1.000
 C4H7O1-2OOH-3   2   549.662     5.805     0.000     0.000     1.000
 C4H7O2-3OOH-1   2   549.662     5.805     0.000     0.000     1.000
 C4H72-1OOH      2   498.960     5.492     0.000     0.000     1.000
 NC4KET12        2   549.662     5.805     0.000     0.000     1.000
 NC4KET13        2   549.662     5.805     0.000     0.000     1.000
 NC4KET14        2   549.662     5.805     0.000     0.000     1.000
 NC4KET21        2   549.662     5.805     0.000     0.000     1.000
 NC4KET23        2   549.662     5.805     0.000     0.000     1.000
 NC4KET24        2   549.662     5.805     0.000     0.000     1.000
 C4H71-3OOH      2   498.960     5.492     0.000     0.000     1.000
 C4H71-4OOH      2   498.960     5.492     0.000     0.000     1.000
 C4H71-3,4OOH    2   600.083     6.106     0.000     0.000     1.000
 C4H72-3,4OOH    2   600.083     6.106     0.000     0.000     1.000
 C4H71-O         2   440.598     5.113     0.000     0.000     1.000
 IC4H9           2   388.043     4.754     0.000     0.000     1.000
 TC4H9           2   388.043     4.754     0.000     0.000     1.000
 TC4H9O          2   447.801     5.161     0.000     0.000     1.000
 IC4H9O          2   447.801     5.161     0.000     0.000     1.000
 IC3H7CHO        2   444.210     5.137     0.000     0.000     1.000
 SC4H7OH-I       2   444.210     5.137     0.000     0.000     1.000
 IC4H6OH         2   440.598     5.113     0.000     0.000     1.000
 IC3H7CO         2   440.598     5.113     0.000     0.000     1.000
 IC3H6CHO        2   440.598     5.113     0.000     0.000     1.000
 TC3H6CHO        2   440.598     5.113     0.000     0.000     1.000
 C3H6CHO-1       2   440.598     5.113     0.000     0.000     1.000
 C3H6CHO-2       2   440.598     5.113     0.000     0.000     1.000
 C3H6CHO-3       2   440.598     5.113     0.000     0.000     1.000
 IC3H5CHO        2   436.964     5.089     0.000     0.000     1.000
 IC3H6CO         2   436.964     5.089     0.000     0.000     1.000
 IC3H5CO         2   433.308     5.064     0.000     0.000     1.000
 IC3H4CHO-A      2   433.308     5.064     0.000     0.000     1.000
 IC4H8O          2   444.210     5.137     0.000     0.000     1.000
 TC3H6O2CHO      2   546.570     5.787     0.000     0.000     1.000
 IC3H5O2HCHO     2   546.570     5.787     0.000     0.000     1.000
 TC3H6O2HCO      2   546.570     5.787     0.000     0.000     1.000
 TC3H6OCHO       2   495.641     5.471     0.000     0.000     1.000
 IC4H9O2         2   502.262     5.513     0.000     0.000     1.000
 TC4H9O2         2   502.262     5.513     0.000     0.000     1.000
 IC4H8O2H-I      2   502.262     5.513     0.000     0.000     1.000
 IC4H8O2H-T      2   502.262     5.513     0.000     0.000     1.000
 TC4H8O2H-I      2   502.262     5.513     0.000     0.000     1.000
 CC4H8O          2   444.210     5.137     0.000     0.000     1.000
 IC4H8OOH-IO2    2   600.083     6.106     0.000     0.000     1.000
 IC4H8OOH-TO2    2   600.083     6.106     0.000     0.000     1.000
 TC4H8OOH-IO2    2   600.083     6.106     0.000     0.000     1.000
 IC4KETII        2   549.662     5.805     0.000     0.000     1.000
 IC4KETIT        2   549.662     5.805     0.000     0.000     1.000
 TIC4H7Q2-I      2   600.083     6.106     0.000     0.000     1.000
 IIC4H7Q2-I      2   600.083     6.106     0.000     0.000     1.000
 IIC4H7Q2-T      2   600.083     6.106     0.000     0.000     1.000
 IC4H7OOH        2   498.960     5.492     0.000     0.000     1.000
 IC4H9O2H        2   505.550     5.533     0.000     0.000     1.000
 TC4H9O2H        2   505.550     5.533     0.000     0.000     1.000
 IC4H8           2   384.056     4.725     0.000     0.000     1.000
 IC4H7           2   380.039     4.697     0.000     0.000     1.000
 IC4H7-I1        2   380.039     4.697     0.000     0.000     1.000
 IC4H7O2         2   495.641     5.471     0.000     0.000     1.000
 IC4H6OOH-I      2   495.641     5.471     0.000     0.000     1.000
 CCYCCOOC-T1     2   495.641     5.471     0.000     0.000     1.000
 C2CYCOOC-I1     2   495.641     5.471     0.000     0.000     1.000
 CCYCCOOC-I2     2   495.641     5.471     0.000     0.000     1.000
 IC3H5OOCH2      2   495.641     5.471     0.000     0.000     1.000
 CHOIC3H6O       2   495.641     5.471     0.000     0.000     1.000
 CVCYCCOC        2   436.964     5.089     0.000     0.000     1.000
 CCYC2OCO        2   495.641     5.471     0.000     0.000     1.000
 CCYCCO-T1       2   387.871     4.752     0.000     0.000     1.000
 IC4H7O          2   440.598     5.113     0.000     0.000     1.000
 IC3H5OCH2       2   440.598     5.113     0.000     0.000     1.000
 IC4H7OOCH3      2   543.598     5.769     0.000     0.000     1.000
 IC4H7OOIC4H7    2   658.627     6.441     0.000     0.000     1.000
 C4H8-1          2   384.056     4.725     0.000     0.000     1.000
 C4H71-1         2   380.039     4.697     0.000     0.000     1.000
 C4H71-2         2   380.039     4.697     0.000     0.000     1.000
 C4H71-3         2   380.039     4.697     0.000     0.000     1.000
 C4H71-4         2   380.039     4.697     0.000     0.000     1.000
 SC3H5CHO        2   436.964     5.089     0.000     0.000     1.000
 SC3H5CO         2   433.308     5.064     0.000     0.000     1.000
 AC3H5OCH2       2   440.598     5.113     0.000     0.000     1.000
 C4H7O1-4        2   440.598     5.113     0.000     0.000     1.000
 C4H7O2-1        2   440.598     5.113     0.000     0.000     1.000
 SC3H5OCH2-1     2   440.598     5.113     0.000     0.000     1.000
 C4H71-1O2       2   495.641     5.471     0.000     0.000     1.000
 C4H71-2O2       2   495.641     5.471     0.000     0.000     1.000
 C4H71-4O2       2   495.641     5.471     0.000     0.000     1.000
 C4H61-3OOH4     2   495.641     5.471     0.000     0.000     1.000
 C4H6O1-3OOH4    2   546.570     5.787     0.000     0.000     1.000
 C4H6O2-1OOH4    2   546.570     5.787     0.000     0.000     1.000
 C4H71-3OOCH3    2   543.598     5.769     0.000     0.000     1.000
 C4H72-1OOCH3    2   543.598     5.769     0.000     0.000     1.000
 C4H8-2          2   384.056     4.725     0.000     0.000     1.000
 C4H72-2         2   380.039     4.697     0.000     0.000     1.000
 C4H72-2O2       2   495.641     5.471     0.000     0.000     1.000
 SC4H8OH-1       2   447.801     5.161     0.000     0.000     1.000
 SC4H8OH-2       2   447.801     5.161     0.000     0.000     1.000
 SC4H8OH-3       2   447.801     5.161     0.000     0.000     1.000
 SC4H8OH-1O2     2   552.743     5.824     0.000     0.000     1.000
 SC4H8OH-3O2     2   552.743     5.824     0.000     0.000     1.000
 PQC4H8OS        2   552.743     5.824     0.000     0.000     1.000
 PQC4H7OHS-3     2   552.743     5.824     0.000     0.000     1.000
 SQC4H7OHS-4     2   552.743     5.824     0.000     0.000     1.000
 SQC4H8OS        2   552.743     5.824     0.000     0.000     1.000
 NC4KET12OH      2   498.960     5.492     0.000     0.000     1.000
 NC4KET23OH      2   498.960     5.492     0.000     0.000     1.000
 CH3COCOHCH3     2   495.641     5.471     0.000     0.000     1.000
 CH3COHCO        2   444.054     5.136     0.000     0.000     1.000
 CH2COHCHO       2   444.054     5.136     0.000     0.000     1.000
 C4H71-3OH       2   444.210     5.137     0.000     0.000     1.000
 C4H72-2OH       2   444.210     5.137     0.000     0.000     1.000
 C4H63,1-3OH     2   440.598     5.113     0.000     0.000     1.000
 CCY(COCC)OH     2   498.960     5.492     0.000     0.000     1.000
 SQC4H7OHS-4O2   2   644.859     6.363     0.000     0.000     1.000
 C4H7O2-1,3OOH   2   644.859     6.363     0.000     0.000     1.000
 NC4KET13OH-2    2   597.181     6.089     0.000     0.000     1.000
 C4H6OHOOH1-2-3  2   549.662     5.805     0.000     0.000     1.000
 CH2COHCO        2   440.441     5.112     0.000     0.000     1.000
 PC4H8OH-1       2   447.801     5.161     0.000     0.000     1.000
 PC4H8OH-2       2   447.801     5.161     0.000     0.000     1.000
 PC4H8OH-3       2   447.801     5.161     0.000     0.000     1.000
 PC4H8OH-4       2   447.801     5.161     0.000     0.000     1.000
 PC4H8OH-2O2     2   552.743     5.824     0.000     0.000     1.000
 SQC4H8OP        2   552.743     5.824     0.000     0.000     1.000
 SQC4H7OHP-4     2   552.743     5.824     0.000     0.000     1.000
 CY(CCCO)COH     2   498.960     5.492     0.000     0.000     1.000
 NC4KET21OH      2   498.960     5.492     0.000     0.000     1.000
 C2H5CHOHCO      2   495.641     5.471     0.000     0.000     1.000
 C2H4COCH2OH     2   495.641     5.471     0.000     0.000     1.000
 CH3COCHO        2   444.054     5.136     0.000     0.000     1.000
 C4H71-1OH       2   444.210     5.137     0.000     0.000     1.000
 C4H71-4OH       2   444.210     5.137     0.000     0.000     1.000
 C4H72-1OH       2   444.210     5.137     0.000     0.000     1.000
 C4H71-2OH       2   444.210     5.137     0.000     0.000     1.000
 C4H63,1-2OH     2   440.598     5.113     0.000     0.000     1.000
 C4H64,2-1OH     2   440.598     5.113     0.000     0.000     1.000
 C4H63,1-1OH     2   440.598     5.113     0.000     0.000     1.000
 C4H5OH-13       2   436.964     5.089     0.000     0.000     1.000
 SQC4H7OHP-4O2   2   644.859     6.363     0.000     0.000     1.000
 PQC4H7OHS-3O2   2   644.859     6.363     0.000     0.000     1.000
 NC4KET24OH-1    2   597.181     6.089     0.000     0.000     1.000
 NC4KET24OH-3    2   597.181     6.089     0.000     0.000     1.000
 C4H6OHOOH1-4-3  2   549.662     5.805     0.000     0.000     1.000
 C4H6OHOOH2-2-1  2   549.662     5.805     0.000     0.000     1.000
 C4H6OHOOH1-3-4  2   549.662     5.805     0.000     0.000     1.000
 HOCH2COCH2      2   447.646     5.160     0.000     0.000     1.000
 CH3COCHOH       2   447.646     5.160     0.000     0.000     1.000
 IC4H8OH-IT      2   447.801     5.161     0.000     0.000     1.000
 IC4H8OH-TI      2   447.801     5.161     0.000     0.000     1.000
 TQJC4H8OH       2   552.743     5.824     0.000     0.000     1.000
 TQC4H7OHI       2   552.743     5.824     0.000     0.000     1.000
 IQJC4H8OH       2   552.743     5.824     0.000     0.000     1.000
 TQC4H8OI        2   552.743     5.824     0.000     0.000     1.000
 QC4H7OHP        2   552.743     5.824     0.000     0.000     1.000
 IQC4H8OT        2   552.743     5.824     0.000     0.000     1.000
 IQC4H7OHT       2   552.743     5.824     0.000     0.000     1.000
 IC4H7OH         2   444.210     5.137     0.000     0.000     1.000
 IC4H8OH         2   447.801     5.161     0.000     0.000     1.000
 CCY(CCOC)OH     2   498.960     5.492     0.000     0.000     1.000
 CCY(CCO)COH     2   498.960     5.492     0.000     0.000     1.000
 C2CY(COC)OH     2   498.960     5.492     0.000     0.000     1.000
 IC3H6OHCHO      2   498.960     5.492     0.000     0.000     1.000
 CH2COHCH2OOH    2   505.408     5.532     0.000     0.000     1.000
 TQC4H7OHIO2     2   644.859     6.363     0.000     0.000     1.000
 TQC4H7OHTO2     2   644.859     6.363     0.000     0.000     1.000
 TQC4H7OHIQ-I    2   644.859     6.363     0.000     0.000     1.000
 TQC4H7OHIQ-P    2   644.859     6.363     0.000     0.000     1.000
 IQC4H7OHTO2     2   644.859     6.363     0.000     0.000     1.000
 IQC4H8OTQ-I     2   644.859     6.363     0.000     0.000     1.000
 IQC4H7OHTQ-P    2   644.859     6.363     0.000     0.000     1.000
 CH2CQCOHQ       2   602.850     6.122     0.000     0.000     1.000
 IC3H5COHQ       2   549.662     5.805     0.000     0.000     1.000
 IC3H5Q          2   451.217     5.184     0.000     0.000     1.000
 COHQCYC(COC)    2   597.181     6.089     0.000     0.000     1.000
 QCYC(CCOC)OH    2   597.181     6.089     0.000     0.000     1.000
 HOCOCQ(CH3)2    2   597.181     6.089     0.000     0.000     1.000
 CHOC(CH3)OHCH2Q 2   597.181     6.089     0.000     0.000     1.000
 CO(CH2OOH)2     2   602.850     6.122     0.000     0.000     1.000
 C4H6            2   375.991     4.668     0.000     0.000     1.000
 C4H5-I          2   371.912     4.639     0.000     0.000     1.000
 C4H5-N          2   371.912     4.639     0.000     0.000     1.000
 C4H5-2          2   371.912     4.639     0.000     0.000     1.000
 C4H4            2   367.799     4.610     0.000     0.000     1.000
 C4H3-I          2   363.653     4.580     0.000     0.000     1.000
 C4H3-N          2   363.653     4.580     0.000     0.000     1.000
 C4H2            2   359.473     4.549     0.000     0.000     1.000
 CHCC(CH2)CHCH2  2   465.312     5.276     0.000     0.000     1.000
 CH2CHCHCHCCH    2   465.312     5.276     0.000     0.000     1.000
 CH2CHCHCHO      2   433.308     5.064     0.000     0.000     1.000
 NC4H5O2         2   488.954     5.428     0.000     0.000     1.000
 C3H3CH2OOH      2   492.306     5.450     0.000     0.000     1.000
 C3H3CH2O        2   433.308     5.064     0.000     0.000     1.000
 C3H3CHO         2   429.630     5.040     0.000     0.000     1.000
 C2H3CHOHCH2     2   440.598     5.113     0.000     0.000     1.000
 C2H3CHOHCH2OO   2   546.570     5.787     0.000     0.000     1.000
 C2H3CHOHCH2O    2   495.641     5.471     0.000     0.000     1.000
 C4H51,3OH2      2   436.964     5.089     0.000     0.000     1.000
 C2H3CHOHCHO     2   492.306     5.450     0.000     0.000     1.000
 C4H5OH1-4OOH    2   546.570     5.787     0.000     0.000     1.000
 C4H5OH1-4OOH-2OO 2   639.343     6.332     0.000     0.000     1.000
 C3H3OHCHO1-2OOH 2   591.347     6.054     0.000     0.000     1.000
 C4H5OJ1-2,4OOH  2   639.343     6.332     0.000     0.000     1.000
 C3H3OH          2   383.883     4.724     0.000     0.000     1.000
 CDY(COCC)OH     2   492.306     5.450     0.000     0.000     1.000
 C3H2OHCH2Q      2   543.464     5.768     0.000     0.000     1.000
 C3H4CH2OH-3O    2   495.641     5.471     0.000     0.000     1.000
 C2H3COCH2Q      2   543.464     5.768     0.000     0.000     1.000
 C2H3CHOHCH2OOH  2   549.662     5.805     0.000     0.000     1.000
 C2H3COCH2OH     2   492.306     5.450     0.000     0.000     1.000
 C3H4CH2OH-1OOH  2   549.662     5.805     0.000     0.000     1.000
 C3H4CH2OH-1O    2   495.641     5.471     0.000     0.000     1.000
 CHOC3H4OH       2   492.306     5.450     0.000     0.000     1.000
 C4H71-OO3       2   495.641     5.471     0.000     0.000     1.000
 C4H61-4OOH3     2   495.641     5.471     0.000     0.000     1.000
 C4H61-OOH3-OO4  2   594.269     6.071     0.000     0.000     1.000
 C4H61-2OOH34    2   594.269     6.071     0.000     0.000     1.000
 C4H61-OOH34     2   597.181     6.089     0.000     0.000     1.000
 C4H61-OOH34-OO2 2   682.224     6.572     0.000     0.000     1.000
 C4H412-OOH34    2   591.347     6.054     0.000     0.000     1.000
 C3H3CHO-OOH23   2   636.572     6.316     0.000     0.000     1.000
 C4H4O-OOH24     2   636.572     6.316     0.000     0.000     1.000
 CH2CCO          2   375.815     4.667     0.000     0.000     1.000
 C4H62-OOH14     2   597.181     6.089     0.000     0.000     1.000
 C4H512-OO4      2   488.954     5.428     0.000     0.000     1.000
 C4H513-OO2      2   488.954     5.428     0.000     0.000     1.000
 CYCCCOO-3J      2   488.954     5.428     0.000     0.000     1.000
 CH2CYCOO-CH2    2   488.954     5.428     0.000     0.000     1.000
 C2H3COOCH2      2   488.954     5.428     0.000     0.000     1.000
 CYCOOC-CH2      2   488.954     5.428     0.000     0.000     1.000
 C4H6O25         2   436.964     5.089     0.000     0.000     1.000
 C2H3CHOCH2      2   436.964     5.089     0.000     0.000     1.000
 C4H4O           2   429.630     5.040     0.000     0.000     1.000
 C4H6O23         2   436.964     5.089     0.000     0.000     1.000
 CYHEXDN13       2   472.239     5.321     0.000     0.000     1.000
 CYHEXDN14       2   472.239     5.321     0.000     0.000     1.000
 C6H8            2   472.239     5.321     0.000     0.000     1.000
 CYHEXEN-4J      2   475.676     5.343     0.000     0.000     1.000
 CYPENTN-4MJ     2   475.676     5.343     0.000     0.000     1.000
 CYPENTN-4M4J    2   475.676     5.343     0.000     0.000     1.000
 CYPENTN-4M3J    2   475.676     5.343     0.000     0.000     1.000
 CYPENTN-4MTHNE  2   472.239     5.321     0.000     0.000     1.000
 C4H612          2   375.991     4.668     0.000     0.000     1.000
 C4H6-2          2   375.991     4.668     0.000     0.000     1.000
 H2C4O           2   422.205     4.990     0.000     0.000     1.000
 NC3H7CHO        2   444.210     5.137     0.000     0.000     1.000
 NC3H7CO         2   440.598     5.113     0.000     0.000     1.000
 C2H5COCH3       2   444.210     5.137     0.000     0.000     1.000
 C2H5COCH2       2   440.598     5.113     0.000     0.000     1.000
 CH2CH2COCH3     2   440.598     5.113     0.000     0.000     1.000
 CH3CHCOCH3      2   440.598     5.113     0.000     0.000     1.000
 C2H3COCH3       2   436.964     5.089     0.000     0.000     1.000
 C2H5CHCO        2   436.964     5.089     0.000     0.000     1.000
 IC4H6Q2-II      2   597.181     6.089     0.000     0.000     1.000
 C5H10-1         2   437.122     5.090     0.000     0.000     1.000
 C5H10-2         2   437.122     5.090     0.000     0.000     1.000
 C5H81-3         2   429.790     5.041     0.000     0.000     1.000
 C5H91-3         2   433.467     5.065     0.000     0.000     1.000
 C5H91-4         2   433.467     5.065     0.000     0.000     1.000
 C5H91-5         2   433.467     5.065     0.000     0.000     1.000
 C5H92-4         2   433.467     5.065     0.000     0.000     1.000
 C5H92-5         2   433.467     5.065     0.000     0.000     1.000
 C5H9O1-3        2   489.100     5.429     0.000     0.000     1.000
 C5H9O2-4        2   489.100     5.429     0.000     0.000     1.000
 BC5H10          2   437.122     5.090     0.000     0.000     1.000
 CC5H10          2   437.122     5.090     0.000     0.000     1.000
 CC5H9-A         2   433.467     5.065     0.000     0.000     1.000
 CC5H9-B         2   433.467     5.065     0.000     0.000     1.000
 AC5H9O-C        2   489.100     5.429     0.000     0.000     1.000
 CC5H9O-B        2   489.100     5.429     0.000     0.000     1.000
 AC5H10          2   437.122     5.090     0.000     0.000     1.000
 AC5H9-A2        2   433.467     5.065     0.000     0.000     1.000
 AC5H9-C         2   433.467     5.065     0.000     0.000     1.000
 AC5H9-D         2   433.467     5.065     0.000     0.000     1.000
 B2E2M1OJ        2   489.100     5.429     0.000     0.000     1.000
 B13DE2M         2   429.790     5.041     0.000     0.000     1.000
 B13DE2MJ        2   426.090     5.016     0.000     0.000     1.000
 B12DE3M         2   429.790     5.041     0.000     0.000     1.000
 B2E3M1OJ        2   489.100     5.429     0.000     0.000     1.000
 TC4H8CHO        2   489.100     5.429     0.000     0.000     1.000
 O2C4H8CHO       2   588.541     6.038     0.000     0.000     1.000
 O2HC4H8CO       2   588.541     6.038     0.000     0.000     1.000
 C6H10D24        2   479.094     5.365     0.000     0.000     1.000
 C6H101-5        2   479.094     5.365     0.000     0.000     1.000
 C6H9-A          2   475.676     5.343     0.000     0.000     1.000
 C5D2Y1-1R       2   482.348     5.386     0.000     0.000     1.000
 C3Y1-3OR        2   447.646     5.160     0.000     0.000     1.000
 C4Y1-3OR        2   495.641     5.471     0.000     0.000     1.000
 C6D2Y1          2   531.184     5.693     0.000     0.000     1.000
 C6D2Y1-1R       2   528.013     5.673     0.000     0.000     1.000
 H15DE25DM       2   568.101     5.917     0.000     0.000     1.000
 H15DE25DM-S     2   565.082     5.898     0.000     0.000     1.000
 H15DE25DM-A     2   565.082     5.898     0.000     0.000     1.000
 H15DE25DM-AO    2   611.721     6.173     0.000     0.000     1.000
 H15DE25DM-SO    2   611.721     6.173     0.000     0.000     1.000
 H15DE2M-T       2   521.768     5.634     0.000     0.000     1.000
 IC4H7CHO        2   485.732     5.408     0.000     0.000     1.000
 C8H141-5,3-4    2   568.101     5.917     0.000     0.000     1.000
 C8H131-5,3-4,TA 2   565.082     5.898     0.000     0.000     1.000
 C6H101-3,3      2   479.094     5.365     0.000     0.000     1.000
 C8H131-5,3-4,TAO 2   611.721     6.173     0.000     0.000     1.000
 C8H141-5,3      2   568.101     5.917     0.000     0.000     1.000
 C8H131-5,3,TA   2   565.082     5.898     0.000     0.000     1.000
 C8H131-5,3,SA   2   565.082     5.898     0.000     0.000     1.000
 C8H131-5,3,PA   2   565.082     5.898     0.000     0.000     1.000
 C8H131-5,3,TAO  2   611.721     6.173     0.000     0.000     1.000
 C8H131-5,3,SAO  2   611.721     6.173     0.000     0.000     1.000
 C8H131-5,3,PAO  2   611.721     6.173     0.000     0.000     1.000
 C7H111-5,3,6P   2   521.768     5.634     0.000     0.000     1.000
 C8H142-6        2   568.101     5.917     0.000     0.000     1.000
 C8H132-6,SA     2   565.082     5.898     0.000     0.000     1.000
 C8H132-6,PA     2   565.082     5.898     0.000     0.000     1.000
 C8H132-6,SAO    2   611.721     6.173     0.000     0.000     1.000
 C8H132-6,PAO    2   611.721     6.173     0.000     0.000     1.000
 C7H111-5,1P     2   521.768     5.634     0.000     0.000     1.000
 L-C6H4          2   458.308     5.230     0.000     0.000     1.000
 C-C6H4          2   458.308     5.230     0.000     0.000     1.000
 C6H3            2   454.778     5.207     0.000     0.000     1.000
 C6H2            2   451.227     5.184     0.000     0.000     1.000
 C6H6            2   465.312     5.276     0.000     0.000     1.000
 FULVENE         2   465.312     5.276     0.000     0.000     1.000
 C6H5            2   461.820     5.253     0.000     0.000     1.000
 C6H5OO          2   564.820     5.897     0.000     0.000     1.000
 C6H5OOH         2   567.841     5.915     0.000     0.000     1.000
 C6H5OH          2   518.416     5.614     0.000     0.000     1.000
 C6H5O           2   515.189     5.594     0.000     0.000     1.000
 C6H4OH          2   515.189     5.594     0.000     0.000     1.000
 OC6H4OH         2   564.820     5.897     0.000     0.000     1.000
 O-C6H4O2        2   561.787     5.879     0.000     0.000     1.000
 P-C6H4O2        2   561.787     5.879     0.000     0.000     1.000
 O-OC6H5OJ       2   564.820     5.897     0.000     0.000     1.000
 P-OC6H5OJ       2   564.820     5.897     0.000     0.000     1.000
 P-C6H3O2        2   558.743     5.860     0.000     0.000     1.000
 C5H6            2   422.366     4.991     0.000     0.000     1.000
 C5H5            2   418.619     4.965     0.000     0.000     1.000
 C5H6-L          2   422.366     4.991     0.000     0.000     1.000
 CTCCVCCJ        2   418.619     4.965     0.000     0.000     1.000
 C5H7            2   426.090     5.016     0.000     0.000     1.000
 CVCCJCVC        2   426.090     5.016     0.000     0.000     1.000
 CVCCVCCJ        2   426.090     5.016     0.000     0.000     1.000
 CVCCJCVCOH      2   482.348     5.386     0.000     0.000     1.000
 CVCCVCCOH       2   485.732     5.408     0.000     0.000     1.000
 C5H5OH          2   478.946     5.364     0.000     0.000     1.000
 C5H5O           2   475.527     5.342     0.000     0.000     1.000
 C5H4OH          2   475.527     5.342     0.000     0.000     1.000
 C5H4O           2   472.090     5.320     0.000     0.000     1.000
 C5H3O           2   468.635     5.298     0.000     0.000     1.000
 CJVCCVCCVO      2   475.527     5.342     0.000     0.000     1.000
 CVCCVCCJVO      2   475.527     5.342     0.000     0.000     1.000
 CJVCCVO         2   379.865     4.696     0.000     0.000     1.000
 HOCVCCVO        2   444.054     5.136     0.000     0.000     1.000
 HOCVCCJVO       2   440.441     5.112     0.000     0.000     1.000
 OC5H7O          2   534.205     5.711     0.000     0.000     1.000
 OC4H6O          2   492.306     5.450     0.000     0.000     1.000
 OC4H5O          2   488.954     5.428     0.000     0.000     1.000
 C7H6            2   505.559     5.533     0.000     0.000     1.000
 C7H5            2   502.271     5.513     0.000     0.000     1.000
 O-O2C6H4CH3     2   605.864     6.139     0.000     0.000     1.000
 OC6H4CH2        2   555.819     5.843     0.000     0.000     1.000
 IND             2   585.734     6.021     0.000     0.000     1.000
 C10H9           2   622.957     6.238     0.000     0.000     1.000
 C10H10          2   625.772     6.254     0.000     0.000     1.000
 C5H5CH3         2   472.239     5.321     0.000     0.000     1.000
 C9H7            2   582.781     6.004     0.000     0.000     1.000
 C9H6O           2   625.650     6.254     0.000     0.000     1.000
 NAPH            2   620.134     6.222     0.000     0.000     1.000
 NAPH-           2   617.300     6.205     0.000     0.000     1.000
 NAPHV           2   617.300     6.205     0.000     0.000     1.000
 NAPHO           2   661.222     6.455     0.000     0.000     1.000
 FLUORENE        2   721.045     6.784     0.000     0.000     1.000
 C14H10          2   750.820     6.944     0.000     0.000     1.000
 C16H10          2   807.950     7.242     0.000     0.000     1.000
 CH2COCH2O2H     2   502.120     5.512     0.000     0.000     1.000
 HCOCOCH2O2H     2   549.529     5.805     0.000     0.000     1.000
 O2CH2COCH2O2H   2   599.958     6.105     0.000     0.000     1.000
 CYC3KET2        2   444.054     5.136     0.000     0.000     1.000
 RO21            2   546.570     5.787     0.000     0.000     1.000
 RO23            2   546.570     5.787     0.000     0.000     1.000
 RO24            2   546.570     5.787     0.000     0.000     1.000
 Q1OOH3          2   546.570     5.787     0.000     0.000     1.000
 Q1OOH4          2   546.570     5.787     0.000     0.000     1.000
 Q3OOH1          2   546.570     5.787     0.000     0.000     1.000
 Q3OOH4          2   546.570     5.787     0.000     0.000     1.000
 Q4OOH1          2   546.570     5.787     0.000     0.000     1.000
 Q4OOH3          2   546.570     5.787     0.000     0.000     1.000
 MECY4CCOCO      2   492.306     5.450     0.000     0.000     1.000
 ACETCY3CCO      2   492.306     5.450     0.000     0.000     1.000
 CY5OCCCOC       2   492.306     5.450     0.000     0.000     1.000
 O21QOOH3        2   639.343     6.332     0.000     0.000     1.000
 O21QOOH4        2   639.343     6.332     0.000     0.000     1.000
 O23QOOH1        2   639.343     6.332     0.000     0.000     1.000
 O23QOOH4        2   639.343     6.332     0.000     0.000     1.000
 O24QOOH3        2   639.343     6.332     0.000     0.000     1.000
 O24QOOH1        2   639.343     6.332     0.000     0.000     1.000
 KETO1OOH3       2   591.347     6.054     0.000     0.000     1.000
 KETO1OOH4       2   591.347     6.054     0.000     0.000     1.000
 KETO3OOH1       2   591.347     6.054     0.000     0.000     1.000
 KETO4OOH1       2   591.347     6.054     0.000     0.000     1.000
 KETO4OOH3       2   591.347     6.054     0.000     0.000     1.000
 KETO3OOH4       2   591.347     6.054     0.000     0.000     1.000
 ROOH1           2   549.662     5.805     0.000     0.000     1.000
 ROOH3           2   549.662     5.805     0.000     0.000     1.000
 ROOH4           2   549.662     5.805     0.000     0.000     1.000
 RO1             2   495.641     5.471     0.000     0.000     1.000
 RO3             2   495.641     5.471     0.000     0.000     1.000
 RO4             2   495.641     5.471     0.000     0.000     1.000
 CH2CHCO         2   379.865     4.696     0.000     0.000     1.000!FS
 CH3CCO          2   379.865     4.696     0.000     0.000     1.000
 CH2COCHO        2   440.441     5.112     0.000     0.000     1.000
 CH3COCO         2   440.441     5.112     0.000     0.000     1.000
 HCOCH2CO        2   440.441     5.112     0.000     0.000     1.000
 C2H3COCH2       2   433.308     5.064     0.000     0.000     1.000
 CHCHCOCH3       2   433.308     5.064     0.000     0.000     1.000
 CH2CCOCH3       2   433.308     5.064     0.000     0.000     1.000
 C2H3COCH2O2H    2   543.464     5.768     0.000     0.000     1.000
 C2H3COCH2O      2   488.954     5.428     0.000     0.000     1.000
 CH2CHCHCO       2   429.630     5.040     0.000     0.000     1.000
 IC3H7COIC3H4    2   570.980     5.934     0.000     0.000     1.000
 IC3H5COCHCH3    2   528.013     5.673     0.000     0.000     1.000
 IC3H7COIC3H4V   2   570.980     5.934     0.000     0.000     1.000
 IC3H5COTC3H6    2   570.980     5.934     0.000     0.000     1.000
 IC3H5COIC3H6    2   570.980     5.934     0.000     0.000     1.000





