THERMO ALL
  300.000  1000.000  5000.000
dtbp                    h  18o   2c   8     G     250.0    5000.0   995.0      1
   2.64404183E1  4.57097265E-2 -1.59387959E-5   2.5234496E-9-1.49332258E-13    2
  -5.51761461E4   -1.1170493E2   2.39786548E0   7.6809912E-2  3.59920656E-5    3
 -9.84734875E-8 4.18591187E-11  -4.71464291E4   2.04730583E1                   4
h                 l-6-94h   1               G     200.0    6000.0  1000.0      1
          2.5E0          0.0E0          0.0E0          0.0E0          0.0E0    2
     2.547366E4  -4.4668285E-1          2.5E0          0.0E0          0.0E0    3
          0.0E0          0.0E0     2.547366E4  -4.4668285E-1                   4
h2                tpis78h   2               G     200.0    6000.0  1000.0      1
   2.93286575E0  8.26608026E-4 -1.46402364E-7 1.54100414E-11  -6.888048E-16    2
  -8.13065581E2  -1.02432865E0   2.34433112E0  7.98052075E-3  -1.9478151E-5    3
  2.01572094E-8-7.37611761E-12  -9.17935173E2  6.83010238E-1                   4
o                 l-1-90o   1               G     200.0    6000.0  1000.0      1
   2.54363697E0 -2.73162486E-5  -4.1902952E-9 4.95481845E-12-4.79553694E-16    2
    2.9226012E4   4.92229457E0    3.1682671E0 -3.27931884E-3  6.64306396E-6    3
 -6.12806624E-9 2.11265971E-12   2.91222592E4   2.05193346E0                   4
o2                rus-89o   2               G     200.0    6000.0  1000.0      1
   3.66096065E0  6.56365811E-4 -1.41149627E-7 2.05797935E-11-1.29913436E-15    2
  -1.21597718E3   3.41536279E0   3.78245636E0 -2.99673416E-3  9.84730201E-6    3
 -9.68129509E-9 3.24372837E-12  -1.06394356E3   3.65767573E0                   4
oh                iu3-03h   1o   1          G     200.0    6000.0  1000.0      1
   2.83853033E0  1.10741289E-3 -2.94000209E-7 4.20698729E-11 -2.4228989E-15    2
   3.69780808E3   5.84494652E0   3.99198424E0 -2.40106655E-3  4.61664033E-6    3
 -3.87916306E-9 1.36319502E-12   3.36889836E3 -1.03998477E-1                   4
h2o               l-5-89h   2o   1          G     200.0    6000.0  1000.0      1
    2.6770389E0   2.9731816E-3  -7.7376889E-7  9.4433514E-11 -4.2689991E-15    2
   -2.9885894E4      6.88255E0    4.1986352E0  -2.0364017E-3   6.5203416E-6    3
  -5.4879269E-9   1.771968E-12   -3.0293726E4  -8.4900901E-1                   4
n2                g-8-02n   2               G     200.0    6000.0  1000.0      1
   2.95257637E0   1.3969004E-3 -4.92631603E-7 7.86010195E-11-4.60755204E-15    2
  -9.23948688E2   5.87188762E0   3.53100528E0 -1.23660988E-4 -5.02999433E-7    3
  2.43530612E-9-1.40881235E-12  -1.04697628E3   2.96747038E0                   4
ho2               t-1-09h   1o   2          G     200.0    5000.0  1000.0      1
   4.17228741E0  1.88117627E-3 -3.46277286E-7 1.94657549E-11 1.76256905E-16    2
   3.10206839E1   2.95767672E0   4.30179807E0 -4.74912097E-3  2.11582905E-5    3
 -2.42763914E-8 9.29225225E-12   2.64018485E2    3.7166622E0                   4
h2o2              t-8-03h   2o   2          G     200.0    6000.0  1000.0      1
   4.57977305E0  4.05326003E-3  -1.2984473E-6   1.982114E-10-1.13968792E-14    2
  -1.80071775E4  6.64970694E-1   4.31515149E0 -8.47390622E-4  1.76404323E-5    3
 -2.26762944E-8 9.08950158E-12  -1.77067437E4   3.27373319E0                   4
co                rus-79o   1c   1          G     200.0    6000.0  1000.0      1
    3.0484859E0   1.3517281E-3  -4.8579405E-7  7.8853644E-11 -4.6980746E-15    2
   -1.4266117E4    6.0170977E0    3.5795335E0  -6.1035369E-4   1.0168143E-6    3
  9.0700586E-10 -9.0442449E-13   -1.4344086E4    3.5084093E0                   4
co2               l-7-88o   2c   1          G     200.0    6000.0  1000.0      1
    4.6365111E0   2.7414569E-3  -9.9589759E-7  1.6038666E-10 -9.1619857E-15    2
   -4.9024904E4   -1.9348955E0     2.356813E0   8.9841299E-3  -7.1220632E-6    3
   2.4573008E-9 -1.4288548E-13   -4.8371971E4    9.9009035E0                   4
ch2o              t-5-11h   2o   1c   1     G     200.0    6000.0  1000.0      1
   3.16952665E0   6.1932056E-3 -2.25056366E-6  3.6597566E-10-2.20149458E-14    2
  -1.45486831E4   6.04207898E0   4.79372312E0 -9.90833322E-3   3.7321999E-5    3
 -3.79285237E-8 1.31772641E-11  -1.43791953E4  6.02798058E-1                   4
hco               t-5-03h   1o   1c   1     G     200.0    6000.0  1000.0      1
   3.92001542E0  2.52279324E-3 -6.71004164E-7 1.05615948E-10-7.43798261E-15    2
   3.65342928E3   3.58077056E0    4.2375461E0 -3.32075257E-3  1.40030264E-5    3
 -1.34239995E-8 4.37416208E-12   3.87241185E3   3.30834869E0                   4
ch3oh             t06-02h   4o   1c   1     G     200.0    6000.0  1000.0      1
   3.52726795E0  1.03178783E-2 -3.62892944E-6 5.77448016E-10-3.42182632E-14    2
  -2.60028834E4   5.16758693E0   5.65851051E0 -1.62983419E-2  6.91938156E-5    3
 -7.58372926E-8  2.8042755E-11  -2.56119736E4 -8.97330508E-1                   4
ch2oh             iu2-03h   3o   1c   1     G     200.0    6000.0  1000.0      1
    5.0931437E0   5.9476126E-3  -2.0649746E-6 3.23008173E-10-1.88125902E-14    2
   -4.0340964E3  -1.84691493E0   4.47834367E0  -1.3507031E-3   2.7848498E-5    3
  -3.6486906E-8  1.4790745E-11   -3.5007289E3     3.309135E0                   4
ch3o              iu1-03h   3o   1c   1     G     200.0    6000.0  1000.0      1
   4.75779238E0  7.44142474E-3 -2.69705176E-6 4.38090504E-10-2.63537098E-14    2
    3.7811194E2  -1.96680028E0   3.71180502E0 -2.80463306E-3  3.76550971E-5    3
 -4.73072089E-8  1.8658842E-11    1.2956976E3   6.57240864E0                   4
ch3o2h            a-7-05h   4o   2c   1     G     200.0    6000.0  1000.0      1
   7.76538058E0  8.61499712E-3 -2.98006935E-6 4.68638071E-10-2.75339255E-14    2
  -1.82979984E4  -1.43992663E1   2.90540897E0  1.74994735E-2   5.2824363E-6    3
 -2.52827275E-8 1.34368212E-11  -1.68894632E4   1.13741987E1                   4
ch3o2                   h   3o   2c   1     G     300.0    5000.0  1000.0      1
   4.80390863E0  9.95844638E-3 -3.85301026E-6 6.84740497E-10-4.58402955E-14    2
   -7.4713546E2     1.452814E0   3.62497097E0  3.59397933E-3  2.26538097E-5    3
 -2.95391947E-8  1.1197757E-11    7.9304041E1   9.96382194E0                   4
ch4               g-8-99h   4c   1          G     200.0    6000.0  1000.0      1
   1.65326226E0  1.00263099E-2 -3.31661238E-6 5.36483138E-10-3.14696758E-14    2
  -1.00095936E4   9.90506283E0   5.14911468E0 -1.36622009E-2  4.91453921E-5    3
 -4.84246767E-8 1.66603441E-11  -1.02465983E4  -4.63848842E0                   4
ch3               iu0702h   3c   1          G     200.0    6000.0  1000.0      1
    2.9781206E0    5.797852E-3    -1.97558E-6   3.072979E-10 -1.7917416E-14    2
    1.6509513E4    4.7224799E0    3.6571797E0   2.1265979E-3   5.4583883E-6    3
  -6.6181003E-9  2.4657074E-12    1.6422716E4    1.6735354E0                   4
ch2               iu3-03h   2c   1          G     200.0    6000.0  1000.0      1
   3.14631886E0  3.03671259E-3 -9.96474439E-7  1.5048358E-10-8.57335515E-15    2
   4.60412605E4   4.72341711E0   3.71757846E0   1.2739126E-3  2.17347251E-6    3
   -3.488585E-9 1.65208866E-12   4.58723866E4   1.75297945E0                   4
ch                iu3-03h   1c   1          G     200.0    6000.0  1000.0      1
    2.5209369E0   1.7653639E-3   -4.614766E-7  5.9289675E-11 -3.3474501E-15    2
    7.0946769E4    7.4051829E0    3.4897583E0    3.243216E-4  -1.6899751E-6    3
    3.162842E-9 -1.4061803E-12    7.0612646E4    2.0842841E0                   4
c2h6              g-8-88h   6c   2          G     200.0    6000.0  1000.0      1
   4.04666411E0  1.53538802E-2 -5.47039485E-6 8.77826544E-10-5.23167531E-14    2
  -1.24473499E4 -9.68698313E-1   4.29142572E0 -5.50154901E-3  5.99438458E-5    3
 -7.08466469E-8 2.68685836E-11  -1.15222056E4   2.66678994E0                   4
c2h5              -thermh   5c   2          G     300.0    5000.0  1387.0      1
    5.8878439E0  1.03076793E-2 -3.46844396E-6 5.32499257E-10-3.06512651E-14    2
   1.15065499E4  -8.49651771E0   1.32730217E0  1.76656753E-2 -6.14926558E-6    3
-3.01143466E-10 4.38617775E-13   1.34284028E4   1.71789216E1                   4
c2h4              g-1-00h   4c   2          G     200.0    6000.0  1000.0      1
   3.99182724E0  1.04833908E-2 -3.71721342E-6 5.94628366E-10-3.53630386E-14    2
   4.26865851E3 -2.69081762E-1   3.95920063E0 -7.57051373E-3  5.70989993E-5    3
 -6.91588352E-8  2.6988419E-11   5.08977598E3   4.09730213E0                   4
c2h3              atct-ah   3c   2          G     200.0    6000.0  1000.0      1
   4.15026763E0  7.54021341E-3 -2.62997847E-6 4.15974048E-10-2.45407509E-14    2
    3.3856638E4   1.72812235E0   3.36377642E0  2.65765722E-4  2.79620704E-5    3
 -3.72986942E-8 1.51590176E-11   3.44749589E4   7.91510092E0                   4
c2h2              g-1-91h   2c   2          G     200.0    6000.0  1000.0      1
   4.65878489E0  4.88396667E-3 -1.60828888E-6 2.46974544E-10-1.38605959E-14    2
   2.57594042E4  -3.99838194E0  8.08679682E-1  2.33615762E-2 -3.55172234E-5    3
  2.80152958E-8-8.50075165E-12   2.64289808E4   1.39396761E1                   4
ch3co             iu2-03h   3o   1c   2     G     200.0    6000.0  1000.0      1
    5.3137165E0   9.1737793E-3  -3.3220386E-6  5.3947456E-10 -3.2452368E-14    2
   -3.6450414E3   -1.6757558E0    4.0358705E0   8.7729487E-4    3.071001E-5    3
  -3.9247565E-8  1.5296869E-11   -2.6820738E3    7.8617682E0                   4
ch2cho            t03-10h   3o   1c   2     G     200.0    6000.0  1000.0      1
   6.53928338E0  7.80238629E-3 -2.76413612E-6 4.42098906E-10 -2.6295429E-14    2
  -1.18858659E3  -8.72091393E0     2.795026E0  1.01099472E-2  1.61750645E-5    3
 -3.10303145E-8 1.39436139E-11   1.62944975E2   1.23646657E1                   4
ch2co                   h   2o   1c   2     G     300.0    5000.0  1000.0      1
   5.35869367E0  6.95641586E-3 -2.64802637E-6 4.65067592E-10 -3.0864182E-14    2
  -7.90294013E3  -3.98525731E0   1.81422511E0   1.9900859E-2 -2.21416008E-5    3
  1.45028521E-8-3.98877068E-12  -7.05394926E3   1.36079359E1                   4
ch3cho            l-8-88h   4o   1c   2     G     200.0    6000.0  1000.0      1
    5.4041108E0   1.1723059E-2  -4.2263137E-6  6.8372451E-10 -4.0984863E-14    2
   -2.2593122E4   -3.4807917E0    4.7294595E0  -3.1932858E-3   4.7534921E-5    3
  -5.7458611E-8  2.1931112E-11   -2.1572878E4    4.1030159E0                   4
hcco              t-4-09h   1o   1c   2     G     200.0    6000.0  1000.0      1
   5.91479333E0   3.7140873E-3  -1.3013701E-6 2.06473345E-10-1.21476759E-14    2
   1.93596301E4  -5.50567269E0   1.87607969E0  2.21205418E-2 -3.58869325E-5    3
  3.05402541E-8-1.01281069E-11    2.0163384E4    1.3696829E1                   4
tc4h9o            t08-04h   9o   1c   4     G     200.0    6000.0  1000.0      1
   1.27371509E1  2.33707342E-2 -8.50516678E-6  1.38519973E-9-8.34398061E-14    2
   -1.6694015E4  -4.53156321E1     2.770571E0  2.68033175E-2   4.1271836E-5    3
 -7.22054739E-8 3.02642276E-11  -1.27079262E4   1.21532856E1                   4
ch3coch3          atct-ah   6o   1c   3     G     200.0    6000.0  1000.0      1
   7.29796974E0  1.75656913E-2 -6.31678065E-6  1.02025553E-9-6.10903592E-14    2
  -2.95368927E4  -1.27591704E1    5.5563892E0 -2.83863547E-3  7.05722951E-5    3
 -8.78130984E-8 3.40290951E-11  -2.78325393E4   2.31960221E0                   4
ch3coch2          a10-04h   5o   1c   3     G     200.0    6000.0  1000.0      1
   7.54410697E0  1.43443222E-2 -5.08381081E-6 8.13200521E-10-4.83673315E-14    2
  -7.48672286E3  -1.14792587E1   4.70187196E0  5.51653762E-3  4.27505858E-5    3
 -5.94680816E-8 2.40685378E-11  -5.92845491E3    7.1293259E0                   4
ch3coch2o2             5h   5o   3c   3     G     300.0    5000.0  1379.0      1
   1.27690342E1  1.42554828E-2 -4.92821461E-6 7.70448921E-10-4.49110534E-14    2
  -2.34798669E4  -3.27155799E1   5.95535468E0  2.70255205E-2 -1.37385031E-5    3
  3.53735851E-9-4.03922557E-13  -2.06679464E4   5.21436049E0                   4
c3ket21           -thermh   6o   3c   3     G     300.0    5000.0  1371.0      1
   1.56377776E1  1.44059342E-2 -5.08808082E-6 8.07076119E-10 -4.7529565E-14    2
  -4.30657975E4  -5.13105869E1   4.55686367E0  3.57076837E-2 -1.94712054E-5    3
  4.70695431E-9-3.69753807E-13  -3.86710975E4   9.97761694E0                   4
c2h5oh            l-8-88h   6o   1c   2     G     200.0    6000.0  1000.0      1
    6.5624365E0   1.5204222E-2  -5.3896795E-6  8.6225011E-10 -5.1289787E-14    2
   -3.1525621E4   -9.4730202E0    4.8586957E0  -3.7401726E-3   6.9555378E-5    3
  -8.8654796E-8  3.5168835E-11   -2.9996132E4    4.8018545E0                   4
c2h5o             iu2-03h   5o   1c   2     G     200.0    6000.0  1000.0      1
    6.6889982E0   1.3125676E-2   -4.703884E-6  7.5858552E-10 -4.5413306E-14    2
   -4.7457832E3   -9.6983755E0    4.3074268E0   6.4147205E-3   3.1139714E-5    3
  -4.3314083E-8  1.7276184E-11   -3.4027524E3    5.9025837E0                   4
pc2h4oh           t12-01h   5o   1c   2     G     200.0    6000.0  1000.0      1
   7.02824536E0  1.20037746E-2 -4.21306455E-6 6.69471213E-10-3.96371893E-14    2
  -5.92493321E3  -9.40355948E0   4.47893092E0  7.59782301E-3  2.81794908E-5    3
 -4.26953487E-8 1.78878934E-11  -4.71446256E3   6.38921206E0                   4
sc2h4oh           t10-04h   5o   1c   2     G     200.0    6000.0  1000.0      1
   6.35842302E0  1.24356276E-2 -4.33096839E-6 6.84530381E-10-4.03713238E-14    2
  -9.37900432E3  -6.05106112E0    4.2228325E0  5.12174798E-3  3.48386522E-5    3
 -4.91943637E-8 2.01183723E-11  -8.20503939E3     8.016757E0                   4
c2h3oh            -thermh   4o   1c   2     G     300.0    5000.0  1410.0      1
   8.32598158E0  8.03387281E-3 -2.63928405E-6 3.98410726E-10-2.26551155E-14    2
  -1.83221436E4  -2.02080305E1  -1.2797226E-1  3.38506073E-2 -3.30644935E-5    3
  1.64858739E-8-3.19935455E-12  -1.59914544E4   2.30438601E1                   4
nc7h16                  h  16c   7          G     300.0    5000.0  1391.0      1
   2.22148969E1   3.4767575E-2 -1.18407129E-5  1.83298478E-9-1.06130266E-13    2
  -3.42760081E4  -9.23040196E1  -1.26836187E0   8.5435582E-2 -5.25346786E-5    3
  1.62945721E-8-2.02394925E-12  -2.56586565E4   3.53732912E1                   4
c3h3              -82489h   3c   3          G     300.0    4000.0  1000.0      1
     8.831047E0    4.357195E-3   -4.109067E-7  -2.368723E-10    4.37652E-14    2
      3.84742E4    -2.177919E1       4.7542E0    1.108028E-2    2.793323E-7    3
   -5.479212E-9   1.949629E-12     3.988883E4    5.854549E-1                   4
c3h4              101993h   4c   3          G     300.0    4000.0  1400.0      1
     9.776256E0    5.302138E-3   -3.701118E-7  -3.026386E-10   5.089581E-14    2
     1.954972E4    -3.077061E1     2.539831E0    1.633437E-2    -1.76495E-6    3
   -4.647365E-9   1.729131E-12     2.251243E4     9.935702E0                   4
ic8h18            -thermh  18c   8          G     300.0    5000.0  1396.0      1
    2.7137359E1   3.7900489E-2 -1.29437358E-5  2.00760372E-9 -1.1640058E-13    2
  -4.07958177E4  -1.23277495E2  -4.20868893E0  1.11440581E-1 -7.91346582E-5    3
  2.92406242E-8-4.43743191E-12  -2.99446875E4   4.49521701E1                   4
c3h5              -thermh   5c   3          G     300.0    5000.0  1397.0      1
   8.45883958E0  1.12695483E-2 -3.83792864E-6 5.94059119E-10 -3.4391803E-14    2
   1.63576092E4   -2.2580945E1 -5.29131958E-1    3.345591E-2 -2.53401027E-5    3
  1.02865754E-8 -1.7325834E-12   1.93834226E4   2.53067131E1                   4
c3h6              -thermh   6c   3          G     300.0    5000.0  1388.0      1
   8.01595958E0  1.37023634E-2 -4.66249733E-6 7.21254402E-10-4.17370126E-14    2
  -1.87821271E3  -2.00160668E1  3.94615444E-1  2.89107662E-2 -1.54886808E-5    3
  3.88814209E-9-3.37890352E-13   1.06688164E3   2.19003736E1                   4
nc3h7             120186h   7c   3          G     300.0    5000.0  1000.0      1
     7.978291E0    1.576113E-2   -5.173243E-6   7.443892E-10  -3.824978E-14    2
     7.579402E3    -1.935611E1     1.922537E0    2.478927E-2    1.810249E-6    3
   -1.783266E-8   8.582996E-12     9.713281E3     1.399271E1                   4
ic3h7             120186h   7c   3          G     300.0    5000.0  1000.0      1
     8.063369E0    1.574488E-2   -5.182392E-6   7.477245E-10  -3.854422E-14    2
     5.313871E3    -2.192647E1       1.7133E0    2.542616E-2    1.580808E-6    3
   -1.821286E-8    8.82771E-12     7.535809E3     1.297901E1                   4
ic4h7             -thermh   7c   4          G     300.0    5000.0  1393.0      1
   1.16382753E1  1.57681299E-2 -5.38538858E-6 8.35172927E-10-4.84141083E-14    2
   1.05471642E4   -3.9025989E1 -7.20881697E-4   4.3649573E-2 -3.16385877E-5    3
  1.23984983E-8 -2.0437836E-12   1.45717785E4    2.3323434E1                   4
c4h8              -thermh   8c   4          G     300.0    5000.0  1392.0      1
   1.13508668E1  1.80617877E-2 -6.16093029E-6 9.54652959E-10-5.53089641E-14    2
  -5.97871038E3  -3.64369438E1 -8.31372089E-1  4.52580978E-2 -2.93658559E-5    3
  1.00220436E-8 -1.4319168E-12  -1.57875035E3   2.95084236E1                   4
ic4h8             -thermh   8c   4          G     300.0    5000.0  1388.0      1
    1.1225833E1  1.81795798E-2 -6.20348592E-6 9.61444458E-10-5.57088057E-14    2
  -7.69983777E3  -3.73306704E1  9.38433173E-1  3.90547287E-2 -2.16437148E-5    3
  5.87267077E-9-6.14435479E-13  -3.74817891E3   1.91442985E1                   4
pc4h9             -thermh   9c   4          G     300.0    5000.0  1395.0      1
   1.21510082E1  1.94310717E-2  -6.6157795E-6  1.02375136E-9-5.92529707E-14    2
   3.17231942E3  -3.93425822E1 -4.37779725E-1  4.78972364E-2 -3.14023159E-5    3
  1.09786472E-8-1.62010664E-12   7.68945248E3   2.86852732E1                   4
ic4h9             -thermh   9c   4          G     300.0    5000.0  1393.0      1
   1.22753163E1  1.95174006E-2 -6.68773001E-6  1.03935193E-9-6.03374502E-14    2
    1.9239536E3  -4.15827559E1   -1.0083747E0  5.01087003E-2  -3.4194121E-5    3
  1.26025783E-8-1.97552053E-12   6.65557909E3   3.00386204E1                   4
tc4h9             -thermh   9c   4          G     300.0    5000.0  1381.0      1
   9.94382113E0  2.16693078E-2 -7.47001405E-6  1.16578454E-9-6.78791834E-14    2
  -1.89693616E2  -2.88692286E1  -2.73729203E0  4.55390345E-2 -2.26390939E-5    3
  4.56951052E-9-1.55321795E-13   4.87138887E3   4.14144877E1                   4
c5h10             -thermh  10c   5          G     300.0    5000.0  1392.0      1
   1.45851539E1  2.24072471E-2 -7.63348025E-6  1.18188966E-9-6.84385139E-14    2
  -1.00898205E4  -5.23683936E1  -1.06223481E0  5.74218294E-2  -3.7448689E-5    3
  1.27364989E-8-1.79609789E-12  -4.46546666E3    3.2273979E1                   4
ic3h5cho          -thermh   6o   1c   4     G     300.0    5000.0  1396.0      1
   1.36203958E1  1.37917192E-2 -4.73370118E-6 7.36655226E-10-4.20097974E-14    2
  -2.00025274E4  -4.73184531E1  6.27183793E-1  4.66780254E-2 -3.74430631E-5    3
  1.58330542E-8-2.73952155E-12  -1.57203117E4   2.16034294E1                   4
nc3h7cho          -thermh   8o   1c   4     G     300.0    5000.0  1378.0      1
   1.35988068E1  1.81652474E-2 -6.17844458E-6 9.55980208E-10-5.53442958E-14    2
  -3.15845348E4  -4.51790228E1   1.87415959E0  4.19240315E-2 -2.35148779E-5    3
  6.26913673E-9-6.09443908E-13  -2.71032194E4   1.91568574E1                   4
nc3h7co           -thermh   7o   1c   4     G     300.0    5000.0  1380.0      1
   1.30026331E1  1.63104877E-2 -5.57642899E-6 8.65670629E-10-5.02255667E-14    2
  -1.25523385E4  -4.02608515E1   2.67256826E0  3.71198825E-2 -2.06862859E-5    3
  5.48873888E-9-5.35864183E-13  -8.58050888E3    1.6484895E1                   4
ic3h7cho          -thermh   8o   1c   4     G     300.0    5000.0  1391.0      1
   1.37501656E1  1.83126722E-2 -6.28572629E-6 9.78250756E-10-5.68538653E-14    2
  -3.26936771E4  -4.77270548E1 -2.73021382E-1  4.89696307E-2 -3.12770049E-5    3
  1.00052945E-8-1.27512074E-12  -2.76054737E4   2.83451139E1                   4
tc3h6cho                h   7o   1c   4     G     300.0    5000.0  1389.0      1
   1.31013047E1  1.66391865E-2 -5.68457623E-6 8.81808351E-10-5.11290161E-14    2
  -1.30638647E4  -4.42705813E1   1.87052762E0  4.14869677E-2 -2.66815701E-5    3
   9.0153161E-9-1.27870633E-12  -8.97730744E3   1.66174178E1                   4
tc3h6o2cho        -thermh   7o   3c   4     G     300.0    5000.0  1386.0      1
   1.85534443E1  1.68774389E-2 -5.90752965E-6 9.31518085E-10-5.46345187E-14    2
  -2.85447191E4  -6.82486667E1   2.17883383E0  5.41595832E-2 -3.83435886E-5    3
  1.38308104E-8-2.04190147E-12  -2.27394154E4   2.00751264E1                   4
tc3h6o2hco        -thermh   7o   3c   4     G     300.0    5000.0  1387.0      1
   2.06472678E1    1.485265E-2 -5.25104875E-6 8.33619219E-10-4.91256069E-14    2
  -2.88719869E4  -7.95951389E1   2.03864428E0  5.80421003E-2 -4.32123528E-5    3
  1.58792094E-8-2.32209543E-12  -2.24284673E4    2.0368099E1                   4
ic3h5co           -thermh   5o   1c   4     G     300.0    5000.0  1397.0      1
   1.30667437E1  1.16704244E-2 -3.99106523E-6 6.19498148E-10-3.59348249E-14    2
  -3.36519344E3   -4.3580309E1   1.85097069E0  4.18855846E-2 -3.62553731E-5    3
  1.65690659E-8-3.05850846E-12   1.70381441E2   1.53014433E1                   4
ic3h7co           -thermh   7o   1c   4     G     300.0    5000.0  1396.0      1
    1.2898734E1  1.66809722E-2 -5.67154574E-6 8.77024651E-10 -5.0742614E-14    2
  -1.35090137E4  -4.12607668E1  4.33384289E-1  4.46235649E-2 -2.91982909E-5    3
  9.72341221E-9-1.30412544E-12  -9.07000444E3   2.60898982E1                   4
ch2cch2oh         -thermh   5o   1c   3     G     300.0    5000.0  1372.0      1
   9.70702027E0   1.1397266E-2 -3.77993962E-6 5.75209277E-10-3.29229125E-14    2
   9.13212884E3  -2.25012933E1   2.88422544E0  2.42428071E-2 -1.14152268E-5    3
  1.71775334E-9 1.42177454E-13   1.17935615E4   1.52102335E1                   4
ic4h7o            -thermh   7o   1c   4     G     300.0    5000.0  1386.0      1
   1.33457615E1  1.61218588E-2 -5.44376403E-6 8.38199374E-10 -4.8360828E-14    2
   6.11443644E2  -4.36818838E1   1.74700687E0  4.07783436E-2 -2.44750243E-5    3
  7.06502958E-9-7.51570589E-13   4.86979233E3   1.94535999E1                   4
ic4h6oh           -thermh   7o   1c   4     G     300.0    5000.0  1390.0      1
   1.40310926E1  1.55317541E-2 -5.32754961E-6 8.28785902E-10-4.81545257E-14    2
  -7.69378228E3  -4.76555306E1  8.63371227E-1  4.68711282E-2 -3.43580339E-5    3
  1.33031052E-8-2.13914975E-12  -3.14948305E3   2.29075523E1                   4
c7h15-2                 h  15c   7          G     300.0    5000.0  1382.0      1
   2.16368842E1  3.23324804E-2 -1.09273807E-5   1.6835706E-9-9.71774091E-14    2
  -1.05873616E4  -8.52209653E1 -3.79155767E-2   7.5672657E-2 -4.07473634E-5    3
  9.32678943E-9-4.92360745E-13  -2.35605303E3   3.37321506E1                   4
c7h15o2-2         -thermh  15o   2c   7     G     300.0    5000.0  1392.0      1
   2.52622017E1  3.46652053E-2 -1.18812593E-5  1.84687322E-9-1.07234165E-13    2
  -3.05051074E4  -1.00675588E2   1.51378168E0  8.85572745E-2 -5.92457147E-5    3
  2.11801862E-8-3.20741722E-12    -2.198184E4    2.7625537E1                   4
c7h14ooh2-4       8-thrmh  15o   2c   7     G     300.0    5000.0  1389.0      1
   2.73843966E1  3.17800796E-2 -1.07557689E-5  1.65881427E-9-9.58200506E-14    2
  -2.49404488E4  -1.09739277E2   1.62083964E0  8.83636215E-2 -5.64527235E-5    3
  1.76325999E-8-2.10369342E-12  -1.57072842E4   2.97815441E1                   4
c7h14ooh2-4o2     -98-tmh  15o   4c   7     G     300.0    5000.0  1392.0      1
   3.27436761E1  3.30060143E-2 -1.14146253E-5  1.78556283E-9-1.04147126E-13    2
  -4.58332974E4  -1.35817581E2   3.09603698E0  9.93182239E-2 -6.69045928E-5    3
   2.2419127E-8-2.97843662E-12  -3.52824732E4   2.43873873E1                   4
nc7ket24          -thermh  14o   3c   7     G     300.0    5000.0  1389.0      1
    2.8206885E1    3.208335E-2  -1.1069987E-5   1.7287617E-9-1.00709919E-13    2
  -6.18824724E4  -1.13686529E2   2.69842062E0  9.01458551E-2 -6.19413386E-5    3
  2.22789039E-8-3.34178948E-12  -5.27915898E4    2.3985249E1                   4
ac8h17            -thermh  17c   8          G     300.0    5000.0  1396.0      1
   2.67069782E1  3.57660601E-2 -1.22178704E-5   1.8953663E-9-1.09907843E-13    2
  -1.57229692E4  -1.17001113E2  -3.41944741E0  1.06803189E-1 -7.65411563E-5    3
  2.85341682E-8-4.36478649E-12  -5.33514196E3   4.45471727E1                   4
ac8h17o2          -thermh  17o   2c   8     G     300.0    5000.0  1397.0      1
   2.99218384E1  3.78213072E-2 -1.29497041E-5  2.01179236E-9-1.16769717E-13    2
  -3.47718755E4  -1.28312117E2 -4.17981776E-1  1.09033073E-1  -7.7368149E-5    3
    2.878505E-8-4.42721988E-12  -2.42387571E4   3.45612011E1                   4
ac8h16ooh-b       8-thrmh  17o   2c   8     G     300.0    5000.0  1393.0      1
   3.23398926E1  3.45124806E-2 -1.16469791E-5   1.7933659E-9 -1.0349424E-13    2
  -2.93410499E4  -1.39083072E2 -6.93031347E-1  1.10301494E-1 -7.63976715E-5    3
   2.6167554E-8-3.49766299E-12  -1.79009147E4   3.85315171E1                   4
ic8eterab         -thermh  16o   1c   8     G     300.0    5000.0  1403.0      1
   2.76798014E1  3.59323006E-2 -1.23072657E-5  1.91269208E-9-1.11054254E-13    2
  -4.05912134E4  -1.25295695E2  -7.80049041E0  1.23580877E-1 -9.58621529E-5    3
  3.83545262E-8-6.21761428E-12  -2.88197649E4   6.34400053E1                   4
ac8h16ooh-bo2     -98-tmh  17o   4c   8     G     300.0    5000.0  1396.0      1
   3.67865808E1  3.66860516E-2 -1.26621795E-5  1.97813925E-9-1.15276762E-13    2
  -4.98167168E4  -1.59814026E2   1.32679918E0  1.19431729E-1 -8.60181983E-5    3
  3.13764909E-8-4.61134469E-12  -3.75654653E4   3.05379851E1                   4
ic8ketab          -thermh  16o   3c   8     G     300.0    5000.0  1399.0      1
   3.38088926E1  3.44048922E-2 -1.18434104E-5    1.846921E-9-1.07495221E-13    2
  -6.54736771E4  -1.47484577E2  -1.15294347E0  1.19597412E-1 -9.17731724E-5    3
  3.61323541E-8-5.76238463E-12  -5.37517462E4   3.89197707E1                   4
ic4h9oh           -thermh  10o   1c   4     G     300.0    5000.0  1394.0      1
   1.47423131E1  2.19843767E-2 -7.51584192E-6  1.16633393E-9-6.76421638E-14    2
    -4.166166E4  -5.28466211E1 -8.37465362E-1  5.76520639E-2 -3.90215462E-5    3
  1.40131231E-8-2.11159111E-12  -3.61265628E4   3.11701525E1                   4
ic4h8oh-1         -thermh   9o   1c   4     G     300.0    5000.0  1394.0      1
   1.47534591E1  1.94562034E-2 -6.64962082E-6  1.03168447E-9 -5.9823074E-14    2
  -1.96083049E4  -5.12242842E1  5.33515225E-1  5.34789056E-2 -3.86598545E-5    3
  1.51267168E-8-2.49240649E-12  -1.46841926E4    2.4970475E1                   4
ch3chco           -thermh   4o   1c   3     G     300.0    5000.0  1400.0      1
   1.00219123E1    9.569663E-3 -3.26221644E-6 5.05231706E-10-2.92593257E-14    2
  -1.42482738E4  -2.77829973E1   1.48380119E0  3.22203013E-2 -2.70250033E-5    3
  1.20499164E-8-2.18365931E-12   -1.1527654E4   1.71552068E1                   4
ic4h8oh-1o2       -thermh   9o   3c   4     G     300.0    5000.0  1396.0      1
   2.02203774E1  1.93384876E-2 -6.67392863E-6  1.04249745E-9-6.07448546E-14    2
  -4.26369155E4  -7.69314705E1    2.0833556E0  6.18870472E-2 -4.48341301E-5    3
  1.66255965E-8-2.50627022E-12  -3.63742879E4   2.03816005E1                   4
ic4h7oh-1ooh-3    -thermh   9o   3c   4     G     300.0    5000.0  1402.0      1
   2.06576223E1   1.8714507E-2  -6.4010158E-6 9.93748981E-10-5.76530917E-14    2
  -3.46314372E4  -7.57515094E1    2.6174119E0  6.46114529E-2 -5.19300376E-5    3
  2.17905854E-8-3.71408127E-12  -2.87505213E4   1.97880585E1                   4
ic4h7oh-1ooh-3o2  -thermh   9o   5c   4     G     300.0    5000.0  1397.0      1
   2.45574931E1  1.98693613E-2 -6.84882272E-6  1.06885096E-9-6.22382457E-14    2
  -5.46003666E4   -9.1199764E1   5.23724541E0  6.80750524E-2  -5.3830538E-5    3
  2.22420494E-8-3.75370839E-12  -4.81850033E4   1.14934904E1                   4
ic4ohket1-3       -thermh   8o   4c   4     G     300.0    5000.0  1396.0      1
   2.19405383E1  1.81065392E-2 -6.30120262E-6 9.89882048E-10-5.79103136E-14    2
  -7.86188315E4  -8.58904972E1    1.1795866E0  6.87127266E-2 -5.37947123E-5    3
  2.13733815E-8-3.42382361E-12  -7.16626028E4   2.47900567E1                   4
ic4h8oh-3         -thermh   9o   1c   4     G     300.0    5000.0  1394.0      1
   1.43192822E1  1.98485473E-2 -6.79059389E-6  1.05430977E-9-6.11666443E-14    2
  -1.65929835E4  -4.77124766E1 -4.98328165E-2  5.30373754E-2 -3.64646068E-5    3
  1.33332366E-8-2.04587041E-12  -1.15172729E4   2.96718261E1                   4
ic4h8oh-3o2       -thermh   9o   3c   4     G     300.0    5000.0  1390.0      1
   1.77642214E1   2.1313548E-2 -7.32798236E-6  1.14153937E-9-6.63815149E-14    2
  -3.66072398E4  -6.05685186E1   3.06971149E0  5.38412681E-2 -3.49291037E-5    3
  1.19288878E-8-1.71696345E-12  -3.12509616E4   1.91105564E1                   4
ic4h7oh-3ooh-1    -thermh   9o   3c   4     G     300.0    5000.0  1395.0      1
   1.97713069E1  1.94917585E-2 -6.67486028E-6  1.03711568E-9-6.02040996E-14    2
  -3.22394367E4  -7.05197057E1    3.3047732E0  5.93334036E-2 -4.42422549E-5    3
  1.74454846E-8-2.84588078E-12   -2.6631641E4   1.74725356E1                   4
ic4ketii          -thermh   8o   3c   4     G     300.0    5000.0  1387.0      1
   1.95143059E1  1.82377395E-2 -6.38908606E-6  1.00801571E-9 -5.9144035E-14    2
  -4.46884836E4  -7.17167584E1   1.15501614E0  6.10622345E-2 -4.49711323E-5    3
  1.70514654E-8-2.65948602E-12  -3.82747956E4   2.69612235E1                   4
c2h5co            a10-04h   5o   1c   3     G     200.0    6000.0  1000.0      1
   6.52325448E0  1.54211952E-2 -5.50898157E-6 8.85889862E-10-5.28846399E-14    2
  -7.19631634E3  -5.19862218E0   6.25722402E0 -9.17612184E-3  7.61190493E-5    3
 -9.05514997E-8 3.46198215E-11  -5.91616484E3   2.23330599E0                   4
nc4h9oh           -thermh  10o   1c   4     G     300.0    5000.0  1404.0      1
   1.49262803E1  2.15140503E-2   -7.286198E-6  1.12363099E-9 -6.4883318E-14    2
  -4.06081405E4  -5.23687225E1 -6.33228274E-1  5.61201189E-2 -3.58348685E-5    3
  1.14386491E-8-1.42875375E-12  -3.50657543E4   3.17521588E1                   4
nc4h8oh           -thermh   9o   1c   4     G     300.0    5000.0  1405.0      1
   1.48734893E1  1.90136213E-2 -6.42348232E-6 9.88881867E-10-5.70317709E-14    2
   -1.8508458E4  -5.03291171E1  9.92816677E-1  5.09978376E-2 -3.43044074E-5    3
  1.19151741E-8-1.67980076E-12  -1.36663743E4   2.43356323E1                   4
nc4h8oho2         -thermh   9o   3c   4     G     300.0    5000.0  1396.0      1
   1.89120862E1  2.02526112E-2 -6.94225752E-6  1.07921529E-9-6.26651805E-14    2
  -4.07970291E4  -6.69028617E1   3.61860607E0  5.68332133E-2 -4.12486845E-5    3
  1.60924891E-8-2.63256932E-12  -3.55106319E4   1.50300425E1                   4
nc4h7ohooh        -thermh   9o   3c   4     G     300.0    5000.0  1386.0      1
   1.98248103E1  1.86203271E-2 -6.21190922E-6 9.49491968E-10-5.45275945E-14    2
  -3.13510418E4  -6.92022341E1   2.87544649E0  5.64465881E-2 -3.71201866E-5    3
  1.17976445E-8-1.40574901E-12  -2.53859976E4   2.22914488E1                   4
nc4h7ohooho2      -thermh   9o   5c   4     G     300.0    5000.0  1400.0      1
   2.47054669E1  1.96541583E-2  -6.7542323E-6  1.05192223E-9-6.11636036E-14    2
  -5.51718478E4   -9.1895261E1   5.24253885E0  6.95694331E-2 -5.69274095E-5    3
  2.43580632E-8-4.23410458E-12  -4.88435872E4   1.10772891E1                   4
nc4ohket          -thermh   8o   4c   4     G     300.0    5000.0  1394.0      1
   2.12924728E1  1.84854934E-2 -6.39052328E-6 9.99235156E-10-5.82604271E-14    2
  -7.17379201E4  -7.67044732E1   4.69717036E0  5.90263474E-2 -4.52484886E-5    3
  1.83435414E-8 -3.0750287E-12   -6.6104927E4   1.18723376E1                   4
nc4ket            -thermh   8o   3c   4     G     300.0    5000.0  1386.0      1
   1.96430808E1  1.80940566E-2 -6.33063232E-6 9.97860399E-10-5.85076458E-14    2
  -4.59588851E4  -7.16905094E1   2.74883461E0  5.86936745E-2 -4.49605895E-5    3
   1.8320013E-8-3.11765369E-12  -4.01065878E4    1.8807209E1                   4
hocho             -thermh   2o   2c   1     G     300.0    5000.0  1376.0      1
   6.68733013E0  5.14289368E-3 -1.82238513E-6 2.89719163E-10-1.70892199E-14    2
    -4.839954E4  -1.13104798E1   1.43548185E0  1.63363016E-2 -1.06257421E-5    3
  3.32132977E-9-4.02176103E-13  -4.64616504E4   1.72885798E1                   4
n                 l-6-88n   1               G     200.0    6000.0  1000.0      1
    2.4159429E0   1.7489065E-4  -1.1902369E-7  3.0226245E-11 -2.0360982E-15    2
    5.6133773E4    4.6496096E0          2.5E0          0.0E0          0.0E0    3
          0.0E0          0.0E0    5.6104637E4    4.1939087E0                   4
n2o                     o   1n   2          G     300.0    5000.0  1685.0      1
   5.48501364E0  1.95042456E-3 -8.32870915E-7 1.49111448E-10-9.52979802E-15    2
   7.79717629E3  -6.13258709E0    3.1222226E0  6.29213183E-3  -3.1529818E-6    3
 3.43392278E-10 7.79115066E-14   8.68573433E3   6.91366015E0                   4
no                      o   1n   1          G     300.0    5000.0  1398.0      1
   3.30745011E0  1.02991918E-3 -3.14459911E-7 4.42658687E-11-2.38080924E-15    2
   9.81096664E3   6.16141074E0   3.20971914E0  1.19199975E-3 -4.00785061E-7    3
 5.80069229E-11-1.77636894E-15    9.8540627E3   6.71393297E0                   4
no2                     o   2n   1          G     300.0    5000.0  1383.0      1
   5.08901008E0  1.69784421E-3 -6.03307083E-7  9.6096655E-11-5.67606846E-15    2
   2.09363765E3  -1.23479099E0   2.90033728E0  6.71842134E-3 -4.94876323E-6    3
  1.78620221E-9 -2.5552769E-13   2.85784016E3   1.05442712E1                   4
soot              p-4-83c  80               G     200.0    5000.0  1000.0      1
    1.4556924E0   1.7170638E-3   -6.975841E-7  1.3528316E-10 -9.6764905E-15    2
   -6.9512804E2   -8.5256842E0  -3.1087207E-1   4.4035369E-3   1.9039412E-6    3
  -6.3854697E-9  2.9896425E-12   -1.0865079E2    1.1138295E0                   4
nox               121286o   1n   1          G     300.0    5000.0  1000.0      1
     3.245435E0    1.269138E-3    -5.01589E-7   9.169283E-11  -6.275419E-15    2
      9.80084E3     6.417294E0     3.376542E0    1.253063E-3   -3.302751E-6    3
     5.21781E-9  -2.446263E-12     9.817961E3      5.82959E0                   4
c4h8oh-1          -thermh   9o   1c   4     G     300.0    5000.0  1405.0      1
   1.48734893E1  1.90136213E-2 -6.42348232E-6 9.88881867E-10-5.70317709E-14    2
   -1.8508458E4  -5.03291171E1  9.92816677E-1  5.09978376E-2 -3.43044074E-5    3
  1.19151741E-8-1.67980076E-12  -1.36663743E4   2.43356323E1                   4
c4h8oh-3          -thermh   9o   1c   4     G     300.0    5000.0  1503.0      1
   1.40357398E1  1.94173155E-2 -6.50230141E-6 9.95481694E-10-5.72034525E-14    2
  -1.67631276E4  -4.41162528E1    1.2032968E0  4.40218297E-2 -2.12295754E-5    3
  3.03714993E-9 3.72027554E-13   -1.1862244E4   2.65515175E1                   4
c4h8oh-3o2        -thermh   9o   3c   4     G     300.0    5000.0  1392.0      1
   1.79101133E1  2.11247449E-2 -7.24787505E-6  1.12742547E-9-6.54930094E-14    2
  -3.71878276E4  -6.12769774E1   2.89779336E0  5.60720331E-2 -3.90996379E-5    3
  1.47174953E-8-2.34862827E-12  -3.18812119E4   1.95265598E1                   4
c4h7oh-1ooh-3     -thermh   9o   3c   4     G     300.0    5000.0  1399.0      1
   1.99606162E1  1.93791633E-2 -6.64705238E-6  1.03395417E-9-6.00686943E-14    2
  -3.47220187E4  -7.01918988E1   3.71800924E0  5.66057456E-2 -3.89365694E-5    3
  1.36468141E-8-1.93330667E-12  -2.90287204E4   1.72622482E1                   4
c4h7oh-3ooh-1     -thermh   9o   3c   4     G     300.0    5000.0  1386.0      1
   1.98248103E1  1.86203271E-2 -6.21190922E-6 9.49491968E-10-5.45275945E-14    2
  -3.13510418E4  -6.92022341E1   2.87544649E0  5.64465881E-2 -3.71201866E-5    3
  1.17976445E-8-1.40574901E-12  -2.53859976E4   2.22914488E1                   4
c4h7oh-1ooh-3o2   -thermh   9o   5c   4     G     300.0    5000.0  1400.0      1
   2.47054669E1  1.96541583E-2  -6.7542323E-6  1.05192223E-9-6.11636036E-14    2
  -5.51718478E4   -9.1895261E1   5.24253885E0  6.95694331E-2 -5.69274095E-5    3
  2.43580632E-8-4.23410458E-12  -4.88435872E4   1.10772891E1                   4
c4ohket1-3        -thermh   8o   4c   4     G     300.0    5000.0  1394.0      1
   2.15061207E1  1.82242002E-2 -6.28433969E-6 9.81117783E-10-5.71471509E-14    2
  -7.90045198E4   -8.2877821E1   2.52579036E0  6.70741287E-2  -5.5788831E-5    3
  2.42518437E-8-4.28225979E-12  -7.28293364E4   1.75173625E1                   4
c4h8oh-1o2        -thermh   9o   3c   4     G     300.0    5000.0  1396.0      1
   1.89120862E1  2.02526112E-2 -6.94225752E-6  1.07921529E-9-6.26651805E-14    2
  -4.07970291E4  -6.69028617E1   3.61860607E0  5.68332133E-2 -4.12486845E-5    3
  1.60924891E-8-2.63256932E-12  -3.55106319E4   1.50300425E1                   4
nc4ket13          -thermh   8o   3c   4     G     300.0    5000.0  1386.0      1
   1.96430808E1  1.80940566E-2 -6.33063232E-6 9.97860399E-10-5.85076458E-14    2
  -4.59588851E4  -7.16905094E1   2.74883461E0  5.86936745E-2 -4.49605895E-5    3
   1.8320013E-8-3.11765369E-12  -4.01065878E4    1.8807209E1                   4
ch2ocho           -thermh   3o   2c   2     G     300.0    5000.0  1442.0      1
   1.00960096E1  7.19887066E-3 -2.59813465E-6 4.18110812E-10-2.48723387E-14    2
  -2.36389018E4  -2.71144175E1   2.31031671E0  1.80474065E-2 -2.71519637E-6    3
 -4.60918579E-9 1.70037078E-12  -2.02910878E4   1.71549722E1                   4
sc4h9oh           -thermh  10o   1c   4     G     300.0    5000.0  1399.0      1
   1.61286666E1  1.96312575E-2 -6.46853793E-6 9.80178833E-10-5.59417724E-14    2
  -4.30695121E4   -5.9711157E1 -3.14971073E-1  5.54805197E-2 -3.42666346E-5    3
  9.72620655E-9-9.04559948E-13  -3.72415744E4   2.92787758E1                   4
sc4h8oh-1         -thermh   9o   1c   4     G     300.0    5000.0  1484.0      1
   1.46214981E1  1.85848519E-2 -6.15342339E-6 9.35523496E-10-5.35175724E-14    2
  -2.14683115E4  -4.79355331E1   2.69661428E0  3.96410714E-2 -1.59800743E-5    3
 1.23395286E-10 9.71728994E-13  -1.67435035E4   1.83604832E1                   4
sc4h8oh-2         -thermh   9o   1c   4     G     300.0    5000.0  1392.0      1
   1.48421985E1  1.78435665E-2  -6.1670905E-6  1.00443458E-9-6.10697983E-14    2
   -1.7869501E4  -4.90082079E1  -1.04565044E0   5.7242342E-2 -4.43109142E-5    3
  1.80944672E-8-3.02843329E-12  -1.25698404E4   3.55278306E1                   4
sc4h8oh-3         -thermh   9o   1c   4     G     300.0    5000.0  1486.0      1
   1.62323637E1  1.77621189E-2 -5.98899323E-6 9.22205005E-10-5.32394983E-14    2
  -1.84722625E4  -5.82256275E1   1.27641612E0  4.58145342E-2 -2.16701918E-5    3
  2.18504122E-9 7.16497136E-13   -1.2723283E4   2.43183444E1                   4
sc4h8oh-2o2       -thermh   9o   3c   4     G     300.0    5000.0  1396.0      1
   1.87568585E1  2.03739389E-2 -6.98230572E-6  1.08532055E-9-6.30160896E-14    2
   -3.9638061E4  -6.69970355E1   2.13524137E0  6.14284241E-2 -4.69260974E-5    3
  1.92131799E-8 -3.2661049E-12  -3.40305323E4   2.15776786E1                   4
sc4h8oh-3o2       -thermh   9o   3c   4     G     300.0    5000.0  1392.0      1
   1.84220768E1   2.0752776E-2 -7.13409936E-6  1.11122968E-9-6.46148343E-14    2
  -3.78382562E4  -6.38010094E1   3.06236468E0  5.62087709E-2 -3.89540001E-5    3
  1.43977022E-8-2.24209555E-12  -3.23950383E4   1.89519218E1                   4
sc4h7oh-2ooh-1    -thermh   9o   3c   4     G     300.0    5000.0  1406.0      1
   2.11922652E1  1.80589651E-2 -6.13087461E-6 9.47041468E-10-5.47510918E-14    2
  -3.55313507E4  -7.90654156E1  -1.00185618E0  8.11011253E-2 -7.59166166E-5    3
  3.60883156E-8-6.74914329E-12  -2.89590622E4   3.61316038E1                   4
sc4h7oh-3ooh-1    -thermh   9o   3c   4     G     300.0    5000.0  1404.0      1
   2.08838826E1  1.84143977E-2 -6.27435226E-6 9.71626043E-10-5.62716205E-14    2
  -3.37486979E4  -7.60347713E1  1.13252134E-1  7.48697868E-2 -6.62068877E-5    3
  3.00982189E-8-5.45131495E-12  -2.73478095E4   3.26690224E1                   4
nc4ket23          -thermh   8o   3c   4     G     300.0    5000.0  1387.0      1
   1.99512969E1  1.79558596E-2 -6.31230878E-6 9.98217386E-10-5.86636973E-14    2
  -4.95585495E4  -7.43071328E1  4.50575961E-1  6.48862527E-2 -5.04446464E-5    3
   2.0308522E-8-3.35952497E-12  -4.28779359E4   3.00153676E1                   4
nc4ket24          -thermh   8o   3c   4     G     300.0    5000.0  1380.0      1
   1.87707201E1  1.89490823E-2 -6.65182145E-6   1.0508086E-9-6.17069393E-14    2
  -4.72319802E4  -6.73335107E1   2.93007283E0  5.39296076E-2 -3.66164919E-5    3
  1.30880106E-8-1.99245456E-12  -4.14118815E4   1.86567511E1                   4
ch3chchoh               h   6o   1c   3     G     300.0    5000.0  1404.0      1
   1.11222064E1   1.2774541E-2 -4.25315532E-6 6.48216484E-10 -3.7119085E-14    2
  -2.36690795E4  -3.41335182E1 -3.53977226E-2  4.34969453E-2 -3.74479918E-5    3
  1.70906074E-8-3.13775054E-12  -2.02502608E4   2.41528201E1                   4
c2h5coch3         -thermh   8o   1c   4     G     300.0    5000.0  1388.0      1
   1.29205497E1  1.89951927E-2 -6.51524488E-6  1.01337892E-9-5.88684358E-14    2
   -3.5280537E4  -4.17145319E1  8.79730243E-2  4.62285001E-2 -2.79764453E-5    3
  8.48736503E-9-1.03073749E-12  -3.05063224E4   2.82501189E1                   4
ch2ch2coch3       5-therh   7o   1c   4     G     300.0    5000.0  1380.0      1
   1.24694368E1  1.71022143E-2 -5.92156726E-6 9.26816806E-10-5.40730504E-14    2
  -1.01378242E4  -3.62186375E1   2.40255609E0  3.67294268E-2  -1.9731651E-5    3
  5.07323216E-9-4.99655275E-13  -6.15006886E3   1.93993386E1                   4
ic3h5oh                 h   6o   1c   3     G     300.0    5000.0  1405.0      1
   1.21621106E1  1.20411664E-2 -4.03021153E-6  6.1630291E-10-3.53701974E-14    2
   -2.6046003E4   -4.1265907E1 -9.56994552E-1  5.22711668E-2 -5.19795372E-5    3
  2.63315795E-8-5.18631177E-12  -2.24033513E4   2.58662769E1                   4
tc4h9oh           -thermh  10o   1c   4     G     300.0    5000.0  1398.0      1
   1.51649417E1  2.13150096E-2 -7.21750824E-6  1.11283831E-9-6.42498939E-14    2
  -4.51552516E4  -5.75126755E1 -6.16810479E-1  5.93246469E-2 -4.28640709E-5    3
  1.65888214E-8 -2.6749425E-12  -3.97604667E4   2.68860116E1                   4
tc4h8oh           -thermh   9o   1c   4     G     300.0    5000.0  1398.0      1
   1.47375554E1  1.91807087E-2  -6.4922799E-6   1.0007622E-9-5.77690579E-14    2
   -1.8675485E4  -5.12562176E1  1.51511632E-1  5.47779074E-2 -4.03995549E-5    3
  1.59609465E-8-2.61959493E-12  -1.37385613E4   2.65782496E1                   4
tc4h8oh-o2        -thermh   9o   3c   4     G     300.0    5000.0  1392.0      1
    1.8467592E1  2.07600819E-2 -7.14638353E-6  1.11413133E-9-6.48225696E-14    2
   -4.0179334E4  -6.65920876E1   2.89005593E0  5.78243141E-2 -4.19768118E-5    3
   1.6516189E-8-2.74657518E-12  -3.47429891E4   1.69868466E1                   4
tc4h7oh-ooh       -thermh   9o   3c   4     G     300.0    5000.0  1396.0      1
    2.0025429E1   1.9367556E-2 -6.65191853E-6  1.03557843E-9-6.01963909E-14    2
  -3.27873267E4  -7.22509723E1   2.66520382E0  6.24371701E-2 -4.85238683E-5    3
  1.99268614E-8-3.36703183E-12  -2.69785493E4   2.01441607E1                   4
tc4h7oh-ooh-o2    -thermh   9o   5c   4     G     300.0    5000.0  1392.0      1
    2.3887089E1  2.05929331E-2 -7.13241616E-6   1.1166487E-9-6.51638814E-14    2
  -5.27439116E4  -8.74853114E1   5.59539226E0  6.45723632E-2 -4.85134752E-5    3
  1.92480678E-8-3.16805202E-12  -4.64612818E4   1.04019607E1                   4
tc3h6oh           -thermh   7o   1c   3     G     300.0    5000.0  1392.0      1
   1.12222277E1  1.36444398E-2 -4.51406709E-6 7.10523275E-10-4.22690392E-14    2
  -1.75350136E4  -3.18911926E1    1.0967036E0  3.80727565E-2 -2.75022497E-5    3
  1.07477493E-8-1.74895773E-12  -1.40764487E4   2.22475799E1                   4
c3ket12           -thermh   6o   3c   3     G     300.0    5000.0  1388.0      1
   1.70756225E1  1.31013491E-2 -4.61949408E-6 7.31991329E-10-4.30788679E-14    2
  -4.17008637E4  -5.95778952E1   1.10507238E0  5.27396706E-2 -4.31805774E-5    3
  1.81618292E-8-3.10535568E-12  -3.63627536E4   2.54111636E1                   4
ic4h9o            a08-04h   9o   1c   4     G     200.0    6000.0  1000.0      1
   1.16309708E1  2.47981574E-2 -9.01550536E-6   1.4671472E-9-8.83214518E-14    2
  -1.37854612E4  -3.81956151E1   3.80297372E0  1.56874209E-2  6.81105412E-5    3
 -9.83346774E-8 3.95261902E-11  -1.00832243E4   9.78963305E0                   4
c3h6oh-2          -thermh   7o   1c   3     G     300.0    5000.0  1530.0      1
    1.0861225E1   1.4994444E-2 -4.99956622E-6 7.63352693E-10-4.37872385E-14    2
  -1.17006131E4  -2.85286286E1   1.38218609E0  3.22641651E-2 -1.39820294E-5    3
 9.59442093E-10 5.73234299E-13  -7.99050293E3   2.39928393E1                   4
ar                120186ar  1               G     300.0    5000.0  1000.0      1
          2.5E0          0.0E0          0.0E0          0.0E0          0.0E0    2
     -7.45375E2     4.366001E0          2.5E0          0.0E0          0.0E0    3
          0.0E0          0.0E0     -7.45375E2     4.366001E0                   4
ehn        4/22/ 5 thermc   8h  17o   3n   1g   300.000  5000.000 1397.000    91
 3.36963137e+01 3.93275630e-02-1.34805261e-05 2.09599948e-09-1.21733104e-13    2
-5.16396744e+04-1.42634785e+02-2.37780067e+00 1.28425885e-01-9.92629118e-05    3
 4.02620702e-08-6.69555938e-12-3.95735466e+04 4.94276676e+01                   4
hono               31787h   1n   1o   2     g  0300.00   5000.00  1000.00      1
 0.05486893e+02 0.04218065e-01-0.01649143e-04 0.02971877e-08-0.02021148e-12    2
-0.01126865e+06-0.02997002e+02 0.02290413e+02 0.01409922e+00-0.01367872e-03    3
 0.07498780e-07-0.01876905e-10-0.01043195e+06 0.01328077e+03                   4
hno2              103190h   1n   1o   2     g  0300.00   4000.00  1500.00      1
 0.06479630e+02 0.01995274e-01-0.01740387e-05-0.09695872e-09 0.01701480e-12    2
-0.09999271e+05-0.01067286e+03 0.01934838e+02 0.01010036e+00-0.04964616e-04    3
 0.08701120e-08-0.02324135e-13-0.08105484e+05 0.01473250e+03                   4
hono2             103190h   1n   1o   3     g  0300.00   4000.00  1500.00      1
 0.09756148e+02 0.01900948e-01-0.03240020e-05-0.03976639e-09 0.01100334e-12    2
-0.01942244e+06-0.02690023e+03 0.07877668e+01 0.02382329e+00-0.02205964e-03    3
 0.01034048e-06-0.01972857e-10-0.01630442e+06 0.02108964e+03                   4
ch3ono2           103190c   1h   3n   1o   3g  0300.00   4000.00  1500.00      1
 0.01436189e+03 0.04112243e-01-0.05113052e-05-0.01496436e-08 0.03012156e-12    2
-0.01972440e+06-0.05131842e+03 0.07803354e+01 0.03454204e+00-0.02822328e-03    3
 0.01232324e-06-0.02302164e-10-0.01465346e+06 0.02245752e+03                   4
ch3ono            103190c   1h   3n   1o   2g  0300.00   4000.00  1500.00      1
 0.01136129e+03 0.04159349e-01-0.04145670e-05-0.01695140e-08 0.03028732e-12    2
-0.01281482e+06-0.03545435e+03 0.01490345e+02 0.02645433e+00-0.02112332e-03    3
 0.09414399e-07-0.01811205e-10-0.09125782e+05 0.01813766e+03                   4
eho        4/22/ 5 thermc   8h  17o   1    0g   300.000  5000.000 1390.000    81
 2.74811848e+01 3.75744020e-02-1.29161783e-05 2.01202962e-09-1.17007752e-13    2
-3.20795559e+04-1.15053437e+02-1.32517927e+00 1.02067227e-01-6.78362870e-05    3
 2.32912073e-08-3.29828280e-12-2.17345686e+04 4.07501425e+01                   4
ehoh       7/01/13 thermc   8h  18o   1     g  0300.00   5000.00  1000.00      1
 1.74707124E+01 5.88174746E-02-2.79261557E-05 6.58328467E-09-6.13892642E-13    2
-5.32012241E+04-5.97521822E+01 2.14993120E+00 7.69172297E-02 3.56223718E-06    3
-5.51766041E-08 2.68761830E-11-4.74841423E+04 2.59501842E+01                   4
ehoo       7/01/13 thermc   8h  17o   2     g  0300.00   5000.00  1000.00      1
 1.83922194E+01 5.88174746E-02-2.79261557E-05 6.58328467E-09-6.13892642E-13    2
-2.70520897E+04-6.09563142E+01 2.76180177E+00 8.30506967E-02-1.15552613E-05    3
-4.32289934E-08 2.42219142E-11-2.15089805E+04 2.49912574E+01                   4
eho2       7/01/13 thermc   8h  15o   2     g   300.000  5000.000 1000.000     1
 1.47615826E+01 5.88174746E-02-2.79261557E-05 6.58328467E-09-6.13892642E-13    2
-4.99565388E+04-4.43032310E+01 1.42375348E+00 8.07548171E-02-1.02805938E-05    3
-4.42995941E-08 2.40222588E-11-4.56753962E+04 2.78730268E+01                   4
ecooh      7/03/13 thermc   8h  16o   2    0g   300.000  5000.000 1000.000     1
 1.66448810E+01 5.88174746E-02-2.79261557E-05 6.58328467E-09-6.13892642E-13
-7.69869883E+04-5.61840121E+01 6.90677043E-01 8.72825202E-02-1.80494517E-05
-3.88836903E-08 2.24638863E-11-7.18060091E+04 3.00065405E+01
echo       7/01/13 thermc   8h  16o   1    0g   300.000  5000.000 1000.000     1
 1.41472446E+01 5.88174746E-02-2.79261557E-05 6.58328467E-09-6.13892642E-13    2
-4.38188239E+04-4.13698524E+01 3.21691544E+00 6.47846265E-02 2.14400603E-05    3
-7.04791917E-08 3.20438132E-11-3.95930170E+04 2.10069923E+01                   4
ehooh      7/01/13 thermc   8h  18o   2    0g   300.000  5000.000 1000.00      1
 2.08948914E+01 5.88174746E-02-2.79261557E-05 6.58328467E-09-6.13892642E-13    2
-4.63043328E+04-7.60984100E+01 2.79765494E+00 8.44485038E-02-8.08374803E-07    3
-5.97498619E-08 3.10649716E-11-3.98139396E+04 2.39142838E+01                   4
hno                     h   1o   1n   1     g     300.0    5000.0  1364.0      1
    4.0210407e0  2.53315889e-3 -8.74528443e-7 1.36586699e-10-7.95635346e-15    2
   1.04692469e4   2.52220203e0   3.47906296e0  2.30702523e-3  9.45658257e-7    3
 -1.34347932e-9 3.44493795e-13   1.08271384e4   5.99651372e0                   4
cn                -hbh92c   1n   1          g     200.0    6000.0  1000.0      1
    3.7459805e0   4.3450775e-5   2.9705984e-7 -6.8651806e-11  4.4134173e-15    2
    5.1536188e4    2.7867601e0    3.6129351e0  -9.5551327e-4   2.1442977e-6    3
 -3.1516323e-10 -4.6430356e-13     5.170834e4    3.9804995e0                   4
hcn               gri-98h   1c   1n   1     g     200.0    6000.0  1000.0      1
    3.8022392e0   3.1464228e-3  -1.0632185e-6  1.6619757e-10  -9.799757e-15    2
    1.4407292e4    1.5754601e0    2.2589886e0    1.005117e-2  -1.3351763e-5    3
   1.0092349e-8 -3.0089028e-12    1.4712633e4    8.9164419e0                   4
hcnn              sri-94h   1c   1n   2     g     300.0    5000.0  1000.0      1
    5.8946362e0   3.9895959e-3   -1.598238e-6  2.9249395e-10 -2.0094686e-14    2
    5.3452941e4   -5.1030502e0    2.5243194e0   1.5960619e-2  -1.8816354e-5    3
    1.212554e-8 -3.2357378e-12    5.4261984e4     1.167587e1                   4
hcno              bdea94h   1o   1c   1n   1g     300.0    5000.0  1382.0      1
   6.59860456e0  3.02778626e-3 -1.07704346e-6 1.71666528e-10-1.01439391e-14    2
   1.79661339e4  -1.03306599e1   2.64727989e0  1.27505342e-2 -1.04794236e-5    3
  4.41432836e-9-7.57521466e-13   1.92990252e4   1.07332972e1                   4
hocn              bdea94h   1o   1c   1n   1g     300.0    5000.0  1368.0      1
   5.89784885e0  3.16789393e-3 -1.11801064e-6 1.77243144e-10-1.04339177e-14    2
  -3.70653331e3  -6.18167825e0   3.78604952e0  6.88667922e-3 -3.21487864e-6    3
 5.17195767e-10 1.19360788e-14    -2.826984e3   5.63292162e0                   4
hnco              bdea94h   1o   1c   1n   1g     300.0    5000.0  1478.0      1
   6.22395134e0  3.17864004e-3 -1.09378755e-6 1.70735163e-10-9.95021955e-15    2
  -1.66599344e4  -8.38224741e0   3.63096317e0  7.30282357e-3 -2.28050003e-6    3
-6.61271298e-10 3.62235752e-13  -1.55873636e4   6.19457727e0                   4
c2h               -81193h   1c   2          g     300.0    4000.0  1000.0      1
     3.986367e0    3.143123e-3   -1.267243e-6   2.924363e-10   -2.71632e-14    2
     6.655884e4     1.191063e0     2.737704e0    8.048446e-3    -9.24431e-6    3
    6.525259e-9   -1.93958e-12     6.683813e4      7.30022e0                   4
c3h2              102193h   2c   3          g     150.0    4000.0  1000.0      1
     7.670981e0    2.748749e-3   -4.370943e-7  -6.455599e-11   1.663887e-14    2
     6.259722e4     -1.23689e1     3.166714e0    2.482572e-2   -4.591637e-5    3
    4.268019e-8  -1.482152e-11     6.350421e4     8.869446e0                   4
c4h2                    h   2c   4    0    0g   200.00   6000.00  1000.00    0 1
 8.66700350e+00 6.71663710e-03-2.35449950e-06 3.73830790e-10-2.21189140e-14    2
 4.98569330e+04-2.11142050e+01-3.95185080e-01 5.19558130e-02-9.17866160e-05    3
 8.05239290e-08-2.69170880e-11 5.14517090e+04 2.09691010e+01                   4
c4h3                    h   3c   4    0    0g    298.15   6000.00 1000.00    0 1
 8.47620790e+00 8.87823270e-03-3.03284120e-06 4.73583020e-10-2.77166270e-14    2
 5.47565400e+04-1.71705510e+01 2.41732470e+00 2.41047820e-02-1.28134700e-05    3
-2.86062370e-09 3.91945270e-12 5.65064760e+04 1.44711070e+01                   4
c4h4  1-butene-3  t06/04c   4h   4    0    0g   200.000  6000.000 1000.        1 
 7.98456038e+00 1.20558816e-02-4.23587475e-06 6.73646140e-10-3.99059864e-14    2
 3.11993029e+04-1.67958975e+01 1.37368786e+00 2.88801256e-02-1.46863874e-05    3
-3.91045446e-09 4.78133572e-12 3.30633344e+04 1.75941274e+01                   4
ic4h5  2-buyn-1yl t10/06c   4h   5    0    0g   200.000  6000.000 1000.        1  
 7.62618778e+00 1.47321922e-02-5.22511622e-06 8.36085367e-10-4.97358383e-14    2
 3.33816425e+04-1.26664026e+01 4.41575788e+00 1.36823548e-02 1.76533170e-05    3
-3.06168262e-08 1.27850098e-11 3.47871254e+04 6.39669972e+00                   4
c5h5 cy           t12/89c   5h   5    0    0g   200.000  6000.000 1000.        1  
 0.10844072e+02 0.15392831e-01-0.55630422e-05 0.90189440e-09-0.54156619e-13    2
 0.26950886e+05-0.35254983e+02-0.95902849e+00 0.31396777e-01 0.26724050e-04    3
-0.68942183e-07 0.33301983e-10 0.30779441e+05 0.29072780e+02                   4
c6h5o  phenoxy    t05/02c  6.h  5.o  1.   0.g   200.000  6000.000 1000.        1
 1.37221720e+01 1.74688771e-02-6.35504520e-06 1.03492308e-09-6.23410504e-14    2
 2.87274751e+02-4.88181680e+01-4.66204455e-01 4.13443975e-02 1.32412991e-05    3
-5.72872769e-08 2.89763707e-11 4.77858391e+03 2.76990274e+01                   4
A1   benzene      g 6/01c   6h   6    0    0g   200.000  6000.000 1000.        1  
 1.10809576e+01 2.07176746e-02-7.52145991e-06 1.22320984e-09-7.36091279e-14    2
 4.30641035e+03-4.00413310e+01 5.04818632e-01 1.85020642e-02 7.38345881e-05    3
-1.18135741e-07 5.07210429e-11 8.55247913e+03 2.16412893e+01                   4
A1-   phenyl rad  t04/02c   6h   5    0    0g   200.000  6000.000 1000.        1
 1.08444762e+01 1.73212473e-02-6.29233249e-06 1.02369961e-09-6.16216828e-14    2
 3.55598475e+04-3.53735134e+01 2.10306633e-01 2.04745507e-02 5.89743006e-05    3
-1.01534255e-07 4.47105660e-11 3.95468722e+04 2.52910455e+01                   4
A2 naphthalene    t 7/98c  10h   8    0    0g   200.000  6000.000              1   
 1.86129884e+01 3.04494175e-02-1.11224825e-05 1.81615474e-09-1.09601281e-13    2
 8.91578988e+03-8.00230396e+01-1.04919475e+00 4.62970781e-02 7.07591636e-05    3
-1.38408111e-07 6.20475407e-11 1.59848987e+04 3.02121626e+01                   4
A2-   naphtyl rad t 7/98c  10h   7    0    0g   200.000  6000.000              1  
 1.83535073e+01 2.77474314e-02-1.00885968e-05 1.64229575e-09-9.89002001e-14    2
 3.89261241e+04-7.48978150e+01-1.89559772e+00 5.83077290e-02 2.79388931e-05    3
-9.14375172e-08 4.46422302e-11 4.55409775e+04 3.52453263e+01                   4
A1c2h-   c6h4cch  h6w/94c   8h   5    0    0g   300.000  3000.000              1   
 1.23595010e+01 2.54533570e-02-1.06065540e-05 1.89146030e-09-1.06306220e-13    2
 6.09304610e+04-4.09002080e+01-4.44958590e+00 7.69950670e-02-6.66170380e-05    3
 2.50386820e-08-1.97566010e-12 6.52259260e+04 4.44279480e+01                   4
A1c2h c6h5cch     t12/06c  8.h  6.   0.   0.g   200.000  6000.000 1000.        1
 1.63582907e+01 2.11974105e-02-7.65817215e-06 1.24134505e-09-7.45327960e-14    2
 3.10375340e+04-6.22520227e+01-2.74707918e+00 7.78284438e-02-6.69709932e-05    3
 2.37972496e-08-8.43279765e-13 3.61131008e+04 3.54221257e+01                   4
A1c2h3            t12/94c   8h   8    0    0g   298.150  5000.000              1   
 0.16139277e+02 0.24210847e-01-0.72678359e-05 0.11392276e-08-0.72984881e-13    2
 0.10249251e+05-0.61169437e+02-0.10717708e+02 0.12666725e+00-0.17762493e-03    3
 0.14344049e-06-0.47616577e-10 0.16597133e+05 0.71526331e+02                   4
A2r5  acenaphth   t12/00c  12h   8    0    0g   300.000  5000.000              1  
 1.93183637e+01 3.90205238e-02-1.63352587e-05 3.10041991e-09-2.19199281e-13    2
 2.15445149e+04-8.32372261e+01-2.81264181e+00 7.04681002e-02 3.15341955e-05    3
-1.05176189e-07 5.08713845e-11 2.88462829e+04 3.75755975e+01                   4
A3     phenanthre t 1/94c  14h  10    0    0g   200.000  6000.000              1  
 0.26602474e+02 0.39769744e-01-0.14572026e-04 0.23843296e-08-0.14409548e-12    2
 0.12132838e+05-0.12266672e+03-0.33646717e+01 0.85073271e-01 0.37531110e-04    3
-0.12664499e-06 0.61445705e-10 0.22019878e+05 0.40596218e+02                   4
A3-   4-phenantr  t11/07c  14h   9    0    0g   298.150  5000.000              1 
 2.68173412e+01 3.76935761e-02-1.45586251e-05 2.58486800e-09-1.73198001e-13    2
 4.14405846e+04-1.21547559e+02-1.08929968e+01 1.41537035e-01-1.14205532e-04    3
 3.57710437e-08 0.00000000e+00 5.21136455e+04 7.37137024e+01                   4
A4      pyrene    t10/96c  16h  10    0    0g   200.000  6000.000              1  
 0.29910014e+02 0.42668069e-01-0.15733834e-04 0.25851725e-08-0.15667980e-12    2
 0.12786491e+05-0.14186953e+03-0.40420321e+01 0.91549657e-01 0.51443344e-04    3
-0.15276576e-06 0.73087530e-10 0.24094241e+05 0.43665312e+02                   4
c(s)              P 4/83c   1    0    0    0c   200.000  5000.000  1000.00     1
 0.14556924E+01 0.17170638E-02-0.69758410E-06 0.13528316E-09-0.96764905E-14    2
-0.69512804E+03-0.85256842E+01-0.31087207E+00 0.44035369E-02 0.19039412E-05    3
-0.63854697E-08 0.29896425E-11-0.10865079E+03 0.11138295E+01                   4
c7h8              -thermh   8c   7          G     300.0    5000.0  1389.0      1
   1.63091542E1  2.25331612E-2 -7.84281827E-6   1.2320063E-9-7.20675043E-14    2
  -2.75804095E3  -6.66759774E1  -4.08982289E0  6.86477374E-2 -4.74716566E-5    3
  1.67001205E-8-2.39578007E-12   4.49937542E3   4.34582591E1                   4
c6h5ch2           t08-90h   7c   7          G     200.0    6000.0  1000.0      1
     1.404398E1   2.3493873E-2  -8.5375367E-6   1.3890841E-9  -8.361442E-14    2
    1.8564203E4   -5.1665589E1    4.811154E-1   3.8512832E-2   3.2861492E-5    3
  -7.6972721E-8  3.5423068E-11    2.3307027E4     2.354882E1                   4
oc6h4ch3                h   7o   1c   7     G     300.0    5000.0  1000.0      1
     6.326234E0    3.709207E-2   -1.373696E-5    2.328471E-9  -1.497018E-13    2
    -1.566359E3    -4.686211E0    -4.039644E0    7.399095E-2   -5.159453E-5    3
    1.203728E-8   1.432102E-12     2.257076E2     4.531693E1                   4
hoc6h4ch3               h   8o   1c   7     G     300.0    5000.0  1000.0      1
     3.936916E0    4.579922E-2   -1.891784E-5    3.462438E-9  -2.349817E-13    2
    -1.822499E4     7.471809E0    -3.838604E0    7.712997E-2   -5.335511E-5    3
    1.294898E-8   1.097663E-12    -1.727392E4     4.357574E1                   4
oc6h4o            -thermh   4o   2c   6     G     300.0    5000.0  1390.0      1
   1.89272866E1  1.34964071E-2   -4.819662E-6 7.70239742E-10-4.56003968E-14    2
  -2.39344268E4  -7.98144011E1  -3.40668328E0  6.96410107E-2 -5.94147062E-5    3
  2.51063875E-8-4.21953602E-12  -1.66350329E4   3.86278633E1                   4
hoc6h4ch2               h   7o   1c   7     G     300.0    5000.0  1000.0      1
       6.8997E0    3.766405E-2    -1.42499E-5    2.451396E-9  -1.592153E-13    2
    -1.043781E3    -7.966927E0    -4.153049E0    7.769988E-2   -5.830287E-5    3
    1.786779E-8  -5.362997E-13     8.966967E2     4.532889E1                   4
hoc6h4ch2oo       -----sh   7o   3c   7     G     300.0    5000.0  1000.0      1
     1.017175E1    3.946803E-2   -1.471264E-5       2.505E-9   -1.61537E-13    2
    -1.302109E4    -1.931762E1    -4.803417E0    9.423754E-2   -7.679177E-5    3
    2.641714E-8  -1.819431E-12     -1.03841E4     5.284096E1                   4
rodc6jdo          -hadadh   5o   2c   6     G     300.0    5000.0  1400.0      1
   1.78077666E1  1.57342093E-2 -5.31173367E-6 8.17819899E-10-4.71852395E-14    2
  -5.54991746E3  -6.95659926E1   3.3718347E-1  6.11551836E-2 -5.11124475E-5    3
  2.19526855E-8-3.78092218E-12   6.99211714E0    2.2544746E1                   4
oxccxccjxo        4thermh   3o   2c   4     G     300.0    5000.0  1394.0      1
   1.51222766E1  7.86855773E-3 -2.79188673E-6 4.44279496E-10-2.62250597E-14    2
  -1.75413346E4  -5.12157742E1  4.04651808E-1  4.93578716E-2 -4.86244463E-5    3
  2.35936197E-8-4.46549958E-12  -1.31321917E4   2.53224744E1                   4
cy13pd            -thermh   6c   5          G     300.0    5000.0  1400.0      1
   1.26467216E1  1.54049138E-2 -5.27976433E-6 8.21090156E-10-4.77026129E-14    2
   9.23782306E3  -4.78698742E1   -4.8859107E0  6.00252758E-2 -4.92777757E-5    3
  2.06970535E-8-3.49397891E-12   1.49171729E4   4.49199697E1                   4
c6h5oh            -thermh   6o   1c   6     G     300.0    5000.0  1397.0      1
   1.71524986E1   1.6043854E-2 -5.46325607E-6 8.46545276E-10-4.90760276E-14    2
  -1.94633414E4  -6.96841718E1  -4.48630945E0  7.22845991E-2 -6.19803619E-5    3
  2.67795393E-8-4.60013317E-12  -1.26013373E4   4.43727892E1                   4
styr              -thermh   8c   8          G     300.0    5000.0  1396.0      1
   1.92249323E1  2.22832599E-2  -7.6859529E-6  1.20019881E-9-6.99204017E-14    2
   8.14911011E3  -7.98072202E1  -4.56741365E0  8.21076898E-2 -6.62823107E-5    3
  2.76564392E-8-4.67898025E-12   1.59757463E4   4.64480792E1                   4
cypdone           --xianh   4o   1c   5     G     300.0    5000.0  1397.0      1
   1.43779472E1  1.19184228E-2 -4.19444268E-6 6.63874349E-10-3.90411169E-14    2
  -3.12321247E3  -5.61146171E1  -4.15438982E0  6.11975086E-2 -5.52982224E-5    3
  2.49740399E-8-4.46438553E-12   2.68411141E3   4.12432368E1                   4
hcocjxo           -thermh   1o   2c   2     G     300.0    5000.0  1413.0      1
   9.56248658E0  2.73668655E-3 -1.00178635E-6 1.62732634E-10-9.74372616E-15    2
  -3.22485394E3  -2.52197723E1  3.00486696E-1  2.77038168E-2   -2.666181E-5    3
  1.20343295E-8-2.08589886E-12  -4.23731341E2   2.32044967E1                   4
cpdjone                 h   3o   1c   5     G     300.0    5000.0  1394.0      1
   1.37920307E1  9.94676171E-3 -3.53224669E-6 5.62416803E-10-3.32119217E-14    2
   2.82749422E4  -5.06039865E1  -2.97900157E0  5.40428052E-2 -4.87013197E-5    3
  2.18001279E-8 -3.8611397E-12   3.35757242E4   3.76713392E1                   4
cxccxcxo          -thermh   4o   1c   4     G     300.0    5000.0  1401.0      1
    1.3291889E1  9.42783712E-3 -3.23329764E-6 5.02853718E-10-2.92089737E-14    2
  -4.65486164E3  -4.48053204E1  -1.7432901E-1  4.99882693E-2 -5.08353583E-5    3
  2.57383902E-8-5.04416081E-12  -8.53247629E2   2.43466973E1                   4
cjxccxcxo               h   3o   1c   4     G     300.0    5000.0  1401.0      1
   1.37273605E1  6.55159611E-3 -2.25016948E-6 3.50319189E-10-2.03642753E-14    2
     2.534222E4  -4.50044906E1    1.4689156E0  4.57117267E-2 -5.03333351E-5    3
  2.66604935E-8 -5.3615438E-12   2.85841219E4   1.71604226E1                   4
oxccxccxo         -thermh   4o   2c   4     G     300.0    5000.0  1385.0      1
   1.46191433E1  1.09193238E-2 -3.86206176E-6 6.13272282E-10-3.61465924E-14    2
   -2.9081669E4  -5.08276975E1   1.17740159E0  4.23067551E-2 -3.18408983E-5    3
  1.19690116E-8-1.81063004E-12  -2.44288948E4   2.13417216E1                   4
oxccxccjcxo       ----94h   5o   2c   5     G     300.0    5000.0  1387.0      1
   1.79529662E1  1.28543987E-2 -4.55161528E-6 7.23280909E-10-4.26505626E-14    2
  -1.67778521E4  -6.37516991E1  7.35946673E-1  5.61552852E-2 -4.72529312E-5    3
  2.02637362E-8 -3.5102154E-12  -1.10881475E4   2.76556378E1                   4
c4h4              -thermh   4c   4          G     300.0    5000.0  1394.0      1
   1.13259548E1  8.69029526E-3 -3.01310685E-6 4.72292345E-10-2.75912745E-14    2
    2.9238496E4  -3.62133803E1  6.44973158E-2   3.7433471E-2 -3.15026118E-5    3
  1.34374217E-8-2.29593307E-12   3.28828571E4   2.33661962E1                   4
nc4h5             -thermh   5c   4          G     300.0    5000.0  1404.0      1
   1.15652616E1  1.06404457E-2  -3.5972711E-6 5.54155444E-10-3.19775833E-14    2
    3.7117254E4   -3.6856171E1 -4.44602469E-1  4.37466778E-2 -3.92100238E-5    3
   1.8055318E-8-3.30215917E-12   4.07702054E4   2.58307446E1                   4
c6h5ch2oo         -thermh   7o   2c   7     G     300.0    5000.0  1389.0      1
    2.1894626E1  2.02701494E-2 -7.14525361E-6   1.1320857E-9-6.66220534E-14    2
   3.93272947E3  -8.95685129E1  -3.77863659E0  8.29484718E-2 -6.64288143E-5    3
  2.69504875E-8-4.41844689E-12   1.25603231E4   4.73269747E1                   4
c6h5ch2ooh        -thermh   8o   2c   7     G     300.0    5000.0  1390.0      1
   2.21951256E1  2.19901041E-2 -7.70452728E-6  1.21574282E-9 -7.1342727E-14    2
  -1.43966742E4  -9.07483698E1  -3.39515159E0  8.45306884E-2 -6.70634097E-5    3
   2.7211325E-8-4.48289693E-12  -5.78730853E3   4.57078979E1                   4
c6h5ch2o          -thermh   7o   1c   7     G     300.0    5000.0  1392.0      1
   1.78843033E1  2.09011735E-2 -7.21832713E-6  1.12839851E-9 -6.5795526E-14    2
   4.93182818E3  -7.01304667E1   -4.7773669E0  7.51049308E-2 -5.68532831E-5    3
  2.18290029E-8-3.38134298E-12   1.26234438E4   5.10429366E1                   4
c6h5ch2oh         -thermh   8o   1c   7     G     300.0    5000.0  1393.0      1
   1.83336336E1  2.24113846E-2  -7.6881771E-6  1.19642445E-9-6.95416019E-14    2
  -2.13970553E4  -7.22444987E1  -4.04500885E0  7.57965615E-2 -5.64777639E-5    3
  2.15225418E-8-3.32436586E-12  -1.37783634E4   4.74803479E1                   4
c6h5cho           -thermh   6o   1c   7     G     300.0    5000.0  1382.0      1
   1.75038056E1   1.8791137E-2 -6.51897523E-6  1.02244104E-9-5.97629759E-14    2
  -1.31835944E4  -6.88975598E1  -2.70517666E0  6.46821582E-2 -4.57286415E-5    3
  1.60322213E-8-2.23734122E-12   -6.0734475E3    4.0041409E1                   4
hoc6h4cho               h   6o   2c   7     G     300.0    5000.0  1000.0      1
     2.623348E1    1.246706E-2   -3.890982E-6   5.839864E-10  -3.449061E-14    2
    -3.768347E4    -1.140012E2    -2.390671E0    7.420544E-2   -4.474246E-5    3
    6.982873E-9   1.294442E-12    -2.817685E4     3.994958E1                   4
c6h4oh                  h   5o   1c   6     G     300.0    5000.0  1000.0      1
     1.376782E1    1.638879E-2    -4.90987E-6    7.15302E-10  -4.136975E-14    2
      1.19603E4    -4.687208E1    -1.956336E0    5.684897E-2   -3.560094E-5    3
    4.000541E-9   2.619058E-12     1.633133E4     3.487173E1                   4
c6h5o2            -hadadh   5o   2c   6     G     300.0    5000.0  1403.0      1
   1.82202607E1    1.591522E-2 -5.48905745E-6 8.57266857E-10-4.99524398E-14    2
   9.64321495E3  -7.27017378E1  -4.10418376E0  7.56653434E-2 -6.75616707E-5    3
  3.03037283E-8-5.37747223E-12   1.65682233E4     4.438546E1                   4
A1                -thermh   6c   6          G     300.0    5000.0  1390.0      1
   1.38672847E1  1.74152368E-2 -6.08383755E-6 9.58140923E-10-5.61503296E-14    2
   2.59989001E3  -5.68524653E1  -5.18689051E0  6.30511006E-2 -4.82874623E-5    3
   1.8901549E-8-3.01017276E-12   9.09950343E3   4.50744831E1                   4
cy13pd5j          -thermh   5c   5          G     300.0    5000.0  1403.0      1
    1.3556972E1  1.22914133E-2 -4.25209533E-6  6.6553638E-10-3.88428452E-14    2
    2.2173466E4  -5.31109915E1  -5.44117341E0  6.32470657E-2 -5.71657025E-5    3
  2.57052547E-8-4.55247216E-12   2.80395761E4   4.64652136E1                   4
c6h5o             -hadadh   5o   1c   6     G     300.0    5000.0  1401.0      1
   1.59513173E1  1.52837431E-2 -5.26838909E-6 8.22485253E-10-4.79122756E-14    2
  -1.56782534E3  -6.22003421E1  -4.56101748E0  6.98936182E-2 -6.18066353E-5    3
  2.76045454E-8-4.89409696E-12   4.83671356E3   4.55069524E1                   4
cxccxccj          -thermh   7c   5          G     300.0    5000.0  1384.0      1
   1.46398802E1  1.60860417E-2 -5.66411056E-6  8.9664046E-10-5.27310389E-14    2
   1.74224568E4  -5.37942559E1  -1.95534763E0  5.58644649E-2 -4.32573342E-5    3
  1.75877736E-8-2.96850177E-12    2.3164459E4   3.51104649E1                   4
ch3cy24pd         -thermh   8c   6          G     300.0    5000.0  1399.0      1
   1.58460057E1  2.00902785E-2 -6.93497016E-6   1.0833984E-9-6.31318908E-14    2
   3.42821098E3  -6.44405101E1  -6.05214392E0  7.63737263E-2  -6.3461969E-5    3
  2.72515023E-8-4.72538827E-12   1.05143031E4   5.13368383E1                   4
cyc5h7u1          -thermh   7c   5          G     300.0    5000.0  1405.0      1
   1.33514589E1  1.73652174E-2 -5.95660177E-6 9.26668595E-10-5.38430106E-14    2
   1.31128783E4  -4.88977074E1  -6.16539988E0   6.7914932E-2 -5.67945533E-5    3
  2.43460812E-8-4.18641918E-12   1.93507391E4   5.40864245E1                   4
cjxccxo           -thermh   3o   1c   3     G     300.0    5000.0  1402.0      1
   1.07482537E1  6.19822688E-3 -2.06130981E-6 3.14418872E-10-1.80309517E-14    2
   1.51410162E4  -3.01266033E1   1.46654466E0  3.23390476E-2 -3.05588208E-5    3
  1.44081861E-8-2.65600505E-12   1.78850058E4   1.80850321E1                   4
hcohco            -thermh   2o   2c   2     G     300.0    5000.0  1386.0      1
   9.75438561E0  4.97645947E-3 -1.74410483E-6 2.75586994E-10-1.61969892E-14    2
  -2.95832896E4  -2.61878329E1    1.8810512E0  2.36386368E-2 -1.83443295E-5    3
  6.84842963E-9-9.92733674E-13   -2.6928019E4   1.59154793E1                   4
oxccxccxcj        -thermh   5o   1c   5     G     300.0    5000.0  1399.0      1
   1.63539852E1  1.15730003E-2 -3.99065616E-6 6.22954543E-10-3.62805238E-14    2
   1.94320029E4  -5.92079822E1 -8.98792284E-2  6.02166232E-2 -6.03090093E-5    3
  3.02148406E-8-5.88608835E-12     2.416747E4   2.55574705E1                   4
cxocccjcxo        -thermh   7o   2c   5     G     300.0    5000.0  1359.0      1
   1.67495698E1  1.76002589E-2 -5.98916805E-6 9.27650094E-10-5.37629506E-14    2
  -2.14460869E4  -5.28247697E1   5.70045881E0  3.60712265E-2 -1.38686845E-5    3
 -7.6207205E-11  8.3137509E-13  -1.68594701E4   9.14837948E0                   4
cxocccjxo         -thermh   5o   2c   4     G     300.0    5000.0  1369.0      1
   1.39398821E1    1.307685E-2 -4.49050064E-6 6.99619378E-10-4.07081554E-14    2
   -2.2157265E4  -4.08348854E1   5.26873651E0   2.9623202E-2 -1.54390995E-5    3
  3.50877521E-9-2.31149542E-13  -1.87116524E4   7.15918873E0                   4
c14h14                  h  14c  14          G     300.0    3000.0  1000.0      1
    1.8372486E1   6.0647063E-2  -2.1550639E-5   2.5428433E-9          0.0E0    2
    5.1851608E3   -6.5925118E1    -8.147817E0    1.306206E-1  -8.1936756E-5    3
   1.9475726E-8          0.0E0     1.261418E4     7.184587E1                   4
c14h13                  h  13c  14          G     300.0    5000.0  1000.0      1
      2.99291E1    3.830422E-2   -1.186633E-5    1.773059E-9  -1.044767E-13    2
     1.970996E4    -1.317133E2    -7.662155E0    1.335052E-1   -9.731032E-5    3
    3.428299E-8  -4.789371E-12     3.099157E4     6.581348E1                   4
stylben                 h  12c  14          G     300.0    3000.0  1000.0      1
     2.684975E1    4.284293E-2    -1.50785E-5    2.466436E-9  -1.547179E-13    2
     1.642177E4    -1.174183E2    -7.927012E0    1.320753E-1   -8.811733E-5    3
    1.909523E-8   1.768796E-12     2.638672E4     6.407433E1                   4
A1-               t04-02h   5c   6          G     200.0    6000.0  1000.0      1
   1.08444762E1  1.73212473E-2 -6.29233249E-6  1.02369961E-9-6.16216828E-14    2
   3.55598475E4  -3.53735134E1  2.10306633E-1  2.04745507E-2  5.89743006E-5    3
 -1.01534255E-7  4.4710566E-11   3.95468722E4   2.52910455E1                   4
c6h4ch3                 h   7c   7          G     300.0    5000.0  1000.0      1
     1.359155E1    2.241867E-2    -7.13697E-6    1.087346E-9  -6.493691E-14    2
     2.881948E4    -4.807829E1    -3.539838E0    6.111944E-2   -3.160552E-5    3
    1.042807E-9   2.865569E-12      3.41817E4      4.30769E1                   4
c6h5co            -thermh   5o   1c   7     G     300.0    5000.0  1382.0      1
   1.77196103E1  1.59990428E-2  -5.5453215E-6 8.69582681E-10 -5.0833522E-14    2
   4.57408086E3  -6.82553109E1   -1.9300155E0   6.1879997E-2 -4.60916515E-5    3
  1.70133701E-8-2.49869948E-12    1.1335217E4   3.71779131E1                   4
yoc6jdo           -hadadh   5o   2c   6     G     300.0    5000.0  1402.0      1
   1.81847303E1  1.59592345E-2 -5.50687389E-6 8.60288089E-10-5.01370012E-14    2
  -1.42411225E4  -7.17061777E1  -2.92236719E0  7.15580542E-2 -6.23775751E-5    3
  2.74733056E-8-4.81161079E-12  -7.59776622E3   3.93242583E1                   4
c6h5c2h5                h  10c   8          G     300.0    3000.0  1000.0      1
     3.878978E0    5.810059E-2    -3.19638E-5    8.448993E-9  -8.694825E-13    2
    -5.024922E2     3.823936E0    -7.266845E0    1.003089E-1   -9.651715E-5    3
    5.565908E-8   -1.45337E-11      1.98729E3      5.85643E1                   4
c12h10                  h  10c  12          G     300.0    5000.0  1000.0      1
    2.4289017E1   3.4006648E-2  -1.1722408E-5   1.7729298E-9 -9.6812532E-14    2
       1.0287E4   -1.0802374E2   -4.0739527E0    8.697331E-2  -4.2353613E-6    3
   -6.456446E-8  3.4150169E-11    1.9405965E4    4.4741348E1                   4
phcchph                 h  11c  14          G     300.0    5000.0  1000.0      1
     2.717595E1     3.79553E-2   -1.226511E-5    1.888816E-9  -1.136493E-13    2
     4.010346E4    -1.182167E2    -7.376882E0    1.267019E-1    -8.77666E-5    3
     2.36557E-8  -5.884187E-13     5.010338E4       6.2333E1                   4
o2c6h4ch3               h   7o   2c   7     G     300.0    5000.0  1000.0      1
     7.856049E0    3.925593E-2   -1.475954E-5    2.529374E-9  -1.639172E-13    2
     -1.19508E4    -1.028405E1    -6.067392E0    8.928076E-2   -7.081122E-5    3
    2.379176E-8  -1.507677E-12    -9.402725E3     5.714516E1                   4
rodc6j(c)do             h   7o   2c   7     G     300.0    5000.0  1000.0      1
     7.856049E0    3.925593E-2   -1.475954E-5    2.529374E-9  -1.639172E-13    2
     -1.19508E4    -1.028405E1    -6.067392E0    8.928076E-2   -7.081122E-5    3
    2.379176E-8  -1.507677E-12    -9.402725E3     5.714516E1                   4
occxccxcjc              h   7o   1c   6     G     300.0    5000.0  1000.0      1
     5.049701E0    3.879186E-2   -1.532066E-5    2.717126E-9  -1.803373E-13    2
     1.975984E4     7.772278E0    2.960315E-1    5.582377E-2   -3.633194E-5    3
    1.322637E-8  -1.978583E-12     2.073365E4     3.102968E1                   4
c6h4                    h   4c   6          G     300.0    5000.0  1000.0      1
     1.361435E1    1.502698E-2   -6.025615E-6    1.079862E-9  -7.218883E-14    2
     3.731447E4    -4.930648E1    -3.252509E0    6.303757E-2   -4.888289E-5    3
    1.144796E-8   1.252053E-12     4.160491E4     3.683657E1                   4
cjcxcc#c          -thgenh   5c   5          G     300.0    5000.0  1000.0      1
     1.359879E1    1.052047E-2   -2.792745E-6   3.730806E-10  -2.034639E-14    2
     4.080266E4    -4.500557E1    2.016659E-1    4.721465E-2   -4.011665E-5    3
    1.758655E-8   -3.20822E-12     4.462821E4     2.456541E1                   4
oc6h4ch2          012508h   6o   1c   7     G     300.0    5000.0  1000.0      1
   1.24204756E1   2.7017183E-2 -1.09476851E-5  2.02705529E-9-1.40757462E-13    2
   4.49159466E2   -4.1023626E1 -6.21979546E-1  5.14918065E-2 -6.11682462E-6    3
 -2.88887155E-8 1.45119845E-11   4.44241036E3   2.88224802E1                   4
phena             t-1-94h  10c  14          G     200.0    6000.0  1000.0      1
    2.5517187E1   3.9372794E-2  -1.2315508E-5    1.278528E-9          0.0E0    2
    1.3122404E4   -1.1561842E2    -9.094741E0    1.313338E-1  -9.2401729E-5    3
   2.4015671E-8          0.0E0     2.276495E4     6.397536E1                   4
c6h4o2            t10/97c  6.h  4.o  2.n  0.g   200.000  6000.000  1000.00     1   
 1.43886174e+01 1.81624210e-02-6.69934678e-06 1.10097880e-09-6.67372266e-14    2
-2.12444054e+04-5.02572901e+01 3.79867882e+00 2.51676569e-02 3.79846917e-05    3
-7.06777516e-08 3.06126573e-11-1.72429606e+04 9.80455363e+00                   4      
c2h3co            -thermh   3o   1c   3     G     300.0    5000.0  1402.0      1
   9.37467676E0    7.912969E-3  -2.6719828E-6  4.1111543E-10-2.36978981E-14    2
   1.92969514E3  -2.40892696E1   1.36242013E0  3.15273972E-2 -3.00218935E-5    3
  1.48167112E-8 -2.8797153E-12   4.25770215E3   1.72626546E1                   4
END
