TRANSPORT
!VERSION: AramcoMech 1.3[dat]
!AUTHORS: W. K. Metcalfe, S. Burke, H. J. Curran[dat]
!WEBSITE: http://c3.nuigalway.ie/[dat]
H 0 145.0 2.05 0.0 0.0 0.0
H2 1 38.0 2.92 0.0 0.79 280.0
O 0 80.0 2.75 0.0 0.0 0.0
O2 1 107.4 3.458 0.0 1.6 3.8
OH 1 80.0 2.75 0.0 0.0 0.0
OH* 1 80.0 2.75 0.0 0.0 0.0
H2O 2 572.4 2.605 1.844 0.0 4.0
N2 1 97.53 3.621 0.0 1.76 4.0
HO2 2 107.4 3.458 0.0 0.0 1.0
H2O2 2 107.4 3.458 0.0 0.0 3.8
AR 0 136.5 3.33 0.0 0.0 0.0
CO 1 98.1 3.65 0.0 1.95 1.8
CO2 1 244.0 3.763 0.0 2.65 2.1
HCO 2 498.0 3.59 0.0 0.0 0.0
HE 0 10.2 2.576 0.0 0.0 0.0
NO 1 97.53 3.621 0.0 1.76 4.0
NO2 2 200.0 3.5 0.0 0.0 1.0
! CJP[dat]
NO3 2 400.0 4.2 0.2 0.0 1.0
N2O 1 232.4 3.828 0.0 0.0 1.0
HNO 2 116.7 3.492 0.0 0.0 1.0
HON 2 116.7 3.492 0.0 0.0 1.0
! CJP[dat]
HONO 2 350.0 3.95 1.639 0.0 1.0
HNO2 2 350.0 3.95 1.639 0.0 1.0
H2NO 2 116.7 3.492 0.0 0.0 1.0
HNOH 2 116.7 3.492 0.0 0.0 1.0
! = NO3[dat]
HONO2 2 400.0 4.2 0.2 0.0 1.0
NH3 2 481.0 2.92 1.47 0.0 10.0
NH2 2 80.0 2.65 0.0 2.26 4.0
NH 1 80.0 2.65 0.0 0.0 4.0
N 0 71.4 3.298 0.0 0.0 0.0
N2H4 2 205.0 4.23 0.0 4.26 1.5
N2H3 2 200.0 3.9 0.0 0.0 1.0
N2H2 2 71.4 3.798 0.0 0.0 1.0
H2NN 2 71.4 3.798 0.0 0.0 1.0
NNH 2 71.4 3.798 0.0 0.0 1.0
! = NHOH[dat]
NH2OH 2 116.7 3.492 0.0 0.0 1.0
HOCO 2 498.0 3.59 0.0 0.0 2.0
! ------ sub-mechansism DMM:  --------------------------------------------------[dat]
CH3OCH2OCH3 2 370.815 5.5 0.0 0.0 0.0
CH3OCH2OCH2 2 367.798 5.51 0.0 0.0 0.0
CH3OCHOCH3 2 367.798 5.51 0.0 0.0 0.0
COCOCO2J 2 455.364 6.42 0.0 0.0 0.0
COCO2JOC 2 457.757 6.45 0.0 0.0 0.0
COCOCO2H 2 457.984 6.4 0.0 0.0 0.0
COCO2HOC 2 460.657 6.39 0.0 0.0 0.0
CJOCOCO2H 2 455.384 6.42 0.0 0.0 0.0
COCJOCO2H 2 455.364 6.42 0.0 0.0 0.0
COCO2HOCJ 2 457.757 6.45 0.0 0.0 0.0
CO2JOCOCO2H 2 540.444 7.31 0.0 0.0 0.0
COCO2JOCO2H 2 542.198 7.34 0.0 0.0 0.0
COCO2HOCO2J 2 542.198 7.34 0.0 0.0 0.0
HO2COCJOCO2H 2 540.444 7.31 0.0 0.0 0.0
CJOCO2HOCO2H 2 542.198 7.34 0.0 0.0 0.0
C3H6O3_13 2 423.02 5.95 0.0 0.0 0.0
C3H6O3_15 2 450.64 6.34 0.0 0.0 0.0
C3H6O3_13_OOH 2 553.287 7.36 0.0 0.0 0.0
C3H6O3_15_OOH 2 525.572 7.11 0.0 0.0 0.0
CO2HOCOC*O 2 549.689 7.15 0.0 0.0 0.0
OJCOCOC*O 2 480.488 6.44 0.0 0.0 0.0
COCO2HOC*O 2 502.763 6.6 0.0 0.0 0.0
COCOJOC*O 2 482.957 6.47 0.0 0.0 0.0
COC*OOCO2H 2 474.103 6.34 0.0 0.0 0.0
COC*OOCOJ 2 454.172 6.16 0.0 0.0 0.0
COCOCOJ 2 437.891 6.22 0.0 0.0 0.0
COCOJOC 2 440.361 6.25 0.0 0.0 0.0
COC*OOC 2 385.609 5.46 0.0 0.0 0.0
COC*OOCJ 2 543.4 5.095 1.7 0.0 1.0
COC*OOJ 2 543.4 5.095 1.7 0.0 1.0
OCHOCHO 2 355.751 5.08 0.0 0.0 0.0
COCOC*O 2 416.318 5.74 0.0 0.0 0.0
CJOCOC*O 2 413.259 5.75 0.0 0.0 0.0
COCJOC*O 2 413.263 5.75 0.0 0.0 0.0
COCOCJ*O 2 413.263 5.75 0.0 0.0 0.0
CH4 2 141.4 3.746 0.0 2.6 13.0
CH3 1 144.0 3.8 0.0 0.0 0.0
CH2 1 144.0 3.8 0.0 0.0 0.0
CH2(S) 1 144.0 3.8 0.0 0.0 0.0
C 0 71.4 3.298 0.0 0.0 0.0
CH 1 80.0 2.75 0.0 0.0 0.0
CHV 1 80.0 2.75 0.0 0.0 0.0
CH3O2H 2 481.8 3.626 0.0 0.0 1.0
CH3O2 2 481.8 3.626 0.0 0.0 1.0
CH2O2H 2 238.4 3.496 0.0 0.0 1.5
CH3OH 2 481.8 3.626 0.0 0.0 1.0
CH3O 2 417.0 3.69 1.7 0.0 2.0
CH2OH 2 417.0 3.69 1.7 0.0 2.0
CH2O 2 498.0 3.59 0.0 0.0 2.0
HCOH 2 498.0 3.59 0.0 0.0 1.0
HO2CHO 2 436.0 3.97 0.0 0.0 2.0
HOCH2O2H 2 481.8 3.626 1.7 0.0 1.0
HOCH2O2 2 481.8 3.626 1.7 0.0 1.0
OCH2O2H 2 481.8 3.626 1.7 0.0 1.0
HOCH2O 2 470.6 4.41 0.0 0.0 1.5
O2CHO 2 436.0 3.97 0.0 0.0 2.0
HOCHO 2 436.0 3.97 0.0 0.0 2.0
OCHO 2 498.0 3.59 0.0 0.0 2.0
C2H6 2 247.5 4.35 0.0 0.0 1.5
C2H5 2 247.5 4.35 0.0 0.0 1.5
C2H5O2H 2 470.6 4.41 0.0 0.0 1.5
C2H5O2 2 470.6 4.41 0.0 0.0 1.5
C2H4 2 238.4 3.496 0.0 0.0 1.5
C2H3 2 265.3 3.721 0.0 0.0 1.0
CHOCHO 1 440.2 4.01 0.0 0.0 2.0
C2H3OOH 2 436.0 3.97 0.0 0.0 2.0
!CH3CO2[dat]
C2H3OO 2 436.0 3.97 0.0 0.0 2.0
!HCCOH[dat]
CHCHO 2 436.0 3.97 0.0 0.0 2.0
C2H2 1 265.3 3.721 0.0 0.0 2.5
C2H 1 265.3 3.721 0.0 0.0 2.5
H2CC 2 209.0 4.1 0.0 0.0 2.5
C2H5OH 2 470.6 4.41 0.0 0.0 1.5
C2H5O 2 470.6 4.41 0.0 0.0 1.5
PC2H4OH 2 470.6 4.41 0.0 0.0 1.5
SC2H4OH 2 470.6 4.41 0.0 0.0 1.5
O2C2H4OH 2 523.2 5.664 1.7 0.0 1.0
C2H4O2H 2 470.6 4.41 0.0 0.0 1.5
C2H4O1-2 2 436.0 3.97 0.0 0.0 2.0
C2H3O1-2 2 436.0 3.97 0.0 0.0 2.0
CH3CHO 2 436.0 3.97 0.0 0.0 2.0
CH3CO 2 436.0 3.97 0.0 0.0 2.0
CH2CHO 2 436.0 3.97 0.0 0.0 2.0
O2CH2CHO 2 275.049 5.428 0.0 0.0 1.0
HO2CH2CO 2 279.007 5.505 1.3 0.0 1.0
C2H3OH 2 470.6 4.41 0.0 0.0 1.5
C2H2OH 2 224.7 4.162 0.0 0.0 1.0
CH2CO 2 436.0 3.97 0.0 0.0 2.0
HCCO 2 150.0 2.5 0.0 0.0 1.0
HCCOH 2 436.0 3.97 0.0 0.0 2.0
CH3CO3H 2 436.0 3.97 0.0 0.0 2.0
CH3CO3 2 436.0 3.97 0.0 0.0 2.0
CH3CO2 2 436.0 3.97 0.0 0.0 2.0
CH3OCH3 2 395.0 4.037 1.3 0.0 1.0
CH3OCH2 2 395.0 4.037 1.3 0.0 1.0
CH3OCH2O2H 2 395.0 4.037 1.3 0.0 1.0
CH3OCH2O2 2 395.0 4.037 1.3 0.0 1.0
CH2OCH2O2H 2 395.0 4.037 1.3 0.0 1.0
O2CH2OCH2O2H 2 395.0 4.037 1.3 0.0 1.0
HO2CH2OCHO 2 395.0 4.037 1.3 0.0 1.0
OCH2OCHO 2 395.0 4.037 1.3 0.0 1.0
HOCH2OCO 2 395.0 4.037 1.3 0.0 1.0
CH3OCH2O 2 395.0 4.037 1.3 0.0 1.0
CH3OCHO 2 395.0 4.037 1.3 0.0 1.0
CH3OCO 2 395.0 4.037 1.3 0.0 1.0
CH2OCHO 2 395.0 4.037 1.3 0.0 1.0
COC*OOCJ 2 543.4 5.095 1.7 0.0 1.0
!-----------------DMM2 [ OME-2 ] species------------------------------![dat]
DMM2 2 555.803 5.752 0.0 0.0 0.0
DMM2A 2 552.735 5.734 0.0 0.0 0.0
DMM2B 2 552.735 5.734 0.0 0.0 0.0
!COCOC*O           2   600.078     6.009     0.000     0.000     0.00 ![dat]
!COCOCOj           2   600.078     6.009     0.000     0.000     0.00 ! COCOCOj = COCOCOJ[dat]
!CjOCOC*O          2   600.078     6.009     0.000     0.000     0.00 ![dat]
!COCjOC*O          2   600.078     6.009     0.000     0.000     0.00 ![dat]
!COCOCj*O          2   600.078     6.009     0.000     0.000     0.00 ![dat]
DMM2AO2 2 644.856 6.26 0.0 0.0 0.0
DMM2BO2 2 644.856 6.26 0.0 0.0 0.0
DMM2_OOH1_3 2 644.856 6.26 0.0 0.0 0.0
DMM2_OOH1_5 2 644.856 6.26 0.0 0.0 0.0
DMM2_OOH3_1 2 644.856 6.26 0.0 0.0 0.0
DMM2_OOH3_5 2 644.856 6.26 0.0 0.0 0.0
DMM2_OOH3_7 2 644.856 6.26 0.0 0.0 0.0
C4H8O4_13 2 728.283 6.708 0.0 0.0 0.0
C4H8O4_15 2 728.283 6.708 0.0 0.0 0.0
C4H8O4_35 2 728.283 6.708 0.0 0.0 0.0
DMM2_OOH1_OO3 2 728.283 6.708 0.0 0.0 0.0
DMM2_OOH1_OO5 2 728.283 6.708 0.0 0.0 0.0
DMM2_OOH3_OO1 2 728.283 6.708 0.0 0.0 0.0
DMM2_OOH3_OO5 2 728.283 6.708 0.0 0.0 0.0
DMM2_OOH3_OO7 2 728.283 6.708 0.0 0.0 0.0
DMM2_KET13 2 684.858 6.478 0.0 0.0 0.0
DMM2_KET15 2 684.858 6.478 0.0 0.0 0.0
DMM2_KET31 2 684.858 6.478 0.0 0.0 0.0
DMM2_KET35 2 684.858 6.478 0.0 0.0 0.0
DMM2_KET37 2 684.858 6.478 0.0 0.0 0.0
DMM2BO 2 552.607 5.733 0.0 0.0 0.0
DMM2AOOH 2 644.856 6.26 0.0 0.0 0.0
DMM2BOOH 2 644.856 6.26 0.0 0.0 0.0
COCOCOCOj 2 723.34 6.682 0.0 0.0 0.0
! Zhao 2008[dat]
CHOOCOCHO 2 481.8 3.626 0.0 0.0 1.0
! Zhao 2008[dat]
CHOOCHO 2 481.8 3.626 0.0 0.0 1.0
! Zhao 2008[dat]
CHOOCO 2 481.8 3.626 0.0 0.0 1.0
CH3OCH2OCOO 2 552.607 5.733 0.0 0.0 0.0
CH3OCOOCHO 2 552.607 5.733 0.0 0.0 0.0
CH3OCOOCO 2 552.607 5.733 0.0 0.0 0.0
CHOOCOCO 2 552.607 5.733 0.0 0.0 0.0
CH3OCH2OH 2 415.2 4.6 0.0 0.0 1.0
CH2OCH2OH 2 329.4 4.624 0.0 0.0 1.0
CH3OCO2 2 543.4 5.095 1.7 0.0 1.0
CH3OCO2H 2 543.4 5.095 1.7 0.0 1.0
CH2OCO2H 2 543.4 5.095 1.7 0.0 1.0
CH3OCO2CH2O 2 454.172 6.16 0.0 0.0 0.0
CN 1 75.0 3.856 0.0 0.0 1.0
! Lamoureux et al. 2016[dat]
HCN 1 569.0 3.63 0.0 0.0 1.0
! Lamoureux et al. 2016[dat]
HCNO 2 232.4 3.828 0.0 0.0 1.0
! Lamoureux et al. 2016[dat]
NCN 1 232.4 3.828 0.0 0.0 1.0
! Lamoureux et al. 2016[dat]
HNC 1 569.0 3.63 0.0 0.0 1.0
! Lamoureux et al. 2016[dat]
HNCN 1 232.4 3.828 0.0 0.0 1.0
! Lamoureux et al. 2016[dat]
H2CN 1 569.0 3.63 0.0 0.0 1.0
! Lamoureux et al. 2016[dat]
C2N2 1 349.0 4.361 0.0 0.0 1.0
! Lamoureux et al. 2016[dat]
HOCN 2 232.4 3.828 0.0 0.0 1.0
! Lamoureux et al. 2016[dat]
HNCO 2 232.4 3.828 0.0 0.0 1.0
! Lamoureux et al. 2016[dat]
NCO 1 232.4 3.828 0.0 0.0 1.0
! =HCNO[dat]
CH3NO 2 232.4 3.828 0.0 0.0 1.0
CH2NO2 2 232.4 3.828 0.0 0.0 1.0
CH3NO2 2 232.4 3.828 0.0 0.0 1.0
CH3ONO 2 232.4 3.828 0.0 0.0 1.0
CH3OCH2NH2 2 403.13	5.78 0.0 0.0 0.0
CH2OCH2NH2 2 403.13	5.78 0.0 0.0 0.0             
CH3OCHNH2 2 403.13	5.78 0.0 0.0 0.0                
CH3OCH2NH 2	403.13	5.78 0.0 0.0 0.0
CH2NO 2 150.0 2.5 0.0 0.0 1.0
!refered to NCNO  ! Brequigny et al. 2015; PROCI 35 (2015) 703   710[dat]
CH3NH2 2 232.4 3.828 0.0 0.0 1.0
!refered to NCNO  ! Brequigny et al. 2015; PROCI 35 (2015) 703   710[dat]
CH3NH 2 232.4 3.828 0.0 0.0 1.0
!refered to NCNO  ! Brequigny et al. 2015; PROCI 35 (2015) 703   710[dat]
CH2NH2 2 232.4 3.828 0.0 0.0 1.0
!refered to NCNO  ! Brequigny et al. 2015; PROCI 35 (2015) 703   710[dat]
CH2NH 2 232.4 3.828 0.0 0.0 1.0
!=HCNO            ! Brequigny et al. 2015; PROCI 35 (2015) 703   710[dat]
HCNH 2 232.4 3.828 0.0 0.0 1.0
CH3CH2NH2                 2  436.000  3.970    0.000    0.000    2.000    !\AUTHOR: WARNING !\REF: WARNING !\COMMENT: = CH3CHO
CH2CH2NH2                 2  436.000  3.970    0.000    0.000    2.000    !\AUTHOR: WARNING !\REF: WARNING !\COMMENT: = CH3CHO
CH3CHNH2                  2  436.000  3.970    0.000    0.000    2.000    !\AUTHOR: WARNING !\REF: WARNING !\COMMENT: = CH3CHO
CH3CH2NH                  2  436.000  3.970    0.000    0.000    2.000    !\AUTHOR: WARNING !\REF: WARNING !\COMMENT: = CH3CHO
CH2CHNH2                  2  303.400  4.810    0.000    0.000    1.000    !\AUTHOR: WARNING !\REF: WARNING !\COMMENT: = C3H7
CH3CHNH                   2  303.400  4.810    0.000    0.000    1.000    !\AUTHOR: WARNING !\REF: WARNING !\COMMENT: = C3H7
CH2CHNH                   2  307.800  4.140    0.000    0.000    1.000    !\AUTHOR: WARNING !\REF: WARNING !\COMMENT: = C3H6
CH2CNH2                   2  307.800  4.140    0.000    0.000    1.000    !\AUTHOR: WARNING !\REF: WARNING !\COMMENT: = C3H6
CH3CNH                    2  307.800  4.140    0.000    0.000    1.000    !\AUTHOR: WARNING !\REF: WARNING !\COMMENT: = C3H6
CH3CHN                    2  307.800  4.140    0.000    0.000    1.000    !\AUTHOR: WARNING !\REF: WARNING !\COMMENT: = C3H6
CHCHNH2                   2  307.800  4.140    0.000    0.000    1.000    !\AUTHOR: WARNING !\REF: WARNING !\COMMENT: = C3H6
CH3CN                     2  422.220  5.329    3.500    0.000    1.000    !\AUTHOR: WARNING !\REF: WARNING !\COMMENT: CJP
CHCNH2                    2  260.000  4.850    0.000    0.000    1.000    !\AUTHOR: WARNING !\REF: WARNING !\COMMENT: = C3H5
CH2CNH                    2  260.000  4.850    0.000    0.000    1.000    !\AUTHOR: WARNING !\REF: WARNING !\COMMENT: = C3H5
CH2CHN                    2  260.000  4.850    0.000    0.000    1.000    !\AUTHOR: WARNING !\REF: WARNING !\COMMENT: = C3H5
CH2CHN(S)                 2  260.000  4.850    0.000    0.000    1.000    !\AUTHOR: WARNING !\REF: WARNING !\COMMENT: = C3H5
C-C2H3N                   2  260.000  4.850    0.000    0.000    1.000    !\AUTHOR: WARNING !\REF: WARNING !\COMMENT: = C3H5
CH2CN                     2  422.220  5.329    3.500    0.000    1.000    !\AUTHOR: WARNING !\REF: WARNING !\COMMENT: CJP
CHCNH                     1  252.000  4.760    0.000    0.000    1.000    !\AUTHOR: WARNING !\REF: WARNING !\COMMENT: = C3H4
H2NCHO                    2  307.800  4.140    0.000    0.000    1.000    !\AUTHOR: WARNING !\REF: WARNING !\COMMENT: = C3H6
H2NCO                     2  307.800  4.140    0.000    0.000    1.000    !\AUTHOR: WARNING !\REF: WARNING !\COMMENT: = C3H6
CH3OCH2OCH2NH2 2 438.00	6.29 0.0 0.0 0.0
CH2OCH2OCH2NH2 2 438.00	6.29 0.0 0.0 0.0
CH3OCHOCH2NH2 2 438.00	6.29 0.0 0.0 0.0
CH3OCH2OCHNH2 2 438.00	6.29 0.0 0.0 0.0
CH3OCH2OCH2NH 2 438.00	6.29 0.0 0.0 0.0 
CH3OCH2ONH2 2 420.98 5.98 0.0 0.0 0.0  
DMM2NH2-A          2 471.8 6.80 0.0 0.0 0.0 
CH2OCOCOCN 2 471.8 6.80 0.0 0.0 0.0   !!=CH2OCH2OCH2OCH2NH2
COCHOCOCN  2 471.8 6.80 0.0 0.0 0.0   !!=CH3OCHOCH2OCH2NH2
COCOCHOCN  2 471.8 6.80 0.0 0.0 0.0   !!=CH3OCH2OCHOCH2NH2
COCOCOCHN  2 471.8 6.80 0.0 0.0 0.0   !!=CH3OCH2OCH2OCHNH2
COCOCOCNH  2 471.8 6.80 0.0 0.0 0.0   !!=CH3OCH2OCH2OCH2NH
CH3OCH2OCH2ONH2    2 455.2 6.49 0.0 0.0 0.0 
END