   !Detailed kinetic scheme of nitrocellulose low-temperature decomposition

!Jordan Ehrhardt1,2, Julien Glorian1, L  o Courty2, Barbara Baschung1, Philippe Gillard2

!1French-German Research Institute of Saint-Louis (ISL), 5 rue du G  n  ral Cassagnou, 68300 Saint-Louis, France

!2Univ. Orleans, INSA-CVL, PRISME EA 4229, Bourges, France 

!jordan.ehrhardt@isl.eu


THERMO ALL
  300.000  1000.000  5000.000
N2                      N   2               G     200.0    6000.0  1000.0      1
      2.95258E0      1.3969E-3    -4.92632E-7     7.8601E-11   -4.60755E-15    2
     -9.23949E2      5.87189E0      3.53101E0    -1.23661E-4    -5.02999E-7    3
     2.43531E-9   -1.40881E-12     -1.04698E3      2.96747E0                   4
Ar                      Ar  1               G     200.0    6000.0  1000.0      1
          2.5E0          0.0E0          0.0E0          0.0E0          0.0E0    2
     -7.45375E2      4.37967E0          2.5E0          0.0E0          0.0E0    3
          0.0E0          0.0E0     -7.45375E2      4.37967E0                   4
He                      He  1               G     200.0    6000.0  1000.0      1
          2.5E0          0.0E0          0.0E0          0.0E0          0.0E0    2
     -7.45375E2     9.28724E-1          2.5E0          0.0E0          0.0E0    3
          0.0E0          0.0E0     -7.45375E2     9.28724E-1                   4
NC                      H   9C   6N   3O  11G   298.150  5000.000 1500.00      1
 4.32957200E+01 3.92035383E-02-1.52122648E-05 2.70682119E-09-1.81552933E-13    2
-8.99629394E+04-1.93309894E+02-1.98073522E+00 1.60281397E-01-1.36630768E-04    3
 5.68219980E-08-9.22598200E-12-7.64183253E+04 4.33531114E+01                   4
O2                      O   2               G     100.0    5000.0 1074.56      1
   3.15382782E0   1.6780321E-3  -7.6996768E-7 1.51273937E-10-1.08781163E-14    2
  -1.04082034E3   6.16751859E0   3.53732116E0 -1.21570185E-3  5.31615302E-6    3
 -4.89440294E-9 1.45843779E-12  -1.03858843E3   4.68368638E0                   4
S(3)                    H   9C   6N   2O   9G   298.150  5000.000 1500.00      1
 3.73234195E+01 3.62207417E-02-1.40205583E-05 2.49070678E-09-1.66869100E-13    2
-7.30437194E+04-1.64288875E+02-2.38428358E+00 1.42592776E-01-1.20877418E-04    3
 5.01981228E-08-8.15401814E-12-6.11859514E+04 4.31961170E+01                   4
C3H4O2                  H   4C   3O   2     G   298.150  5000.000 1500.00      1
 1.07624743E+01 1.29722644E-02-4.90155484E-06 8.53299850E-10-5.62222279E-14    2
-3.40361651E+04-2.89563319E+01 1.81923914E+00 3.23666615E-02-1.98417222E-05    3
 5.51371651E-09-5.03015387E-13-3.08520937E+04 1.94861140E+01                   4
C2H2O2(7)               H   2O   2C   2     G     200.0    6000.0  1000.0      1
      8.72507E0     6.33097E-3    -2.35575E-6    3.89783E-10   -2.37487E-14    2
     -2.91024E4     -2.03904E1      4.68412E0     4.78013E-4     4.26391E-5    3
    -5.79018E-8    2.31669E-11     -2.71985E4      4.51187E0                   4
C2H2O4                  H   2C   2O   4     G   100.000  5000.000  990.48      1
 1.10554852E+01 9.96235030E-03-3.72169248E-06 6.91965747E-10-4.99641213E-14    2
-9.13898042E+04-2.61882825E+01 2.27341353E+00 3.17570004E-02-1.60240581E-05    3
-4.96272092E-09 4.89452175E-12-8.89794945E+04 1.94814262E+01                   4
S(8)                    H  10C   6N   2O   9G   298.150  5000.000 1500.00      1
 3.73374347E+01 3.86268081E-02-1.48537716E-05 2.62694655E-09-1.75442391E-13    2
-9.73517254E+04-1.66330555E+02-3.12447184E+00 1.47071487E-01-1.23844712E-04    3
 5.13101477E-08-8.32977307E-12-8.52746079E+04 4.50757985E+01                   4
S(10)                   H   9C   6N   2O   9G   298.150  5000.000 1500.00      1
 3.76810936E+01 3.58863720E-02-1.38873461E-05 2.46615681E-09-1.65165084E-13    2
-7.23979396E+04-1.66073398E+02-1.76775260E+00 1.40884690E-01-1.18687059E-04    3
 4.89555383E-08-7.89868386E-12-6.05409427E+04 4.03140894E+01                   4
S(11)                   H  10C   6N   2O   9G   298.150  5000.000 1500.00      1
 3.75780836E+01 3.83287241E-02-1.47133643E-05 2.59826257E-09-1.73313628E-13    2
-9.63924135E+04-1.67092241E+02-2.34089776E+00 1.44225649E-01-1.20056597E-04    3
 4.91713918E-08-7.89448762E-12-8.43544287E+04 4.18871572E+01                   4
S(32)                   H   5C   4N   1O   5G   298.150  5000.000 1500.00      1
 2.15592434E+01 2.00354189E-02-7.72177854E-06 1.36529216E-09-9.10667644E-14    2
-4.92409781E+04-8.13383928E+01 2.08164154E+00 6.83797121E-02-5.24700932E-05    3
 1.96552193E-08-2.87301918E-12-4.29931500E+04 2.18757572E+01                   4
C4H6O3                  H   6C   4O   3     G   298.150  5000.000 1500.00      1
 1.57176362E+01 1.93449865E-02-7.31536938E-06 1.27614037E-09-8.42869682E-14    2
-5.70504346E+04-5.54560858E+01 9.70067656E-01 5.48012270E-02-3.89010008E-05    3
 1.35939281E-08-1.85053981E-12-5.21907206E+04 2.31235105E+01                   4
S(50)                   H   3C   2N   1O   4G   298.150  5000.000 1500.00      1
 1.45608884E+01 1.24322289E-02-4.78425727E-06 8.47659706E-10-5.67312906E-14    2
-2.67462592E+04-4.67879620E+01 1.59278998E+00 4.86284290E-02-4.25950617E-05    3
 1.83700636E-08-3.09673226E-12-2.30374726E+04 2.04282515E+01                   4
C2H3O2(59)              H   3C   2O   2     G   298.150  5000.000 1500.00      1
 8.65978620E+00 9.18950124E-03-3.42394628E-06 5.91325525E-10-3.87816609E-14    2
-1.89049380E+04-1.79543495E+01 2.80123950E+00 2.34212550E-02-1.62646627E-05    3
 5.68007174E-09-7.83866222E-13-1.69908822E+04 1.32068271E+01                   4
C2H2O2(65)              H   2C   2O   2     G   298.150  5000.000 1500.00      1
 7.97892794E+00 7.18506645E-03-2.70278444E-06 4.71148499E-10-3.11610785E-14    2
-1.79958633E+04-1.48687065E+01 3.03085537E+00 2.08574203E-02-1.68526320E-05    3
 6.97218905E-09-1.15003774E-12-1.65651596E+04 1.08300940E+01                   4
C2H3O2(66)              H   3C   2O   2     G   298.150  5000.000 1500.00      1
 8.23929586E+00 9.74611699E-03-3.68421523E-06 6.43374428E-10-4.25611989E-14    2
-2.71606978E+04-1.78736102E+01 4.48404500E-01 3.00387131E-02-2.34936971E-05    3
 9.23287116E-09-1.43835775E-12-2.47690800E+04 2.30530395E+01                   4
C2H2O                   H   2O   1C   2     G     200.0    6000.0  1000.0      1
      5.75871E0     6.35124E-3    -2.25955E-6    3.62322E-10   -2.15856E-14    2
     -8.08533E3      -4.9649E0      2.13241E0     1.81319E-2    -1.74093E-5    3
     9.35336E-9   -2.01725E-12     -7.14809E3      1.33808E1                   4
HCN                     H   1C   1N   1     G     298.0    3000.0  1000.0      1
      2.92308E0     4.44714E-3    -2.18021E-6    5.19245E-10   -4.87687E-14    2
      1.47107E4      6.27783E0      2.22381E0     8.91349E-3    -1.13836E-5    3
     8.32413E-9   -2.41731E-12      1.47671E4      9.23408E0                   4
C2H3O                   H   3O   1C   2     G     200.0    6000.0  1000.0      1
      5.91637E0      8.8465E-3    -3.14955E-6    5.05413E-10   -3.01305E-14    2
      -1.0478E3      -6.1065E0      2.66874E0      9.6233E-3     1.60617E-5    3
    -2.87682E-8     1.2503E-11      2.19438E2      1.25694E1                   4
C4H5O3                  H   5C   4O   3     G   298.150  5000.000 1500.00      1
 1.57009525E+01 1.69711281E-02-6.50689745E-06 1.14627301E-09-7.62538853E-14    2
-3.30494774E+04-5.35066148E+01 1.40959289E+00 5.19314489E-02-3.83172469E-05    3
 1.38842189E-08-1.96591365E-12-2.84076978E+04 2.24168208E+01                   4
H                       H   1               G     100.0    5000.0 4472.11      1
   2.49938416E0  5.36741085E-7 -1.7530496E-10 2.54291754E-14-1.38223204E-18    2
   2.54747827E4 -4.41063605E-1          2.5E0 1.89166151E-12-2.45097299E-15    3
 1.03392374E-18-1.34149975E-22   2.54742178E4 -4.44972895E-1                   4
O                       O   1               G     100.0    5000.0 4472.11      1
   2.49938416E0  5.36741085E-7 -1.7530496E-10 2.54291754E-14-1.38223204E-18    2
    2.9230809E4   4.09495215E0          2.5E0 1.89166151E-12-2.45097299E-15    3
 1.03392374E-18-1.34149975E-22   2.92302441E4   4.09104286E0                   4
OH                      H   1O   1          G     100.0    5000.0 1145.76      1
   3.07193721E0  6.04019898E-4 -1.39806259E-8-2.13440738E-11 2.48061305E-15    2
   3.57938794E3    4.5780149E0    3.5145684E0  2.92733731E-5 -5.32150415E-7    3
  1.01947499E-9-3.85939323E-13   3.41425418E3   2.10434754E0                   4
H2                      H   2               G     100.0    5000.0 1959.08      1
   2.78814837E0  5.87663629E-4  1.58999796E-7 -5.5271771E-11 4.34295447E-15    2
  -5.96133967E2  1.12836167E-1   3.43536428E0  2.12708903E-4 -2.78621753E-7    3
 3.40264586E-10-7.76025608E-14  -1.03135985E3  -3.90841796E0                   4
H2O                     H   2O   1          G     100.0    5000.0 1130.24      1
   2.84325247E0  2.75108219E-3 -7.81029672E-7 1.07243222E-10-5.79388847E-15    2
  -2.99586137E4   5.91040846E0   4.05763555E0 -7.87932628E-4  2.90876436E-6    3
   -1.475176E-9 2.12838062E-13  -3.02815866E4 -3.11363025E-1                   4
CO                      O   1C   1          G     200.0    6000.0  1000.0      1
      3.04849E0     1.35173E-3    -4.85794E-7    7.88536E-11   -4.69807E-15    2
     -1.42661E4       6.0171E0      3.57953E0    -6.10354E-4     1.01681E-6    3
    9.07006E-10   -9.04424E-13     -1.43441E4      3.50841E0                   4
CO2                     O   2C   1          G     200.0    6000.0  1000.0      1
      4.63651E0     2.74146E-3    -9.95898E-7    1.60387E-10   -9.16199E-15    2
     -4.90249E4      -1.9349E0      2.35681E0     8.98413E-3    -7.12206E-6    3
      2.4573E-9   -1.42885E-13      -4.8372E4       9.9009E0                   4
HOCO                    H   1O   2C   1     G     200.0    3000.0   998.4      1
      4.63989E0     5.66363E-3    -2.67855E-6    6.17049E-10   -5.60954E-14    2
     -2.40527E4      1.90175E0      2.82191E0     9.66218E-3     -2.7856E-6    3
    -4.12692E-9    2.61472E-12     -2.35465E4      1.14285E1                   4
CH2O                    H   2O   1C   1     G     200.0    6000.0  1000.0      1
      3.16953E0     6.19321E-3    -2.25056E-6    3.65976E-10   -2.20149E-14    2
     -1.45487E4      6.04208E0      4.79372E0    -9.90833E-3      3.7322E-5    3
    -3.79285E-8    1.31773E-11     -1.43792E4     6.02798E-1                   4
HCO                     H   1O   1C   1     G     200.0    6000.0  1000.0      1
      3.92002E0     2.52279E-3    -6.71004E-7    1.05616E-10   -7.43798E-15    2
      3.65343E3      3.58077E0      4.23755E0    -3.32075E-3      1.4003E-5    3
     -1.3424E-8    4.37416E-12      3.87241E3      3.30835E0                   4
CH3                     H   3C   1          G     200.0    6000.0  1000.0      1
      2.97812E0     5.79785E-3    -1.97558E-6    3.07298E-10   -1.79174E-14    2
      1.65095E4      4.72248E0      3.65718E0      2.1266E-3     5.45839E-6    3
     -6.6181E-9    2.46571E-12      1.64227E4      1.67354E0                   4
CH4                     H   4C   1          G     100.0    5000.0 1084.12      1
  9.08251328E-1  1.14541095E-2 -4.57175165E-6 8.29194777E-10-5.66317439E-14    2
  -9.71996813E3    1.3993176E1   4.20541774E0 -5.35560239E-3  2.51124233E-5    3
 -2.13764035E-8 5.97528718E-12  -1.01619434E4 -9.21288285E-1                   4
CH2                     H   2C   1          G     100.0    5000.0 1104.58      1
   3.14983417E0  2.96674203E-3 -9.76055498E-7 1.54115194E-10-9.50337385E-15    2
   4.60581389E4   4.77807499E0   4.01192394E0 -1.54979337E-4  3.26297997E-6    3
 -2.40421999E-9 5.69497347E-13   4.58676802E4  5.33200273E-1                   4
CH2(S)                  H   2C   1          G     100.0    5000.0 1442.37      1
   2.62649917E0  3.94759208E-3 -1.49922206E-6 2.54534945E-10-1.62952552E-14    2
   5.06917405E4   6.78364521E0   4.10264247E0 -1.44067137E-3  5.45065448E-6    3
 -3.57998601E-9 7.56181878E-13   5.04005786E4 -4.11761098E-1                   4
CH3OH                   H   4O   1C   1     G     200.0    6000.0  1000.0      1
      3.52727E0     1.03179E-2    -3.62893E-6    5.77448E-10   -3.42183E-14    2
     -2.60029E4      5.16759E0      5.65851E0    -1.62983E-2     6.91938E-5    3
    -7.58373E-8    2.80428E-11      -2.5612E4    -8.97331E-1                   4
CH2OH                   H   3O   1C   1     G     200.0    6000.0  1000.0      1
      5.09314E0     5.94761E-3    -2.06497E-6    3.23008E-10   -1.88126E-14    2
      -4.0341E3     -1.84691E0      4.47834E0     -1.3507E-3     2.78485E-5    3
    -3.64869E-8    1.47907E-11     -3.50073E3      3.30913E0                   4
CH3O                    H   3O   1C   1     G     200.0    6000.0  1000.0      1
      4.75779E0     7.44142E-3    -2.69705E-6    4.38091E-10   -2.63537E-14    2
      3.78112E2      -1.9668E0      3.71181E0    -2.80463E-3     3.76551E-5    3
    -4.73072E-8    1.86588E-11       1.2957E3      6.57241E0                   4
HOCHO                   H   2O   2C   1     G     200.0    6000.0  1000.0      1
      4.61383E0     6.44964E-3    -2.29083E-6     3.6716E-10   -2.18737E-14    2
     -4.53303E4     8.47884E-1      3.89836E0    -3.55878E-3     3.55205E-5    3
      -4.385E-8    1.71078E-11     -4.67786E4      7.34954E0                   4
CH3CO                   H   3O   1C   2     G     200.0    6000.0  1000.0      1
      5.31372E0     9.17378E-3    -3.32204E-6    5.39475E-10   -3.24524E-14    2
     -3.64504E3     -1.67576E0      4.03587E0     8.77295E-4       3.071E-5    3
    -3.92476E-8    1.52969E-11     -2.68207E3      7.86177E0                   4
C2H4O                   H   4O   1C   2     G     200.0    6000.0  1000.0      1
      7.49818E0     1.03957E-2    -3.66891E-6    5.85206E-10   -3.47374E-14    2
     -1.81643E4     -1.38388E1      2.28758E0     1.97013E-2     1.96383E-6    3
     -1.9439E-8    1.02617E-11     -1.65373E4      1.41333E1                   4
OCHCO                   H   1O   2C   2     G     298.0    2900.0  1000.0      1
      4.94994E0      1.0163E-2     -5.5772E-6      1.4572E-9   -1.47435E-13    2
     -9.09651E3      2.57988E0      3.39406E0     1.43629E-2    -8.84138E-6    3
     1.60961E-9    3.20389E-13     -8.68414E3       1.0592E1                   4
NH2                     H   2N   1          G     100.0    5000.0 1522.04      1
   2.68015525E0   3.3684136E-3 -1.12727846E-6 1.76555129E-10-1.06785572E-14    2
   2.15115658E4   7.37040745E0   4.08973528E0 -1.15510919E-3  4.13795028E-6    3
 -2.48322351E-9 4.84272299E-13   2.11773523E4  2.89568689E-1                   4
HNO                     H   1O   1N   1     G     298.0    3000.0  1000.0      1
       2.5882E0     4.87709E-3    -2.29243E-6    5.82214E-10   -5.94812E-14    2
      1.20214E4      1.04316E1      4.51988E0    -5.42508E-3      1.7024E-5    3
    -1.48708E-8    4.44763E-12      1.17638E4      1.75619E0                   4
H2NO                    H   2O   1N   1     G     298.0    3000.0  1000.0      1
      3.36486E0     6.13307E-3    -2.48864E-6    4.83818E-10   -3.63996E-14    2
      6.62655E3      6.75313E0      3.93371E0     2.21176E-3      5.8622E-6    3
    -6.72932E-9    2.17836E-12      6.59507E3      4.42022E0                   4
NO                      O   1N   1          G     298.0    3000.0  1000.0      1
      2.79463E0     2.12261E-3    -1.11937E-6    2.79521E-10   -2.68625E-14    2
      1.00019E4      8.88323E0      4.15037E0     -4.0889E-3     9.38072E-6    3
    -7.50909E-9    2.11743E-12      9.77019E3      2.53971E0                   4
HONO                    H   1O   2N   1     G     298.0    3000.0  1000.0      1
      4.19967E0     5.94217E-3    -2.95405E-6    7.19846E-10   -6.74909E-14    2
     -1.08123E4       5.0881E0      3.49107E0     6.81117E-3    -1.30943E-6    3
    -2.34197E-9    1.18932E-12     -1.05723E4      8.99804E0                   4
NO2                     O   2N   1          G     298.0    3000.0  1000.0      1
      3.65239E0     4.71632E-3    -2.74592E-6    7.45383E-10   -7.63891E-14    2
      2.57216E3      6.52683E0      3.39101E0     2.62448E-3      5.0979E-6    3
     -7.6212E-9     2.7996E-12      2.78131E3       8.5722E0                   4
NH2OH                   H   3O   1N   1     G     298.0    3000.0  1000.0      1
      4.54617E0     8.46243E-3    -4.09392E-6    9.98179E-10   -9.66389E-14    2
     -6.90258E3    -6.61755E-1      2.43399E0     8.76264E-3     7.67849E-6    3
    -1.49986E-8    5.93967E-12     -6.07272E3      1.15654E1                   4
HNOH                    H   2O   1N   1     G     298.0    3000.0  1000.0      1
      1.99861E0     1.09126E-2      -6.184E-6     1.61915E-9   -1.61359E-13    2
      1.03211E4      1.29267E1      2.95652E0     4.25182E-3     8.05096E-6    3
       -1.07E-8    3.62572E-12       1.0271E4       9.0126E0                   4
HNO2                    H   1O   2N   1     G     298.0    3000.0  1000.0      1
      2.71887E0     9.23249E-3    -5.00922E-6     1.30155E-9   -1.30504E-13    2
     -6.61949E3      1.03431E1      2.86816E0     4.08036E-3     9.55139E-6    3
    -1.29605E-8    4.57374E-12      -6.4216E3      1.07615E1                   4
HCNO                    H   1O   1C   1N   1G     298.0    3000.0  1000.0      1
      4.55025E0     7.57618E-3    -4.21171E-6     1.11675E-9   -1.14509E-13    2
       1.8627E4     4.52783E-1      3.86648E0     1.08162E-2    -9.82914E-6    3
     5.36663E-9   -1.30321E-12      1.87386E4      3.62536E0                   4
CH3NO                   H   3O   1C   1N   1G     298.0    3000.0  1000.0      1
      2.79545E0     1.47873E-2    -7.49889E-6     1.86098E-9   -1.80544E-13    2
      7.21799E3      1.11557E1      3.05468E0     1.02237E-2     4.63674E-6    3
    -9.75622E-9    3.60544E-12      7.34248E3      1.07868E1                   4
CH2NO                   H   2O   1C   1N   1G     298.0    3000.0  1000.0      1
      3.46969E0     1.12766E-2    -5.83684E-6     1.47537E-9   -1.45446E-13    2
      1.68394E4      7.33722E0      1.83948E0     1.56746E-2    -9.24972E-6    3
     1.62784E-9    3.47131E-13      1.72715E4      1.57327E1                   4
S(176)                  H   3O   2C   1N   1G     298.0    3000.0  1000.0      1
      3.29539E0     1.82397E-2    -9.53896E-6      2.4117E-9   -2.37862E-13    2
     -1.12916E4      9.04149E0      1.36489E0     2.04311E-2    -4.53033E-6    3
    -6.45794E-9    3.36219E-12     -1.06289E4      1.97377E1                   4
S(177)                  H   2O   2C   1N   1G     298.0    3000.0  1000.0      1
      5.93787E0     1.23889E-2    -6.93995E-6     1.85019E-9   -1.90338E-13    2
      1.28356E4     -5.05476E0     8.88443E-1     2.89125E-2    -2.62143E-5    3
     1.10257E-8    -1.5657E-12      1.40292E4      2.02243E1                   4
S(182)                  H   3O   2C   1N   1G     298.0    3000.0  1000.0      1
      5.57446E0     1.64276E-2    -8.85442E-6     2.35371E-9   -2.48209E-13    2
     -1.06926E4     -3.43872E0     8.70648E-2     3.97148E-2    -4.57917E-5    3
     2.83162E-8   -7.07324E-12     -9.66198E3      2.27004E1                   4
S(923)                  H   7C   5N   2O   8G   298.150  5000.000 1500.00      1
 3.24795165E+01 2.96185779E-02-1.15006659E-05 2.04846502E-09-1.37540835E-13    2
-5.29674287E+04-1.39032484E+02-1.38384190E+00 1.21885022E-01-1.05731266E-04    3
 4.48016894E-08-7.40857121E-12-4.30293886E+04 3.73324976E+01                   4
S(14851)                H   5O   6C   4N   2G     100.0    5000.0  829.29      1
   9.37315543E0  4.80524693E-2  -2.4506129E-5  4.75375565E-9-3.29202321E-13    2
  -1.88467494E4  -4.78297094E0  -9.9069734E-1  1.23459571E-1 -2.06876327E-4    3
  1.88321121E-7 -6.6809947E-11  -1.80018485E4   3.80069327E1                   4
S(33944)                H   7C   5N   2O   8G   298.150  5000.000 1500.00      1
 3.33837630E+01 2.85336147E-02-1.10070826E-05 1.95047990E-09-1.30430859E-13    2
-5.09895140E+04-1.37164358E+02 3.37020610E+00 1.08120620E-01-9.01449412E-05    3
 3.69232408E-08-5.92595423E-12-4.19349179E+04 1.99715848E+01                   4
S(35956)                H   7C   5N   2O   8G   298.150  5000.000 1500.00      1
 3.38345185E+01 2.82554328E-02-1.09376940E-05 1.94298917E-09-1.30167152E-13    2
-6.12211605E+04-1.40206224E+02 3.67686189E+00 1.08466480E-01-9.09393700E-05    3
 3.74062359E-08-6.02519933E-12-5.21503093E+04 1.75934282E+01                   4
END
