!Transport Data
!Title:   A comprehensive experimental and kinetic modeling study of n-
!Authors: Jianghuai Cai, Lidong Zhang, Feng Zhang, Zhandong Wang, Zhanj
!Address: National Synchrotron Radiation Laboratory, University of Scie

!################################ From USC Mech II#####################
AR                 0   136.500     3.330     0.000     0.000     0.000 
KR                 0   136.500     3.330     0.000     0.000     0.000
C                  0    71.400     3.298     0.000     0.000     0.000 
CH                 1    80.000     2.750     0.000     0.000     0.000 
CH*                1    80.000     2.750     0.000     0.000     0.000
CH2                1   144.000     3.800     0.000     0.000     0.000 
CH2*               1   144.000     3.800     0.000     0.000     0.000 
CH3                1   144.000     3.800     0.000     0.000     0.000 
CH4                2   141.400     3.746     0.000     2.600    13.000 
CO                 1    98.100     3.650     0.000     1.950     1.800 
CO2                1   244.000     3.763     0.000     2.650     2.100 
HCO                2   498.000     3.590     0.000     0.000     0.000 
CH2O               2   498.000     3.590     0.000     0.000     2.000 
CH2OH              2   417.000     3.690     1.700     0.000     2.000 
CH3O               2   417.000     3.690     1.700     0.000     2.000 
CH3OH              2   481.800     3.626     0.000     0.000     1.000 
CH2(S)             1   144.000     3.800      0.000    0.000     0.000      !!                                                                        
C2                 1    97.530     3.621     0.000     1.760     4.000 
C2O                1   232.400     3.828     0.000     0.000     1.000 
C2H                1   209.000     4.100     0.000     0.000     2.500 
C2H2               1   209.000     4.100     0.000     0.000     2.500 
H2CC               2   209.000     4.100     0.000     0.000     2.500
C2H3               2   209.000     4.100     0.000     0.000     1.000 
C2H4               2   280.800     3.971     0.000     0.000     1.500 
C2H5               2   252.300     4.302     0.000     0.000     1.500 
C2H6               2   252.300     4.302     0.000     0.000     1.500 
HCCO               2   150.000     2.500     0.000     0.000     1.000 
HCCOH              2   436.000     3.970     0.000     0.000     2.000 
CH2CO              2   436.000     3.970     0.000     0.000     2.000 
CH2CHO             2   436.000     3.970     0.000     0.000     2.000 
C2H2OH             2   224.700     4.162     0.000     0.000     1.000 
C2H5O2             2   395.0       4.037     1.3       0.0       1.0 
CH2CH2OOH          2   395.0       4.037     1.3       0.0       1.0                                                                       
C3H2               2   209.000     4.100     0.000     0.000     1.000 
C3H3               2   252.000     4.760     0.000     0.000     1.000 
C3H4-A              1   252.000     4.760     0.000     0.000     1.000 
C3H4-P              1   252.000     4.760     0.000     0.000     1.000 
CC3H4              1   252.000     4.760     0.000     0.000     1.000
CH2OCH2            1   252.000     4.760     0.000     0.000     1.000
CH2OCH             1   252.000     4.760     0.000     0.000     1.000
CH3CH2CHO          1   252.000     4.760     0.000     0.000     1.000
H2CCC(S)           2   265.300     3.721     0.000     0.000     1.000      !!                                                                       
C4H                1   357.000     5.180     0.000     0.000     1.000 
C4H2               1   357.000     5.180     0.000     0.000     1.000 
H2C4O              2   357.000     5.180     0.000     0.000     1.000 
C4H2OH             2   224.700     4.162     0.000     0.000     1.000 
IC4H3              2   357.000     5.180     0.000     0.000     1.000 
NC4H3              2   357.000     5.180     0.000     0.000     1.000 
C4H4               2   357.000     5.180     0.000     0.000     1.000
C4H4-123           2   357.000     5.180     0.000     0.000     1.000
IC4H5              2   357.000     5.180     0.000     0.000     1.000 
NC4H5              2   357.000     5.180     0.000     0.000     1.000 
C4H5-2             2   357.000     5.180     0.000     0.000     1.000 
C4H5-3             2   357.000     5.180     0.000     0.000     1.000
C4H5-4             2   357.000     5.180     0.000     0.000     1.000
C4H6               2   357.000     5.180     0.000     0.000     1.000 
C4H6-2             2   357.000     5.180     0.000     0.000     1.000
C4H612             2   357.000     5.180     0.000     0.000     1.000 
CH3CHOCH2          2   357.000     5.180     0.000     0.000     1.000
                                                                       
C5H2               1   357.000     5.180     0.000     0.000     1.000 
C5H3               1   357.000     5.180     0.000     0.000     1.000 
C5H5               1   357.000     5.180     0.000     0.000     1.000 
C5H6               1   357.000     5.180     0.000     0.000     1.000 
lC5H7              1   357.000     5.180     0.000     0.000     1.000
C4H6O25            1   357.000     5.180     0.000     0.000     1.000
C4H6O23            1   357.000     5.180     0.000     0.000     1.000
C4H4O              1   357.000     5.180     0.000     0.000     1.000
CH2CHCO            1   357.000     5.180     0.000     0.000     1.000
!           CH3CHOCH2          1   357.000     5.180     0.000     0.000     1.000
CH2CHCHCHO         1   357.000     5.180     0.000     0.000     1.000
CH3CHCHCO          1   357.000     5.180     0.000     0.000     1.000
C2H3CHOCH2         1   357.000     5.180     0.000     0.000     1.000
CH3CHCHCHO         1   357.000     5.180     0.000     0.000     1.000
                                                                       
C6H                1   357.000     5.180     0.000     0.000     1.000 
C6H2               1   357.000     5.180     0.000     0.000     1.000 
C6H3               2   357.000     5.180     0.000     0.000     1.000 
l-C6H4             2   412.300     5.349     0.000     0.000     1.000 
  
NC6H5              2   412.300     5.349     0.000     0.000     1.000 
i-C6H5             2   412.300     5.349     0.000     0.000     1.000 
l-C6H6             2   412.300     5.349     0.000     0.000     1.000 
C4H5C2H            2   412.300     5.349     0.000     0.000     1.000 
n-C6H7             2   412.300     5.349     0.000     0.000     1.000 
i-C6H7             2   412.300     5.349     0.000     0.000     1.000 
C6H8               2   412.300     5.349     0.000     0.000     1.000
AC6H8              2   412.300     5.349     0.000     0.000     1.000
PC6H8              2   412.300     5.349     0.000     0.000     1.000
A1O                2   464.8       5.29      0.00     10.32      0.000 
A1OH               2   464.8       5.29      0.00     10.32      0.000 
A1                 2   464.8       5.29      0.00     10.32      0.000 
A1-                2   464.8       5.29      0.00     10.32      0.000 
fulvene            2   464.8       5.29      0.00     10.32      0.000 
o-C6H4             2   464.8       5.29      0.00     10.32      0.000 
A1CO               2   593         5.5       2.8       0.0       1.0
C6H4O2             2   485         5.425     0.4       0.0       1.0
C5H5O13            2   494         5.2       1.6       0.0       1.0
cC5H4              1   357.000     5.180     0.000     0.000     1.000
C5H4               1   357.000     5.180     0.000     0.000     1.000
!              C5H5               1   357.000     5.180     0.000     0.000     1.000 
lC5H5              1   357.000     5.180     0.000     0.000     1.000 
!              C5H6               1   357.000     5.180     0.000     0.000     1.000

                                                                       
HE                 0    10.200     2.576     0.000     0.000     0.000 
H                  0   145.000     2.050     0.000     0.000     0.000 
H2                 1    38.000     2.920     0.000     0.790   280.000 
H2O                2   572.400     2.605     1.844     0.000     4.000 
H2O2               2   107.400     3.458     0.000     0.000     3.800 
HO2                2   107.400     3.458     0.000     0.000     1.000 
N2                 1    97.530     3.621     0.000     1.760     4.000 
O                  0    80.000     2.750     0.000     0.000     0.000 
O2                 1   107.400     3.458     0.000     1.600     3.800 
OH                 1    80.000     2.750     0.000     0.000     0.000 
                                                                       
                                                                       
!The Lennard-Jones parameters of polycyclic aromatic hydrocarbons were 
!based on the critical temperature and pressure. See H. Wang and M. Fre
!"Transport Properties of Polycyclic Aromatic Hydrocarbons for Flame Mo
!Combustion and Flame, 96:163-170 (1994)                               
                                                                       
c-C6H4             2   464.8       5.29      0.00     10.32      0.000 
C6H6               2   464.8       5.29      0.00     10.32      0.000 
C6H5               2   464.8       5.29      0.00     10.32      0.000 
C6H5CH3            2   495.3       5.68      0.43     12.30      1.000 
C6H5C2H3           2   546.2       6.00      0.13     15.00      1.000 
C6H5CH2            2   495.3       5.68      0.43     12.30      1.000 
C6H5C2H            2   535.6       5.72      0.77     12.00      1.000 
A2                 2   630.4       6.18      0.00     16.50      1.000 
c-C6H7             2   464.8       5.29      0.00     10.32      0.000 
C5H4O              2   464.8       5.29      0.00     10.32      0.000 
C5H5O              2   464.8       5.29      0.00     10.32      0.000 
C5H4OH             2   464.8       5.29      0.00     10.32      0.000 
C6H5O              2   464.8       5.29      0.00     10.32      0.000 
C6H5OH             2   464.8       5.29      0.00     10.32      0.000 

AC3H5              2   266.800     4.982     0.000     0.000     1.000
TC3H5              2   266.800     4.982     0.000     0.000     1.000
SC3H5              2   266.800     4.982     0.000     0.000     1.000
C3H6               2   266.800     4.982     0.000     0.000     1.000
C3H7               2   266.800     4.982     0.000     0.000     1.000
!                C4H6               2   357.000     5.180     0.000     0.000     1.000
IC3H7              2   266.800     4.982     0.000     0.000     1.000
NC3H7              2   266.800     4.982     0.000     0.000     1.000
C3H8               2   266.800     4.982     0.000     0.000     1.000

!                C4H                1   357.000     5.180     0.000     0.000     1.000
!                C4H2               1   357.000     5.180     0.000     0.000     1.000
!                C4H2OH             2   224.700     4.162     0.000     0.000     1.000 
!                IC4H5              2   357.000     5.176     0.000     0.000     1.000
!                C4H6               2   357.000     5.176     0.000     0.000     1.000
C4H7               2   357.000     5.176     0.000     0.000     1.000
SAXC4H7            2   357.000     5.176     0.000     0.000     1.000
IC4H7-1            2   357.000     5.176     0.000     0.000     1.000
C4H7-2             2   357.000     5.176     0.000     0.000     1.000
CH3CCHCH3          2   357.000     5.176     0.000     0.000     1.000
IC4H7              2   357.000     5.176     0.000     0.000     1.000
C4H81              2   357.000     5.176     0.000     0.000     1.000
C4H82              2   357.000     5.176     0.000     0.000     1.000
IC4H8              2   357.000     5.176     0.000     0.000     1.000
TC4H9              2   357.000     5.176     0.000     0.000     1.000
IC4H9              2   357.000     5.176     0.000     0.000     1.000
PC4H9              2   357.000     5.176     0.000     0.000     1.000
SC4H9              2   357.000     5.176     0.000     0.000     1.000
C4H10              2   357.000     5.176     0.000     0.000     1.000
IC4H10             2   357.000     5.176     0.000     0.000     1.000
CH3COCH3           2   357.000     5.176     0.000     0.000     1.000
C2H3CHO            2   357.000     5.176     0.000     0.000     1.000
IC4H7O             2   450.000     5.500     0.000     0.000     1.000 
CH3CHO             2   436.000     3.970     0.000     0.000     2.000
CH3CO              2   436.000     3.970     0.000     0.000     2.000
SC2H4OH            2   470.600     4.410     0.000     0.000     1.500
SC4H9OH            2   641.92      2.40      1.67      8.88      1   
SC4H8OHm           2   641.92      2.40      1.67      8.88      1   
SC4H8OH-1          2   641.92      2.40      1.67      8.88      1   
SC4H8OH-2          2   641.92      2.40      1.67      8.88      1   
SC4H8OH-3          2   641.92      2.40      1.67      8.88      1   
IC3H6OH            2   487.900     4.820     0.000     0.000     1.000
CH3COHCH3          2   487.900     4.820     0.000     0.000     1.000
IC3H5OH            2   459.5       5.036     1.7       0.0       1.0 	
SC4H9O             2   496.000     5.200     0.000     0.000     1.000 
C2H5OH             2   470.600     4.410     0.000     0.000     1.500 
C3H6OH-1           2   487.900     4.820     0.000     0.000     1.000
C3H6OH-3           2   487.900     4.820     0.000     0.000     1.000
C4H7OH2-2          2   503.07      5.34      1.67      8.88      1     
C4H7OH1-2          2   503.07      5.34      1.67      8.88      1     
C4H7OH1-3          2   503.07      5.34      1.67      8.88      1     
C2H5COCH3          2   454.0       5.413     3.3       0.0       1.0 
C4H6OH1-32         2   503.07      5.34      1.67      8.88      1     
C4H71-2            2   355.000     4.650     0.000     0.000     1.000 
C4H71-3            2   355.000     4.650     0.000     0.000     1.000 
C4H71-4            2   355.000     4.650     0.000     0.000     1.000 
C4H72-1            2   355.000     4.650     0.000     0.000     1.000 
C4H72-2            2   355.000     4.650     0.000     0.000     1.000 
CH3COCH2           2   435.500     4.860     0.000     0.000     1.000 
CH2CH2COCH3        2   454.0       5.413     3.3       0.0       1.0 
CH3CHCOCH3         2   454.0       5.413     3.3       0.0       1.0 
C2H5COCH2          2   454.0       5.413     3.3       0.0       1.0 
CH3CHCO            2   443.200     4.120     0.000     0.000     1.000 
C4H7OH2-1          2   503.07      5.34      1.67      8.88      1     
CH3CHCHOH          2   496.000     5.200     0.000     0.000     1.000 
C2H5CO             2   424.600     4.820     0.000     0.000     1.000 
C2H3COCH3          2   454.0       5.413     3.3       0.0       1.0 
C4H7-24            2   358.834     5.406     0.000     0.000     1.000 
SC4H8OH-2O2        2   641.92      2.40      1.67      8.88      1   
IC3H5CHO              2   436.4   5.352   0.0 0.0 1.0 !   wjp
IC4H7O             2   496.000     5.200     0.000     0.000     1.000 
IC3H6CO               2   436.4   5.352   0.0 0.0 1.0 !   wjp
H2C4O              2   357.000     5.180     0.000     0.000     1.000     
C3H5O              2   411.000     4.820     0.000     0.000     1.000 



!#########################From 2011 Hansen & Harper & Green ###########
C2H3OH             2   384.335     4.927     0.000     0.000     1.000 
C2H5O              2   384.316     4.952     0.000     0.000     1.000 
C2H4OH             2   384.316     4.952     0.000     0.000     1.000 
CH3CHOH            2   384.335     4.844     0.000     0.000     1.000 
HCCHOH             2   384.335     4.844     0.000     0.000     1.000 
CH2COH             2   384.335     4.844     0.000     0.000     1.000 
C3H4O              2   376.994     5.183     0.000     0.000     1.000 
C3H5OJ-13          2   376.679     5.206     0.000     0.000     1.000 
C3H5O-enol2        2   411.992     5.184     0.000     0.000     1.000 
C4H7OH1-1          2   429.306     5.587     0.000     0.000     1.000 
C4H7OH1-4          2   419.669     5.570     0.000     0.000     1.000 
C4H7OH2-1          2   429.306     5.587     0.000     0.000     1.000 
C4H7OJ-8           2   394.626     5.526     0.000     0.000     1.000 
C4H7OJ-12          2   394.626     5.526     0.000     0.000     1.000 
C4H7OJ-13          2   394.626     5.526     0.000     0.000     1.000 
C4H7OJ-16          2   394.626     5.526     0.000     0.000     1.000 
!#########################From 2012 Sarathy & Vranckx & Yasunaga & Mehl
CC3H6OH            2   454.0       5.413     3.3       0.0       1.0 
C3H5OH             2   481.5       4.997     1.7       0.0       1.0 
C2H5CHO            2   435.2       4.662     2.7       0.0       1.0 
C4H9OH             2   503.07      5.34      1.67      8.88      1.0 
C4H9O              2   476.0       5.778     2.6       0.0       1.0 
AC4H8OH            2   476.0       5.778     2.6       0.0       1.0 
BC4H8OH            2   476.0       5.778     2.6       0.0       1.0 
CC4H8OH            2   476.0       5.778     2.6       0.0       1.0 
DC4H8OH            2   476.0       5.778     2.6       0.0       1.0 
C3H7CHO            2   464.2       5.009     2.6       0.0       1.0 
HOCHO              2   436.000     3.970     0.000     0.000     2.0 
HOCH2O             2   470.600     4.410     0.000     0.000     1.5 


!####################### ustc_aromatic_V1.4#######################
AR                 0   136.500     3.330     0.000     0.000     0.000          
C                  0    71.400     3.298     0.000     0.000     0.000 
CS                 0    71.400     3.298     0.000     0.000     0.000 
CH                 1    80.000     2.750     0.000     0.000     0.000 
CH*                1    80.000     2.750     0.000     0.000     0.000
CH2                1   144.000     3.800     0.000     0.000     0.000 
CH2*               1   144.000     3.800     0.000     0.000     0.000 
CH3                1   144.000     3.800     0.000     0.000     0.000 
CH4                2   141.400     3.746     0.000     2.600    13.000 
CO                 1    98.100     3.650     0.000     1.950     1.800 
CO2                1   244.000     3.763     0.000     2.650     2.100 
HCO                2   498.000     3.590     0.000     0.000     0.000 
CH2O               2   498.000     3.590     0.000     0.000     2.000 
CH2OH              2   417.000     3.690     1.700     0.000     2.000 
CH3O               2   417.000     3.690     1.700     0.000     2.000 
CH3OH              2   481.800     3.626     0.000     0.000     1.000 
    
C2                 1    97.530     3.621     0.000     1.760     4.000 
C2O                1   232.400     3.828     0.000     0.000     1.000 
C2H                1   209.000     4.100     0.000     0.000     2.500 
C2H2               1   209.000     4.100     0.000     0.000     2.500 
H2CC               2   209.000     4.100     0.000     0.000     2.500
C2H3               2   209.000     4.100     0.000     0.000     1.000 
C2H4               2   280.800     3.971     0.000     0.000     1.500 
C2H5               2   252.300     4.302     0.000     0.000     1.500 
HCCO               2   150.000     2.500     0.000     0.000     1.000 
HCCOH              2   436.000     3.970     0.000     0.000     2.000 
CH2CO              2   436.000     3.970     0.000     0.000     2.000 
CH2CHO             2   436.000     3.970     0.000     0.000     2.000 
C2H2OH             2   224.700     4.162     0.000     0.000     1.000 
SC2H2OH            2   436.000     3.970     0.000     0.000     2.000      !CH3CO! 
C3H2(S)            2   209.000     4.100     0.000     0.000     1.000      !! 
C3H2               2   209.000     4.100     0.000     0.000     1.000 
C3H3               2   252.000     4.760     0.000     0.000     1.000 
AC3H4              1   252.000     4.760     0.000     0.000     1.000 
PC3H4              1   252.000     4.760     0.000     0.000     1.000 
CC3H4              1   252.000     4.760     0.000     0.000     1.000
CH2OCH2            1   252.000     4.760     0.000     0.000     1.000
CH2OCH             1   252.000     4.760     0.000     0.000     1.000
CH3CH2CHO          1   252.000     4.760     0.000     0.000     1.000
                                                                       
C4H                1   357.000     5.180     0.000     0.000     1.000 
C4H2               1   357.000     5.180     0.000     0.000     1.000 
H2C4O              2   357.000     5.180     0.000     0.000     1.000 
C4H2O              2   357.000     5.180     0.000     0.000     1.000     
C4H2OH             2   224.700     4.162     0.000     0.000     1.000 
IC4H3              2   357.000     5.180     0.000     0.000     1.000     
NC4H3              2   357.000     5.180     0.000     0.000     1.000     
C4H4               2   357.000     5.180     0.000     0.000     1.000     
IC4H5              2   357.000     5.180     0.000     0.000     1.000     
NC4H5              2   357.000     5.180     0.000     0.000     1.000     
C4H5-2             2   357.000     5.180     0.000     0.000     1.000 
C4H6               2   357.000     5.180     0.000     0.000     1.000         
C4H6-2             2   357.000     5.180     0.000     0.000     1.000
C4H612             2   357.000     5.180     0.000     0.000     1.000 
C4H6-1             2   357.000     5.180     0.000     0.000     1.000
C4H7               2   357.000     5.176     0.000     0.000     1.000
SAXC4H7            2   357.000     5.176     0.000     0.000     1.000
IC4H7-1            2   357.000     5.176     0.000     0.000     1.000
C4H7-2            2   357.000     5.176     0.000     0.000     1.000
CH3CCHCH3            2   357.000     5.176     0.000     0.000     1.000
CH3CHOCH2          2   357.000     5.180     0.000     0.000     1.000
                                                                                
C5H2               1   357.000     5.180     0.000     0.000     1.000          
C5H3               1   357.000     5.180     0.000     0.000     1.000          
cC5H4              1   357.000     5.180     0.000     0.000     1.000
C5H5               1   357.000     5.180     0.000     0.000     1.000 
lC5H5              1   357.000     5.180     0.000     0.000     1.000    
C5H6               1   357.000     5.180     0.000     0.000     1.000  
lC5H7              1   357.000     5.180     0.000     0.000     1.000
                                                                        
C6H                1   357.000     5.180     0.000     0.000     1.000  
C6H2               1   357.000     5.180     0.000     0.000     1.000  
C6H3               2   357.000     5.180     0.000     0.000     1.000  
l-C6H4             2   412.300     5.349     0.000     0.000     1.000  
NC6H5              2   412.300     5.349     0.000     0.000     1.000  
i-C6H5             2   412.300     5.349     0.000     0.000     1.000  
l-C6H6             2   412.300     5.349     0.000     0.000     1.000  
n-C6H7             2   412.300     5.349     0.000     0.000     1.000  
i-C6H7             2   412.300     5.349     0.000     0.000     1.000  
C6H8               2   412.300     5.349     0.000     0.000     1.000  
C5H4CH3            2   412.300     5.349     0.000     0.000     1.000   
n-C6H5              2   412.300     5.349     0.000     0.000     1.000
                                                                                
HE                 0    10.200     2.576     0.000     0.000     0.000       
H                  0   145.000     2.050     0.000     0.000     0.000       
H2                 1    38.000     2.920     0.000     0.790   280.000       
H2O                2   572.400     2.605     1.844     0.000     4.000       
H2O2               2   107.400     3.458     0.000     0.000     3.800       
HO2                2   107.400     3.458     0.000     0.000     1.000       
N2                 1    97.530     3.621     0.000     1.760     4.000          
O                  0    80.000     2.750     0.000     0.000     0.000          
O2                 1   107.400     3.458     0.000     1.600     3.800          
OH                 1    80.000     2.750     0.000     0.000     0.000          
C4H6O25            1   357.000     5.180     0.000     0.000     1.000
C4H6O23            1   357.000     5.180     0.000     0.000     1.000
C4H4O              1   357.000     5.180     0.000     0.000     1.000
CH2CHCO            1   357.000     5.180     0.000     0.000     1.000
CH3CHOCH2          1   357.000     5.180     0.000     0.000     1.000
CH2CHCHCHO         1   357.000     5.180     0.000     0.000     1.000
CH3CHCHCO          1   357.000     5.180     0.000     0.000     1.000
C2H3CHOCH2         1   357.000     5.180     0.000     0.000     1.000
CH3CHCHCHO         1   357.000     5.180     0.000     0.000     1.000                                                                                
                                                                                
! The Lennard-Jones parameters of polycyclic aromatic hydrocarbons were estimated 
! based on the critical temperature and pressure. See H. Wang and M. Frenklach,   
! "Transport Properties of Polycyclic Aromatic Hydrocarbons for Flame Modeling."  
! Combustion and Flame, 96:163-170 (1994)                                         
                                                                        
c-C6H4             2   464.8       5.29      0.00     10.32      0.000  
A1                 2   464.8       5.29      0.00     10.32      0.000  
fulvene            2   464.8       5.29      0.00     10.32      0.000  
A1-                2   464.8       5.29      0.00     10.32      0.000  
A1CH3              2   495.3       5.68      0.43     12.30      1.000  
C6H4C2H4           2   546.2       6.00      0.13     15.00      1.000  
p-xylene           2   546.2       6.00      0.13     15.00      1.000  
p-xylyl            2   546.2       6.00      0.13     15.00      1.000  
p-xylylene         2   546.2       6.00      0.13     15.00      1.000  
o-xylene           2   546.2       6.00      0.13     15.00      1.000  
o-xylyl            2   546.2       6.00      0.13     15.00      1.000  
o-xylylene         2   546.2       6.00      0.13     15.00      1.000  
m-xylene           2   546.2       6.00      0.13     15.00      1.000  
m-xylyl            2   546.2       6.00      0.13     15.00      1.000  
m-xylylene         2   546.2       6.00      0.13     15.00      1.000  
m-xylylene*        2   546.2       6.00      0.13     15.00      1.000  
A1C2H3             2   546.2       6.00      0.13     15.00      1.000  
A1C2H5             2   546.2       6.00      0.13     15.00      1.000  
A1CHCH3            2   546.2       6.00      0.13     15.00      1.000  
A1CH2CH2           2   546.2       6.00      0.13     15.00      1.000  
C6H4C2H5           2   546.2       6.00      0.13     15.00      1.000  
A1CH2              2   495.3       5.68      0.43     12.30      1.000  
C5H5CHCH           2   495.3       5.68      0.43     12.30      1.000  
C7H6               2   495.3       5.68      0.43     12.30      1.000  
C5H5C2H            2   495.3       5.68      0.43     12.30      1.000  
C7H5               2   495.3       5.68      0.43     12.30      1.000  
A1C2H              2   535.6       5.72      0.77     12.00      1.000  
C6H3C2H            2   535.6       5.72      0.77     12.00      1.000  
A2                 2   630.4       6.18      0.00     16.50      1.000  
c-C6H7             2   464.8       5.29      0.00     10.32      0.000  
C5H4O              2   464.8       5.29      0.00     10.32      0.000  
C5H5O              2   464.8       5.29      0.00     10.32      0.000  
C5H4OH             2   464.8       5.29      0.00     10.32      0.000  
A1O                2   464.8       5.29      0.00     10.32      0.000  
A1OH               2   464.8       5.29      0.00     10.32      0.000  

C3H5-A              2   266.800     4.982     0.000     0.000     1.000
C3H5-T              2   266.800     4.982     0.000     0.000     1.000
C3H5-S              2   266.800     4.982     0.000     0.000     1.000
C3H6               2   266.800     4.982     0.000     0.000     1.000
C3H7               2   266.800     4.982     0.000     0.000     1.000
C4H6               2   357.000     5.180     0.000     0.000     1.000
IC3H7              2   266.800     4.982     0.000     0.000     1.000
NC3H7              2   266.800     4.982     0.000     0.000     1.000
C3H8               2   266.800     4.982     0.000     0.000     1.000
C4H                1   357.000     5.180     0.000     0.000     1.000
C4HO               1   357.000     5.180     0.000     0.000     1.000  
C4H2               1   357.000     5.180     0.000     0.000     1.000
IC4H5              2   357.000     5.176     0.000     0.000     1.000
C4H6               2   357.000     5.176     0.000     0.000     1.000
C4H7               2   357.000     5.176     0.000     0.000     1.000
IC4H7              2   357.000     5.176     0.000     0.000     1.000
C4H81              2   357.000     5.176     0.000     0.000     1.000
C4H82              2   357.000     5.176     0.000     0.000     1.000
IC4H8              2   357.000     5.176     0.000     0.000     1.000
TC4H9              2   357.000     5.176     0.000     0.000     1.000
IC4H9              2   357.000     5.176     0.000     0.000     1.000
PC4H9              2   357.000     5.176     0.000     0.000     1.000
SC4H9              2   357.000     5.176     0.000     0.000     1.000
C4H10              2   357.000     5.176     0.000     0.000     1.000
IC4H10             2   357.000     5.176     0.000     0.000     1.000
CH3COCH3           2   357.000     5.176     0.000     0.000     1.000
C2H3CHO            2   357.000     5.176     0.000     0.000     1.000
IC4H7O             2   450.000     5.500     0.000     0.000     1.000 
CH3CHO             2   436.000     3.970     0.000     0.000     2.000
CH3CO              2   436.000     3.970     0.000     0.000     2.000
C5H5O24            2   494         5.2       1.6       0.0       1.0
C5H5O13            2   494         5.2       1.6       0.0       1.0
A1CO               2   593         5.5       2.8       0.0       1.0
A1CHO              2   593         5.47      2.8       0.0       1.0
C6H4O2             2   485         5.425     0.4       0.0       1.0
HOC6H4CH3          2   567         5.60      1.6       0.0       1.0
A1CH2OH            2   572         5.82      1.7       0.0       1.0
A1CH2O             2   495.3       5.68      0.43     12.30      1.000
C5H5OH             2   464.800     5.290     0.000    10.320     0.000  
C5H4OH             2   464.800     5.290     0.000    10.320     0.000  
C6H5C6H5           2   676.5       6.31      0.00     20.00      1.000  
OC6H4CH3           2   567         5.6       1.6       0.0       1.000
P-C6H4O2           2   450.000     5.500     0.000     0.000     1.000
P-C6H3O2           2   450.000     5.500     0.000     0.000     1.000
O-C6H4O2           2   450.000     5.500     0.000     0.000     1.000
O-C6H3O2-1         2   450.000     5.500     0.000     0.000     1.000
O-C6H3O2-2         2   450.000     5.500     0.000     0.000     1.000
P-OC6H5OJ           2   450.000     5.500     0.000     0.000     1.000
O-OC6H5OJ           2   450.000     5.500     0.000     0.000     1.000
OC6H4OH            2   450.000     5.500     0.000     0.000     1.000
C5H3O              2   511.398     5.357     0.000     0.000     1.000 !


C5H52              1   357.000     5.180     0.000     0.000     1.000
C4H5               2   329         5.1       0.0       0.0       1.0
c-C4H5             2   329         5.1       0.0       0.0       1.0
bi-A1CH2           2   620         7.24      0.0       0.0       1.0
o-C6H4             2   464.8       5.29      0.00     10.32      0.000  
A2                 2   630.4       6.18      0.00     16.50      1.000  
C6H4CH3            2   495.3       5.68      0.43     12.30      1.000  

!=======================================taken from ABF===========================================

C5H2               1   357.000     5.180     0.000     0.000     1.000          
C5H3               1   357.000     5.180     0.000     0.000     1.000
C5H4               1   357.000     5.180     0.000     0.000     1.000  
A1C2H*             2   535.6       5.72      0.77     12.00      1.000  
A1C2H-             2   535.6       5.72      0.77     12.00      1.000  
C7H7               2   357.000     5.176     0.000     0.000     1.000
A1CC               2   535.6       5.72      0.77     12.00      1.000  
A1cC2H2            2   535.6       5.72      0.77     12.00      1.000  
C6H4C2H3           2   546.2       6.00      0.13     15.00      1.000  

A1C2H3             2   546.2       6.00      0.13     15.00      1.000  
A1C2H3*            2   546.2       6.00      0.13     15.00      1.000  
A1CCH2             2   546.2       6.00      0.13     15.00      1.000  
C8H2               2   546.2       6.00      0.13     15.00      1.000  
C8H                2   546.2       6.00      0.13     15.00      1.000  
o-C7H8             2   495.3       5.68      0.43     12.30      1.000  
p-C7H8             2   495.3       5.68      0.43     12.30      1.000  
HOC6H4CH2          2   567         5.60      1.6       0.0       1.0


C9H9-1             2   588.677     6.039     0.000     0.000     1.000  
C9H10              2   591.609     6.056     0.000     0.000     1.000  
CH2A1C2H3          2   588.677     6.039     0.000     0.000     1.000  
C9H7CH2            2   622.957     6.238     0.000     0.000     1.000  
C9H6CH2            2   630.4       6.18      0.00     16.50      1.000  
C2H2A1C2H          2   630.4       6.18      0.00     16.50      1.000
C9H8CH3            2   628.578     6.270     0.000     0.000     1.000  
CH2A1C3H5          2   628.578     6.270     0.000     0.000     1.000
C9H7CH3            2   625.772     6.254     0.000     0.000     1.000  
C2H4A1C2H3         2   628.578     6.270     0.000     0.000     1.000  
A1(C2H3)2          2   625.772     6.254     0.000     0.000     1.000  

C9H7               2   586.0       6.09      0.00     16.00      1.000  
C9H8               2   586.0       6.09      0.00     16.00      1.000  
CH3A1C2H3          2   586.0       6.09      0.00     16.00      1.000  
A1CHCHCH3          2   586.0       6.09      0.00     16.00      1.000  
A1C3H2             2   586.0       6.09      0.00     16.00      1.000  
OC6H4C2H5          2   586.0       6.09      0.00     16.00      1.000  
naphthyne          2   630.4       6.18      0.00     16.50      1.000  
A2                 2   630.4       6.18      0.00     16.50      1.000  
A2-                2   630.4       6.18      0.00     16.50      1.000  
C10H9              2   630.4       6.18      0.00     16.50      1.000  
C10H10             2   630.4       6.18      0.00     16.50      1.000  
MeIndene           2   630.4       6.18      0.00     16.50      1.000  
A1C4H4             2   630.4       6.18      0.00     16.50      1.000  
A2-1               2   630.4       6.18      0.00     16.50      1.000  
A2-2               2   630.4       6.18      0.00     16.50      1.000  
A1C2HC2H2          2   630.4       6.18      0.00     16.50      1.000  
A1(C2H)2           2   630.4       6.18      0.00     16.50      1.000  
C10H               2   630.4       6.18      0.00     16.50      1.000  
C10H2              2   630.4       6.18      0.00     16.50      1.000  

C11H8              2   653.1       6.27      0.00     17.00      1.000  
C11H7              2   653.1       6.27      0.00     17.00      1.000  
A2R5               2   693.1       6.47      0.00     18.00      1.000  
A2R5V              2   693.1       6.47      0.00     18.00      1.000  
A2R5E              2   693.1       6.47      0.00     18.00      1.000  
HA2R5              2   693.1       6.47      0.00     18.00      1.000  
BIPHEN             2   693.1       6.47      0.00     18.00      1.000  
BIPHENH            2   693.1       6.47      0.00     18.00      1.000  
A2R5-              2   693.1       6.47      0.00     18.00      1.000  
A2R5V-             2   693.1       6.47      0.00     18.00      1.000  
A2R5E-             2   693.1       6.47      0.00     18.00      1.000  
A2C2H              2   693.1       6.47      0.00     18.00      1.000  
A2C2H2             2   693.1       6.47      0.00     18.00      1.000  
A2C2H*             2   693.1       6.47      0.00     18.00      1.000  
A2C2HA             2   693.1       6.47      0.00     18.00      1.000  
A2C2HA*            2   693.1       6.47      0.00     18.00      1.000  
A2C2HB             2   693.1       6.47      0.00     18.00      1.000  
A2C2HB*            2   693.1       6.47      0.00     18.00      1.000  


p-C13H10           2   523.4       6.568     0.000     0.000     1.000 
p-C13H9            2   523.4       6.568     0.000     0.000     1.000
C13H9              2   523.4     6.568     0.000     0.000     1.000 ! 
C13H10             2   523.4     6.568     0.000     0.000     1.000 ! 
BENZYLBJ           2   523.4     6.568     0.000     0.000     1.000 ! 
C13H12             2   523.4     6.568     0.000     0.000     1.000 ! 

A3                 2   772.0       6.96      0.00     38.80      1.000 
A3L                2   772.0       6.96      0.00     38.80      1.000 
A3-1               2   772.0       6.96      0.00     38.80      1.000 
A3-4               2   772.0       6.96      0.00     38.80      1.000 
A2(C2H)2            2   772.0       6.96      0.00     38.80      1.000 
C14H14             2   772.0       6.96      0.00     38.80      1.000  
C14H12             2   772.0       6.96      0.00     38.80      1.000  
A2R5R5             2   772.0       6.96      0.00     38.80      1.000  
C14H13           2   783.800     6.640     0.000     0.000     1.000 ! 

A4                 2   834.9       7.24      0.00     45.00      1.000 
A4L                2   834.9       7.24      0.00     45.00      1.000 
CHRYSEN            2   834.9       7.24      0.00     45.00      1.000 
A4-                2   834.9       7.24      0.00     45.00      1.000 
A3C2H              2   834.9       7.24      0.00     45.00      1.000 
A3CH2R             2   834.9       7.24      0.00     45.00      1.000 
A3C2H2             2   834.9       7.24      0.00     45.00      1.000 

P2                 2   676.5       6.31      0.00     20.00      1.000 
P2-H               2   676.5       6.31      0.00     20.00      1.000 
P2-                2   676.5       6.31      0.00     20.00      1.000 
!=================================pitcsh===============
C9H6O              2   630.400     6.180     0.000     0.000     1.000

!=======================================MIT===============
A1OCH3             2   450.000     5.754     0.000     0.000     1.000 
A1OA1              2   450.000     6.477     0.000     0.000     1.000 
C6H4OH             2   450.000     5.500     0.000     0.000     1.000 
OC6H4O2            2   450.000     5.500     0.000     0.000     1.000 
PC6H4O2            2   450.000     5.500     0.000     0.000     1.000 
C5H5OH             2   450.000     5.500     0.000     0.000     1.000 
C5H4OH             2   450.000     5.500     0.000     0.000     1.000 
C5H4O              2   450.000     5.500     0.000     0.000     1.000 
C6H3O2             2   450.000     5.500     0.000     0.000     1.000 
C6H3O3             2   450.000     5.500     0.000     0.000     1.000 
A1CHCH             2   450.000     5.646     0.000     0.000     1.000 
A1CH               2   450.000     5.549     0.000     0.000     1.000 
A2R5H2             2   523.4     6.568     0.000     0.000     1.000 
A2R5T              2   523.4     6.568     0.000     0.000     1.000 
A2T1               2   450.0     6.090     0.000     0.000     1.000 
A2T2               2   450.0     6.090     0.000     0.000     1.000 
A2OH-1             2   402.9     6.744     0.000     0.000     1.000 
A2OH-2             2   402.9     6.744     0.000     0.000     1.000 
A2OH-1             2   402.9     6.744     0.000     0.000     1.000 
A2OH-2             2   402.9     6.744     0.000     0.000     1.000 
A2CH3-1            2   402.9     6.744     0.000     0.000     1.000 
A2CH2-1            2   402.9     6.744     0.000     0.000     1.000 
A2CH3-2            2   402.9     6.744     0.000     0.000     1.000 
A2CH2-2            2   402.9     6.744     0.000     0.000     1.000 
A2R5J1             2   523.4     6.568     0.000     0.000     1.000 
A2R5J3             2   523.4     6.568     0.000     0.000     1.000 
A2R5J4             2   523.4     6.568     0.000     0.000     1.000 
A2R5J5             2   523.4     6.568     0.000     0.000     1.000 
A2O-1              2   402.9     6.744     0.000     0.000     1.000 
A2O-2              2   402.9     6.744     0.000     0.000     1.000 
FLTHN              2   776.2     7.407     0.000     0.000     1.000 
A2C6H5-2           2   776.2     7.407     0.000     0.000     1.000 
C18H12             2   776.2     7.407     0.000     0.000     1.000 
C18H11             2   776.2     7.407     0.000     0.000     1.000
BENZOF             2   776.2     7.407     0.000     0.000     1.000 
A2R5J1             2   523.4     6.568     0.000     0.000     1.000 
A2R5J3             2   523.4     6.568     0.000     0.000     1.000 
A2R5J4             2   523.4     6.568     0.000     0.000     1.000 
A2R5J5             2   523.4     6.568     0.000     0.000     1.000 
A2R5YNE1           2   523.4     6.568     0.000     0.000     1.000 
A2R5YNE3           2   523.4     6.568     0.000     0.000     1.000 
A2R5YNE4           2   523.4     6.568     0.000     0.000     1.000 
A2R5YNE5           2   523.4     6.568     0.000     0.000     1.000 
A3CH3              2   523.4     6.568     0.000     0.000     1.000 
A3CH2              2   523.4     6.568     0.000     0.000     1.000 
A3CH2R             2   776.2     7.407     0.000     0.000     1.000 
A3R5               2   776.2     7.407     0.000     0.000     1.000 
A3LR5              2   776.2     7.407     0.000     0.000     1.000 
! 1-15: Species name                                                             
! 16-80: Molecular parameters                                                    
!        molecule index: 0 = atom, 1= linear molec.                              
!                        2 = nonlinear molec.                                    
!        L-J potential well depth, e/kb (K)                                      
!        L-J collision diameter, s,                                             
!        Dipole moment, f, Debye                                                 
!        Polarizability, `, 2                                                   
!        Rotational relaxation number, Zrot at 298K                              
!        Comments                                                               

!lw
!Aramcomech 2.0
C2H4O1-2                     2   436.000     3.970     0.000     0.000     2.000
H2CCC                        2   265.300     3.721     0.000     0.000     1.000
CH2CH2CHO                    2   424.600     4.820     0.000     0.000     1.000
C2H3CO                       2   443.200     4.120     0.000     0.000     1.000
NC3H7O                       2   481.500     4.997     1.700     0.000     1.000
IC3H7O                       2   459.500     5.036     1.700     0.000     1.000
C3H6O1-2                     2   403.600     4.968     2.000     0.000     1.000
CH2CCH2OH                    2   481.500     4.997     1.700     0.000     1.000
SC3H4OH                      2   298.893     5.345     0.000     0.000     1.000
PC3H4OH-2                    2   300.783     5.377     0.000     0.000     1.000
CH3CHCHO                     2   387.860     4.687     0.000     0.000     0.000
CH3COCH2O                    2   447.639     5.086     0.000     0.000     0.000
PC4H9O                       2   496.000     5.200     0.000     0.000     1.000
SC4H9O                       2   496.000     5.200     0.000     0.000     1.000
IC4H9O                       2   496.000     5.200     0.000     0.000     1.000
TC4H9O                       2   496.000     5.200     0.000     0.000     1.000
PC4H8OH                      2   496.000     5.200     0.000     0.000     1.000
SC4H8OH                      2   496.000     5.200     0.000     0.000     1.000
IC4H8OH                      2   496.000     5.200     0.000     0.000     1.000
C4H8O1-2                     2   496.000     5.200     0.000     0.000     1.000
C4H8O2-3                     2   496.000     5.200     0.000     0.000     1.000
IC4H8O                       2   436.400     5.352     0.000     0.000     1.000
IC4H7OH                      2   502.200     5.356     1.800     0.000     1.000
C4H7O                        2   496.000     5.200     0.000     0.000     1.000
IC4H6OH                      2   502.200     5.356     1.800     0.000     1.000
C4H71-1                      2   357.100     4.720     0.000     0.000     1.000
OH*                          1    80.000     2.750     0.000     0.000     0.000
O2CHO                        2   436.000     3.970     0.000     0.000     2.000
HO2CHO                       2   436.000     3.970     0.000     0.000     2.000
OCHO                         2   498.000     3.590     0.000     0.000     2.000

!LLNL
C3H6OH-2                     2   487.900     4.820     0.000     0.000     1.000 
C4H7-1                       2   355.000     4.650     0.000     0.000     1.000 
HOCH2CH2OH				 2	 357.000     5.176     0.000    0.000      1.000 !EST by n-butane ZXY_20160113
HOCH2CHOH					 2	 357.000     5.176     0.000    0.000      1.000 !EST by n-butane ZXY_20160113
HOCH2CH2O          2   357.000     5.176     0.000    0.000      1.000 !EST by n-butane ZXY_20160113
O2CH2CHO                     2   275.049     5.428     0.000     0.000     1.000
HO2CH2CO                     2   279.007     5.505     1.300     0.000     1.000
CH3CO2H            2   357.000     5.176     0.000     0.000     1.000  !=C4H8 Combustion and Flame 170 (2016) 12¨C29
CH2CO2H            2   357.000     5.176     0.000     0.000     1.000  !=C4H8
CH3CO2             2   357.000     5.176     0.000     0.000     1.000  !=C4H8
CH2CHOO            2   395.0       4.037     1.3       0.0       1.0                                                                              
HCOO               2   460.573     1.5       0.000     0.000     1.000 !=HCOOH 
HCOH               2   498.000     3.590     0.000     0.000     1.000
HOCO               2   498.000     3.590     0.000     0.000     2.000 
OCHO               2   498.000     3.590     0.000     0.000     2.000
!ADD
CH3COCOCH3         2   357.000     5.176     0.000     0.000     1.000 !=CH3COCH3
C3H6O3             2   500.000     6.093     2.180     0.237     1.000

!20200206 Add
C4H8-1               2.000      355.000    4.650      0.000      0.000      1.000      !! 
IC4H7-I1             2.000      380.022    4.633      0.000      0.000      0.000 
C4H8-2               2.000      355.000    4.650      0.000      0.000      1.000      !! 
C4H5-I               2.000      357.000    5.180      0.000      0.000      1.000      !! 
C4H5-N               2.000      357.000    5.180      0.000      0.000      1.000      !! 
C4H3-I               2.000      357.000    5.180      0.000      0.000      1.000      !! 
C4H3-N               2.000      357.000    5.180      0.000      0.000      1.000      !! 
CH3O2                2.000      481.800    3.626      0.000      0.000      1.000      !! 
CH3O2H               2.000      481.800    3.626      0.000      0.000      1.000      !! 
CH2O2H               2.000      238.400    3.496      0.000      0.000      1.500      !! 
C2H5O2H              2.000      470.600    4.410      0.000      0.000      1.500      !! 
C2H4O2H              2.000      470.600    4.410      0.000      0.000      1.500      !! 
C2H3OO               2.000      436.000    3.970      0.000      0.000      2.000      !CH3CO2! 
CH3CO3               2.000      436.000    3.970      0.000      0.000      2.000      !! 
CH3CO3H              2.000      436.000    3.970      0.000      0.000      2.000      !! 
PC2H4OH              2.000      470.600    4.410      0.000      0.000      1.500      !! 
O2C2H4OH             2.000      523.200    5.664      1.700      0.000      1.000      !! 
C2H3O1-2             2.000      436.000    3.970      0.000      0.000      2.000      !! 
HO2CH2CHO            2.000      275.049    5.428      0.000      0.000      1.000      !O2CH2CHO! 
CHOCHO               1.000      440.200    4.010      0.000      0.000      2.000      !! 
HOCH2COCH2           2.000      447.639    5.086      0.000      0.000      0.000      !CH3COCH2O! 
HOCH2CHO             2.000      395.000    4.037      1.300      0.000      1.000      !CH3OCHO! 
HOCH2CO              2.000      436.000    3.970      0.000      0.000      2.000      !CH3CO2! 
HOCHCHO              2.000      436.000    3.970      0.000      0.000      2.000      !CH3CO2! 
NC3H7O2H             2.000      481.500    4.997      1.700      0.000      1.000      !! 
NC3H7O2              2.000      481.500    4.997      1.700      0.000      1.000      !! 
IC3H7O2H             2.000      459.500    5.036      1.700      0.000      1.000      !! 
IC3H7O2              2.000      459.500    5.036      1.700      0.000      1.000      !! 
C3H6OOH1-2           2.000      435.200    4.662      2.700      0.000      1.000      !! 
C3H6OOH1-3           2.000      435.200    4.662      2.700      0.000      1.000      !! 
C3H6OOH2-1           2.000      435.200    4.662      2.700      0.000      1.000      !! 
C3H6OOH1-2O2         2.000      435.200    4.662      2.700      0.000      1.000      !! 
C3H6OOH1-3O2         2.000      435.200    4.662      2.700      0.000      1.000      !! 
C3H6OOH2-1O2         2.000      435.200    4.662      2.700      0.000      1.000      !! 
C3H5-1E-2OOH         2.000      481.500    4.997      1.700      0.000      1.000      !! 
C3KET12              2.000      464.200    5.009      2.600      0.000      1.000      !! 
C3KET13              2.000      464.200    5.009      2.600      0.000      1.000      !! 
C3H51-2,3OOH         2.000      549.655    5.716      0.000      0.000      0.000      !! 
C3H52-1,3OOH         2.000      549.655    5.716      0.000      0.000      0.000      !! 
C3H5O1-2OOH-3        2.000      464.200    5.009      2.600      0.000      1.000      !C3KET12! 
C3H5O1-3OOH-2        2.000      464.200    5.009      2.600      0.000      1.000      !C3KET12! 
C3H6O1-2             2.000      403.600    4.968      2.000      0.000      1.000      !! 
C3H6O1-3             2.000      403.600    4.968      2.000      0.000      1.000      !! 
C3H5-SOOH            2.000      481.500    4.997      1.700      0.000      1.000      !! 
CH2CHOCH2            2.000      411.000    4.820      0.000      0.000      1.000      !C3H5O! 
AC4H7OOH             2.000      330.435    5.741      0.000      0.000      1.000      !! 
AC3H5OOH             2.000      481.500    4.997      1.700      0.000      1.000      !! 
PC3H4OH-1            2.000      411.000    4.820      0.000      0.000      1.000      !C3H5O! 
PC3H4OH-3            2.000      411.000    4.820      0.000      0.000      1.000      !C3H5O! 
C3H3O                2.000      301.263    5.055      0.000      0.000      1.000      !! 
C3H3O2H              2.000      301.658    5.310      0.000      0.000      1.000      !! 
C2HCHO               2.000      343.033    4.884      0.000      0.000      1.000      !! 
NC3H7OH              2.000      481.500    4.997      1.700      0.000      1.000      !NC3H7O! 
C3H6OH1-2            2.000      487.900    4.820      0.000      0.000      1.000      !! 
C3H6OH1-3            2.000      487.900    4.820      0.000      0.000      1.000      !! 
SC3H5OH              2.000      304.276    5.450      0.000      0.000      1.000      !! 
HOC3H6O2             2.000      487.900    4.820      0.000      0.000      1.000      !1109! 
IC3H7OH              2.000      481.500    4.997      1.700      0.000      1.000      !NC3H7O! 
C3H6OH2-1            2.000      487.900    4.820      0.000      0.000      1.000      !! 
TC3H6OH              2.000      459.500    5.036      1.700      0.000      1.000      !! 
CH3COCH2O2           2.000      502.115    5.429      0.000      0.000      0.000      !! 
C3KET21              2.000      464.200    5.009      2.600      0.000      1.000      !! 
CH2COHCO             2.000      435.200    4.662      2.700      0.000      1.000      !HOC*CCJ*O! 
CH3COCHOH            2.000      447.639    5.086      0.000      0.000      0.000      !CH3COCH2O! 
PC4H9O2              2.000      496.000    5.200      0.000      0.000      1.000      !! 
SC4H9O2              2.000      496.000    5.200      0.000      0.000      1.000      !! 
PC4H9O2H             2.000      496.000    5.200      0.000      0.000      1.000      !! 
SC4H9O2H             2.000      496.000    5.200      0.000      0.000      1.000      !! 
C4H8OOH1-2           2.000      496.000    5.200      0.000      0.000      1.000      !! 
C4H8OOH1-3           2.000      496.000    5.200      0.000      0.000      1.000      !! 
C4H8OOH1-4           2.000      496.000    5.200      0.000      0.000      1.000      !! 
C4H8OOH2-1           2.000      496.000    5.200      0.000      0.000      1.000      !! 
C4H8OOH2-3           2.000      496.000    5.200      0.000      0.000      1.000      !! 
C4H8OOH2-4           2.000      496.000    5.200      0.000      0.000      1.000      !! 
C4H8O1-4             2.000      496.000    5.200      0.000      0.000      1.000      !! 
C4H8OOH1-2O2         2.000      496.000    5.200      0.000      0.000      1.000      !! 
C4H8OOH1-3O2         2.000      496.000    5.200      0.000      0.000      1.000      !! 
C4H8OOH1-4O2         2.000      496.000    5.200      0.000      0.000      1.000      !! 
C4H8OOH2-1O2         2.000      496.000    5.200      0.000      0.000      1.000      !! 
C4H8OOH2-3O2         2.000      496.000    5.200      0.000      0.000      1.000      !! 
C4H8OOH2-4O2         2.000      496.000    5.200      0.000      0.000      1.000      !! 
C4H71-2,4OOH         2.000      496.000    5.200      0.000      0.000      1.000      !C4H8OOH1-2O2! 
C4H72-1,3OOH         2.000      496.000    5.200      0.000      0.000      1.000      !C4H8OOH1-2O2! 
C4H72-1,4OOH         2.000      496.000    5.200      0.000      0.000      1.000      !C4H8OOH1-2O2! 
C4H71-2,3OOH         2.000      496.000    5.200      0.000      0.000      1.000      !C4H8OOH1-2O2! 
C4H7O1-3OOH-4        2.000      476.000    5.778      2.600      0.000      1.000      !NC4KET12! 
C4H7O1-3OOH-2        2.000      476.000    5.778      2.600      0.000      1.000      !NC4KET12! 
C4H7O1-2OOH-4        2.000      476.000    5.778      2.600      0.000      1.000      !NC4KET12! 
C4H7O1-4OOH-2        2.000      476.000    5.778      2.600      0.000      1.000      !NC4KET12! 
C4H7O1-2OOH-3        2.000      476.000    5.778      2.600      0.000      1.000      !NC4KET12! 
C4H7O2-3OOH-1        2.000      476.000    5.778      2.600      0.000      1.000      !NC4KET12! 
C4H72-1OOH           2.000      496.000    5.200      0.000      0.000      1.000      !C4H8O2-3! 
NC4KET12             2.000      476.000    5.778      2.600      0.000      1.000      !! 
NC4KET13             2.000      476.000    5.778      2.600      0.000      1.000      !! 
NC4KET14             2.000      476.000    5.778      2.600      0.000      1.000      !! 
NC4KET21             2.000      476.000    5.778      2.600      0.000      1.000      !! 
NC4KET23             2.000      476.000    5.778      2.600      0.000      1.000      !! 
NC4KET24             2.000      476.000    5.778      2.600      0.000      1.000      !! 
C4H71-3OOH           2.000      496.000    5.200      0.000      0.000      1.000      !C4H8O2-3! 
C4H71-4OOH           2.000      496.000    5.200      0.000      0.000      1.000      !C4H8O2-3! 
C4H71-3,4OOH         2.000      496.000    5.200      0.000      0.000      1.000      !C4H8OOH1-2O2! 
C4H72-3,4OOH         2.000      496.000    5.200      0.000      0.000      1.000      !C4H8OOH1-2O2! 
C4H71-O              2.000      496.000    5.200      0.000      0.000      1.000      !! 
NC3H7CHO             2.000      464.200    5.009      2.600      0.000      1.000      !! 
NC3H7CO              2.000      464.200    5.009      2.600      0.000      1.000      !! 
C3H6CHO-1            2.000      464.200    5.009      2.600      0.000      1.000      !! 
C3H6CHO-2            2.000      464.200    5.009      2.600      0.000      1.000      !! 
C3H6CHO-3            2.000      464.200    5.009      2.600      0.000      1.000      !! 
CH3CHOOCOCH3         2.000      546.562    5.698      0.000      0.000      0.000      !! 
CH2CHOOHCOCH3        2.000      546.562    5.698      0.000      0.000      0.000      !! 
C2H5CHCO             2.000      436.950    5.016      0.000      0.000      0.000      !! 
IC3H7CHO             2.000      436.400    5.352      0.000      0.000      1.000      !! 
SC4H7OH-I            2.000      436.400    5.352      0.000      0.000      1.000      !IC4H8O! 
IC3H7CO              2.000      436.400    5.352      0.000      0.000      1.000      !! 
SC4H7OH-I            2.000      436.400    5.352      0.000      0.000      1.000      !IC4H8O! 
C3H6OH1-1            2.000      481.500    4.997      1.700      0.000      1.000      !NC3H7O! 
IC3H7CO              2.000      436.400    5.352      0.000      0.000      1.000      !! 
IC3H6CHO             2.000      436.400    5.352      0.000      0.000      1.000      !! 
TC3H6CHO             2.000      436.400    5.352      0.000      0.000      1.000      !! 
IC3H5CO              2.000      436.400    5.352      0.000      0.000      1.000      !! 
C4H8O1-3             2.000      496.000    5.200      0.000      0.000      1.000      !! 
SC3H5CHO             2.000      464.200    5.009      2.600      0.000      1.000      !! 
SC3H5CO              2.000      464.200    5.009      2.600      0.000      1.000      !! 
AC3H5OCH2            2.000      523.200    5.664      1.700      0.000      1.000      !SC3H5OCH2! 
IC3H4CHO-A           2.000      436.400    5.352      0.000      0.000      1.000      !IC3H5CO! 
TC3H6O2CHO           2.000      436.400    5.352      0.000      0.000      1.000      !! 
IC3H5O2HCHO          2.000      436.400    5.352      0.000      0.000      1.000      !! 
TC3H6O2HCO           2.000      436.400    5.352      0.000      0.000      1.000      !! 
TC3H6OCHO            2.000      436.400    5.352      0.000      0.000      1.000      !! 
C4H72-2O2            2.000      436.400    5.352      0.000      0.000      1.000      !TC3H6OCHO! 
C3H3CH2OOH           2.000      472.749 	5.501    0.000      0.000      1.000 	 !1,3-butadiene			
C3H3CH2O             2.000      536.125 	5.088    0.000      0.000      1.000 	 			
C3H3CHO              2.000      536.125 	5.088    0.000      0.000      1.000 	 			
IC4H9O2              2.000      502.252    5.430      0.000      0.000      0.000      !! 
TC4H9O2              2.000      502.252    5.430      0.000      0.000      0.000      !! 
IC4H8O2H-I           2.000      502.200    5.356      1.800      0.000      1.000      !! 
IC4H8O2H-T           2.000      502.200    5.356      1.800      0.000      1.000      !! 
TC4H8O2H-I           2.000      502.200    5.356      1.800      0.000      1.000      !! 
CC4H8O               2.000      444.197    5.063      0.000      0.000      0.000      !! 
IC4H8OOH-IO2         2.000      600.078    6.009      0.000      0.000      0.000      !! 
IC4H8OOH-TO2         2.000      600.078    6.009      0.000      0.000      0.000      !! 
TC4H8OOH-IO2         2.000      600.078    6.009      0.000      0.000      0.000      !! 
IC4KETII             2.000      549.655    5.716      0.000      0.000      0.000      !! 
IC4KETIT             2.000      549.655    5.716      0.000      0.000      0.000      !! 
TIC4H7Q2-I           2.000      600.078    6.009      0.000      0.000      0.000      !! 
IIC4H7Q2-I           2.000      600.078    6.009      0.000      0.000      0.000      !! 
IIC4H7Q2-T           2.000      600.078    6.009      0.000      0.000      0.000      !! 
IC4H7OOH             2.000      436.400    5.352      0.000      0.000      1.000      !! 
IC4H9O2H             2.000      505.540    5.450      0.000      0.000      0.000      !! 
TC4H9O2H             2.000      505.540    5.450      0.000      0.000      0.000      !! 
IC4H8                2.000      344.500    5.089      0.500      0.000      1.000      !! 
IC4H7                2.000      355.000    4.650      0.000      0.000      1.000      !! 
IC4H7-I1             2.000      380.022    4.633      0.000      0.000      0.000      !! 
IC4H7O2              2.000      436.400    5.352      0.000      0.000      1.000      !TC3H6OCHO! 
IC4H6OOH-I           2.000      436.400    5.352      0.000      0.000      1.000      !TC3H6OCHO! 
CCYCCOOC-T1          2.000      436.400    5.352      0.000      0.000      1.000      !TC3H6OCHO! 
C2CYCOOC-I1          2.000      436.400    5.352      0.000      0.000      1.000      !TC3H6OCHO! 
CCYCCOOC-I2          2.000      436.400    5.352      0.000      0.000      1.000      !TC3H6OCHO! 
IC3H5OOCH2           2.000      436.400    5.352      0.000      0.000      1.000      !TC3H6OCHO! 
CHOIC3H6O            2.000      436.400    5.352      0.000      0.000      1.000      !TC3H6OCHO! 
CVCYCCOC             2.000      436.400    5.352      0.000      0.000      1.000      !IC3H6CO! 
CCYC2OCO             2.000      436.400    5.352      0.000      0.000      1.000      !TC3H6OCHO! 
CCYCCO-T1            2.000      411.000    4.820      0.000      0.000      1.000      !C3H5O! 
IC3H5OCH2            2.000      496.000    5.200      0.000      0.000      1.000      !C4H7O! 
C4H7O1-4             2.000      476.000    5.778      2.600      0.000      1.000      !! 
C4H7O2-1             2.000      436.400    5.352      0.000      0.000      1.000      !IC4H7OOH! 
SC3H5OCH2-1          2.000      496.000    5.200      0.000      0.000      1.000      !C4H7O! 
C4H71-1O2            2.000      436.400    5.352      0.000      0.000      1.000      !TC3H6OCHO! 
C4H71-2O2            2.000      436.400    5.352      0.000      0.000      1.000      !TC3H6OCHO! 
C4H71-4O2            2.000      436.400    5.352      0.000      0.000      1.000      !TC3H6OCHO! 
C4H61-3OOH4          2.000      436.400    5.352      0.000      0.000      1.000      !TC3H6OCHO! 
SC3H5OCH2-1          2.000      496.000    5.200      0.000      0.000      1.000      !C4H7O! 
C4H71-1O2            2.000      436.400    5.352      0.000      0.000      1.000      !TC3H6OCHO! 
C4H71-2O2            2.000      436.400    5.352      0.000      0.000      1.000      !TC3H6OCHO! 
C4H71-4O2            2.000      436.400    5.352      0.000      0.000      1.000      !TC3H6OCHO! 
C4H61-3OOH4          2.000      436.400    5.352      0.000      0.000      1.000      !TC3H6OCHO! 
C4H6O1-3OOH4         2.000      436.400    5.352      0.000      0.000      1.000      !TC3H6O2CHO! 
C4H6O2-1OOH4         2.000      436.400    5.352      0.000      0.000      1.000      !TC3H6O2CHO! 
SC4H8OH-1O2          2.000      502.200    5.356      1.800      0.000      1.000      !C4H8OH-1O2! 
SC4H8OH-3O2          2.000      502.200    5.356      1.800      0.000      1.000      !C4H8OH-1O2! 
PQC4H8OS             2.000      502.200    5.356      1.800      0.000      1.000      !C4H8OH-1O2! 
PQC4H7OHS-3          2.000      502.200    5.356      1.800      0.000      1.000      !C4H8OH-1O2! 
SQC4H7OHS-4          2.000      502.200    5.356      1.800      0.000      1.000      !C4H8OH-1O2! 
SQC4H8OS             2.000      502.200    5.356      1.800      0.000      1.000      !C4H8OH-1O2! 
NC4KET12OH           2.000      436.400    5.352      0.000      0.000      1.000      !IC4H7OOH! 
NC4KET23OH           2.000      436.400    5.352      0.000      0.000      1.000      !IC4H7OOH! 
CH3COCOHCH3          2.000      436.400    5.352      0.000      0.000      1.000      !TC3H6OCHO! 
CH3COHCO             2.000      301.658    5.310      0.000      0.000      1.000      !C3H3O2H! 
CH2COHCHO            2.000      301.658    5.310      0.000      0.000      1.000      !C3H3O2H! 
C4H71-3OH            2.000      436.400    5.352      0.000      0.000      1.000      !IC4H8O! 
C4H72-2OH            2.000      436.400    5.352      0.000      0.000      1.000      !IC4H8O! 
C4H63,1-3OH          2.000      496.000    5.200      0.000      0.000      1.000      !C4H7O! 
CCY(COCC)OH          2.000      436.400    5.352      0.000      0.000      1.000      !IC4H7OOH! 
SQC4H7OHS-4O2        2.000      523.200    5.664      1.700      0.000      1.000      !C5H10OOH1-2O2! 
C4H7O2-1,3OOH        2.000      523.200    5.664      1.700      0.000      1.000      !C5H10OOH1-2O2! 
NC4KET13OH-2         2.000      597.176    5.992      0.000      0.000      0.000      !IC4H6Q2-II! 
C4H6OHOOH1-2-3       2.000      476.000    5.778      2.600      0.000      1.000      !NC4KET12! 
SC2H2OH              2.000      436.000    3.970      0.000      0.000      2.000      !CH3CO! 
CH2COHCO             2.000      435.200    4.662      2.700      0.000      1.000      !HOC*CCJ*O! 
PC4H8OH-1            2.000      496.000    5.200      0.000      0.000      1.000      !PC4H9O! 
PC4H8OH-2            2.000      496.000    5.200      0.000      0.000      1.000      !PC4H9O! 
PC4H8OH-3            2.000      496.000    5.200      0.000      0.000      1.000      !PC4H9O! 
PC4H8OH-4            2.000      496.000    5.200      0.000      0.000      1.000      !PC4H9O! 
PC4H8OH-2O2          2.000      502.200    5.356      1.800      0.000      1.000      !C4H8OH-1O2! 
SQC4H8OP             2.000      502.200    5.356      1.800      0.000      1.000      !C4H8OH-1O2! 
SQC4H7OHP-4          2.000      502.200    5.356      1.800      0.000      1.000      !C4H8OH-1O2! 
CY(CCCO)COH          2.000      436.400    5.352      0.000      0.000      1.000      !IC4H7OOH! 
NC4KET21OH           2.000      436.400    5.352      0.000      0.000      1.000      !IC4H7OOH! 
C2H5CHOHCO           2.000      436.400    5.352      0.000      0.000      1.000      !TC3H6OCHO! 
C2H4COCH2OH          2.000      436.400    5.352      0.000      0.000      1.000      !TC3H6OCHO! 
CH3COCHO             2.000      301.658    5.310      0.000      0.000      1.000      !C3H3O2H! 
C4H71-1OH            2.000      436.400    5.352      0.000      0.000      1.000      !IC4H8O! 
C4H71-4OH            2.000      436.400    5.352      0.000      0.000      1.000      !IC4H8O! 
C4H72-1OH            2.000      436.400    5.352      0.000      0.000      1.000      !IC4H8O! 
C4H71-2OH            2.000      436.400    5.352      0.000      0.000      1.000      !IC4H8O! 
C4H63,1-2OH          2.000      496.000    5.200      0.000      0.000      1.000      !C4H7O! 
C4H64,2-1OH          2.000      496.000    5.200      0.000      0.000      1.000      !C4H7O! 
C4H64,2-1OH          2.000      436.400    5.352      0.000      0.000      1.000      !!IC3H7CO 
C4H64,2-1OH          2.000      496.000    5.200      0.000      0.000      1.000      !C4H7O! 
C4H64,2-1OH          2.000      436.400    5.352      0.000      0.000      1.000      !!IC3H7CO 
C4H63,1-1OH          2.000      496.000    5.200      0.000      0.000      1.000      !C4H7O! 
C4H5OH-13            2.000      436.400    5.352      0.000      0.000      1.000      !IC3H6CO! 
SQC4H7OHP-4O2        2.000      523.200    5.664      1.700      0.000      1.000      !C5H10OOH1-2O2! 
PQC4H7OHS-3O2        2.000      523.200    5.664      1.700      0.000      1.000      !C5H10OOH1-2O2! 
NC4KET24OH-1         2.000      597.176    5.992      0.000      0.000      0.000      !IC4H6Q2-II! 
NC4KET24OH-3         2.000      597.176    5.992      0.000      0.000      0.000      !IC4H6Q2-II! 
C4H6OHOOH1-4-3       2.000      476.000    5.778      2.600      0.000      1.000      !NC4KET12! 
C4H6OHOOH1-4-3       2.000      476.000    5.778      2.600      0.000      1.000      !NC4KET12!C4H7O1-3OOH-4 
C4H6OHOOH1-4-3       2.000      476.000    5.778      2.600      0.000      1.000      !NC4KET12! 
C4H6OHOOH1-4-3       2.000      476.000    5.778      2.600      0.000      1.000      !NC4KET12!C4H7O1-3OOH-4 
C4H6OHOOH1-4-3       2.000      476.000    5.778      2.600      0.000      1.000      !NC4KET12! 
C4H6OHOOH1-4-3       2.000      476.000    5.778      2.600      0.000      1.000      !NC4KET12!C4H7O1-3OOH-4 
C4H6OHOOH1-4-3       2.000      476.000    5.778      2.600      0.000      1.000      !NC4KET12! 
C4H6OHOOH1-4-3       2.000      476.000    5.778      2.600      0.000      1.000      !NC4KET12!C4H7O1-3OOH-4 
C4H6OHOOH1-4-3       2.000      476.000    5.778      2.600      0.000      1.000      !NC4KET12! 
C4H6OHOOH1-4-3       2.000      476.000    5.778      2.600      0.000      1.000      !NC4KET12!C4H7O1-3OOH-4 
C4H6OHOOH1-4-3       2.000      476.000    5.778      2.600      0.000      1.000      !NC4KET12! 
C4H6OHOOH1-4-3       2.000      476.000    5.778      2.600      0.000      1.000      !NC4KET12!C4H7O1-3OOH-4 
C4H6OHOOH1-4-3       2.000      476.000    5.778      2.600      0.000      1.000      !NC4KET12! 
C4H6OHOOH1-4-3       2.000      476.000    5.778      2.600      0.000      1.000      !NC4KET12!C4H7O1-3OOH-4 
C4H6OHOOH1-4-3       2.000      476.000    5.778      2.600      0.000      1.000      !NC4KET12! 
C4H6OHOOH1-4-3       2.000      476.000    5.778      2.600      0.000      1.000      !NC4KET12!C4H7O1-3OOH-4 
C4H6OHOOH2-2-1       2.000      476.000    5.778      2.600      0.000      1.000      !NC4KET12! 
C4H6OHOOH1-3-4       2.000      476.000    5.778      2.600      0.000      1.000      !NC4KET12! 
HOCH2COCH2           2.000      447.639    5.086      0.000      0.000      0.000      !CH3COCH2O! 
HOCH2CHO             2.000      395.000    4.037      1.300      0.000      1.000      !CH3OCHO! 
HOCH2CO              2.000      436.000    3.970      0.000      0.000      2.000      !CH3CO2! 
HOCHCHO              2.000      436.000    3.970      0.000      0.000      2.000      !CH3CO2! 
CH3COCHOH            2.000      447.639    5.086      0.000      0.000      0.000      !CH3COCH2O! 
IC4H8OH-IT           2.000      496.000    5.200      0.000      0.000      1.000      !PC4H9O! 
IC4H8OH-TI           2.000      496.000    5.200      0.000      0.000      1.000      !PC4H9O! 
TQJC4H8OH            2.000      502.200    5.356      1.800      0.000      1.000      !C4H8OH-1O2! 
TQC4H7OHI            2.000      502.200    5.356      1.800      0.000      1.000      !C4H8OH-1O2! 
IQJC4H8OH            2.000      502.200    5.356      1.800      0.000      1.000      !C4H8OH-1O2! 
TQC4H8OI             2.000      502.200    5.356      1.800      0.000      1.000      !C4H8OH-1O2! 
QC4H7OHP             2.000      502.200    5.356      1.800      0.000      1.000      !C4H8OH-1O2! 
IQC4H8OT             2.000      502.200    5.356      1.800      0.000      1.000      !C4H8OH-1O2! 
IQC4H7OHT            2.000      502.200    5.356      1.800      0.000      1.000      !C4H8OH-1O2! 
CCY(CCOC)OH          2.000      436.400    5.352      0.000      0.000      1.000      !IC4H7OOH! 
CCY(CCO)COH          2.000      436.400    5.352      0.000      0.000      1.000      !IC4H7OOH! 
C2CY(COC)OH          2.000      436.400    5.352      0.000      0.000      1.000      !IC4H7OOH! 
IC3H6OHCHO           2.000      436.400    5.352      0.000      0.000      1.000      !IC4H7OOH! 
CH2COHCH2OOH         2.000      464.200    5.009      2.600      0.000      1.000      !C3KET12! 
TQC4H7OHIO2          2.000      523.200    5.664      1.700      0.000      1.000      !C5H10OOH1-2O2! 
TQC4H7OHTO2          2.000      523.200    5.664      1.700      0.000      1.000      !C5H10OOH1-2O2! 
TQC4H7OHIQ-I         2.000      523.200    5.664      1.700      0.000      1.000      !C5H10OOH1-2O2! 
TQC4H7OHIQ-P         2.000      523.200    5.664      1.700      0.000      1.000      !C5H10OOH1-2O2! 
IQC4H7OHTO2          2.000      523.200    5.664      1.700      0.000      1.000      !C5H10OOH1-2O2! 
IQC4H8OTQ-I          2.000      523.200    5.664      1.700      0.000      1.000      !C5H10OOH1-2O2! 
IQC4H7OHTQ-P         2.000      523.200    5.664      1.700      0.000      1.000      !C5H10OOH1-2O2! 
CH2CQCOHQ            2.000      496.000    5.200      0.000      0.000      1.000      !C4H8OOH1-2O2! 
IC3H5COHQ            2.000      476.000    5.778      2.600      0.000      1.000      !NC4KET12! 
IC3H5Q               2.000      481.500    4.997      1.700      0.000      1.000      !AC3H5OOH! 
COHQCYC(COC)         2.000      597.176    5.992      0.000      0.000      0.000      !IC4H6Q2-II! 
QCYC(CCOC)OH         2.000      597.176    5.992      0.000      0.000      0.000      !IC4H6Q2-II! 
HOCOCQ(CH3)2         2.000      597.176    5.992      0.000      0.000      0.000      !IC4H6Q2-II! 
CHOC(CH3)OHCH2Q      2.000      597.176    5.992      0.000      0.000      0.000      !IC4H6Q2-II! 
CO(CH2OOH)2          2.000      496.000    5.200      0.000      0.000      1.000      !C4H8OOH1-2O2! 
NC4H5O2              2.000      496.000    5.200      0.000      0.000      1.000      !!OC4H5O 
C2H3CHOHCH2          2.000      436.400    5.352      0.000      0.000      1.000      !!IC3H7CO 
C2H3CHOHCH2OO        2.000      436.400    5.352      0.000      0.000      1.000      !!TC3H6O2CHO 
C3H4CH2OH-3O         2.000      436.400    5.352      0.000      0.000      1.000      !!TC3H6OCHO 
C3H4OCH2OH           2.000      436.400    5.352      0.000      0.000      1.000      !!TC3H6OCHO 
C2H3OCHCH2OH         2.000      436.400    5.352      0.000      0.000      1.000      !!TC3H6OCHO 
CH2CH2COCH2OH        2.000      436.400    5.352      0.000      0.000      1.000      !!TC3H6OCHO 
C2H3COCH2OH          2.000      496.000    5.200      0.000      0.000      1.000      !!OC4H6O 
C3H4CH2OH-1OOH       2.000      476.000    5.778      2.600      0.000      1.000      !NC4KET12!C4H7O1-3OOH-4 
C3H4CH2OH-1O         2.000      436.400    5.352      0.000      0.000      1.000      !!TC3H6OCHO 
CH2OC3H4OH           2.000      436.400    5.352      0.000      0.000      1.000      !!TC3H6OCHO 
CHOC3H4OH            2.000      496.000    5.200      0.000      0.000      1.000      !!OC4H6O 
C4H71-OO3            2.000      436.400    5.352      0.000      0.000      1.000      !!TC3H6OCHO 
C4H61-4OOH3          2.000      436.400    5.352      0.000      0.000      1.000      !!TC3H6OCHO 
C4H512-OO4           2.000      496.000    5.200      0.000      0.000      1.000      !!OC4H5O 
C4H513-OO2           2.000      496.000    5.200      0.000      0.000      1.000      !!OC4H5O 
CYCCCOO-3J           2.000      496.000    5.200      0.000      0.000      1.000      !!OC4H5O 
CH2CYCOO-CH2         2.000      496.000    5.200      0.000      0.000      1.000      !!OC4H5O 
C2H3COOCH2           2.000      496.000    5.200      0.000      0.000      1.000      !!OC4H5O 
CYCOOC-CH2           2.000      496.000    5.200      0.000      0.000      1.000      !!OC4H5O 
IC4H6Q2-II           2.000      597.176    5.992      0.000      0.000      0.000      !! 
OC4H6O               2.000      496.000    5.200      0.000      0.000      1.000      !! 
OC4H5O               2.000      496.000    5.200      0.000      0.000      1.000      !! 
CJVCCVO              2.000      443.200    4.120      0.000      0.000      1.000      !C2H3CO! 
HOCVCCVO             2.000      435.200    4.662      2.700      0.000      1.000      !! 
HOCVCCJVO            2.000      435.200    4.662      2.700      0.000      1.000      !! 
C3Y1-3OR             2.000      447.639    5.086      0.000      0.000      0.000      !CH3COCH2O! 
C4Y1-3OR             2.000      436.400    5.352      0.000      0.000      1.000      !TC3H6OCHO! 
CH3OCH3              2.000      395.000    4.037      1.300      0.000      1.000      !! 
CH3OCH2              2.000      395.000    4.037      1.300      0.000      1.000      !! 
CH3OCH2O2H           2.000      395.000    4.037      1.300      0.000      1.000      !! 
CH3OCH2O2            2.000      395.000    4.037      1.300      0.000      1.000      !! 
CH2OCH2O2H           2.000      395.000    4.037      1.300      0.000      1.000      !! 
O2CH2OCH2O2H         2.000      395.000    4.037      1.300      0.000      1.000      !! 
HO2CH2OCHO           2.000      395.000    4.037      1.300      0.000      1.000      !! 
OCH2OCHO             2.000      395.000    4.037      1.300      0.000      1.000      !! 
HOCH2OCO             2.000      395.000    4.037      1.300      0.000      1.000      !! 
CH3OCH2OH            2.000      405.540    5.690      0.000      0.000      1.000      !\AUTHOR: KPS !\REF: DAMES, CNF, 2016 !\COMMENT: 
CH3OCH2O             2.000      395.000    4.037      1.300      0.000      1.000      !! 
CH3OCHO              2.000      395.000    4.037      1.300      0.000      1.000      !! 
CH3OCO               2.000      395.000    4.037      1.300      0.000      1.000      !! 
C2H3CHOHCH2O         2.000      545.780 	5.311    0.000      0.000      1.000 	 			
C4H51,3OH2           2.000      457.513 	5.165    0.000      0.000      1.000 	 			
C2H3CHOHCHO          2.000      442.403 	5.963    0.000      0.000      1.000 	 			
C4H5OH1-4OOH         2.000      604.710 	5.198    0.000      0.000      1.000 	 			
C4H5OH1-4OOH-2OO     2.000      640.265 	5.489    0.000      0.000      1.000 	 			
C3H3OHCHO1-2OOH      2.000      518.392 	6.263    0.000      0.000      1.000 	 			
C4H5OH1-2,4OOH       2.000      581.197 	5.763    0.000      0.000      1.000 	 			
C4H5OJ1-2,4OOH       2.000      640.265 	5.489    0.000      0.000      1.000 	 			
C3H3OH               2.000      410.672 	5.127    0.000      0.000      1.000 	 			
CDY(COCC)OH          2.000      458.290 	5.221    0.000      0.000      1.000 	 			
C3H2OHCH2Q           2.000      543.609 	5.522    0.000      0.000      1.000 	 			
C2H3COCH2Q           2.000      477.796 	5.386    0.000      0.000      1.000 	 			
C2H3CHOHCH2OOH       2.000      480.901 	5.726    0.000      0.000      1.000 	 			
C4H61-OOH3-OO4       2.000      564.658 	5.468    0.000      0.000      1.000 	 			
C4H61-2OOH34         2.000      556.604 	5.647    0.000      0.000      1.000 	 			
C4H61-OOH34          2.000      487.548 	5.717    0.000      0.000      1.000 	 			
C4H61-OOH34-OO2      2.000      646.667 	5.567    0.000      0.000      1.000 	 			
C4H412-OOH34         2.000      471.589 	5.435    0.000      0.000      1.000 	 			
C3H3CHO-OOH23        2.000      513.728 	6.142    0.000      0.000      1.000 	 			
C4H4O-OOH24          2.000      560.953 	5.486    0.000      0.000      1.000       
CH2CCO               2.000      419.557 	4.557    0.000      0.000      1.000 
C4H62-OOH14          2.000      499.060 	5.971    0.000      0.000      1.000 

!Workbench
CH3CHO2H    2 415.2 4.6 0.000 0.000 1.000
CH2CO2      2 415.2 4.6 0.000 0.000 1.000
OCHOCHO     2 415.2 4.6 0.000 0.000 1.000
IC4H6OOH-IO2    2 415.2 4.6 0.000 0.000 1.000
IC4H6KET        2 415.2 4.6 0.000 0.000 1.000
IC4H6(OOH)     2 415.2 4.6 0.000 0.000 1.000
IC4H6O(OOH)     2 415.2 4.6 0.000 0.000 1.000
C4H71-3O2     2 415.2 4.6 0.000 0.000 1.000
C4H72-1O2     2 415.2 4.6 0.000 0.000 1.000
C4H6OOH13-I      2 415.2 4.6 0.000 0.000 1.000
C4H6OOH14-I      2 415.2 4.6 0.000 0.000 1.000
C4H6OOH21-I     2 415.2 4.6 0.000 0.000 1.000
C2H3CYC2O        2 415.2 4.6 0.000 0.000 1.000
C4H6OOH13-IO2     2 415.2 4.6 0.000 0.000 1.000
C4H6OOH14-IO2    2 415.2 4.6 0.000 0.000 1.000
C4H6OOH21-IO2     2 415.2 4.6 0.000 0.000 1.000
C4H6KET13       2 415.2 4.6 0.000 0.000 1.000
C4H6KET14       2 415.2 4.6 0.000 0.000 1.000
C4H6KET21       2 415.2 4.6 0.000 0.000 1.000
C4H6(OOH)13     2 415.2 4.6 0.000 0.000 1.000
C4H6O(OOH)13    2 415.2 4.6 0.000 0.000 1.000
C4H6O(OOH)14    2 415.2 4.6 0.000 0.000 1.000
C4H6(OOH)21     2 415.2 4.6 0.000 0.000 1.000
C4H6O(OOH)21    2 415.2 4.6 0.000 0.000 1.000

EV                 2   473.8   5.849   1.71 10.41 1.0 !  calc Smhp 09
EV5J                 2   473.8   5.849   1.71 10.41 1.0 !  calc Smhp 09
EV4J                2   473.8   5.849   1.71 10.41 1.0 !  calc Smhp 09
EV3J                 2   473.8   5.849   1.71 10.41 1.0 !  calc Smhp 09
EV2J                 2   473.8   5.849   1.71 10.41 1.0 !  calc Smhp 09
EVEJ                 2   473.8   5.849   1.71 10.41 1.0 !  calc Smhp 09
EVMJ                 2   473.8   5.849   1.71 10.41 1.0 !  calc Smhp 09
MVMJ      2     515.61     5.99     1.61     12.44     1        !calc (Smhp 09), same as mpe
C4H9CO2              2   473.8   5.849   1.71 10.41 1.0 !  calc Smhp 09
C4H9CO                2        482.8        6.28        0        0        1        ! dag dummy
COOC2H5              2   473.8   5.849   1.71 10.41 1.0 !  calc Smhp 09
EA2J                 2   473.8   5.849   1.71 10.41 1.0 !  CALC SMHP 09
EAEJ                 2   473.8   5.849   1.71 10.41 1.0 !  CALC SMHP 09
EP3J                 2   473.8   5.849   1.71 10.41 1.0 !  CALC SMHP 09
EPEJ                 2   473.8   5.849   1.71 10.41 1.0 !  CALC SMHP 09
EPMJ                 2   473.8   5.849   1.71 10.41 1.0 !  CALC SMHP 09
EB4J                 2   473.8   5.849   1.71 10.41 1.0 !  calc Smhp 09
EP2D                 2   473.8   5.849   1.71 10.41 1.0 !  calc Smhp 09
EP2DEJ               2   473.8   5.849   1.71 10.41 1.0 !ep2d
EP2DMJ               2   473.8   5.849   1.71 10.41 1.0 !ep2d
C2H3CO2                2         482.8        6.28        0        0        1        ! dag dummy   
EB3D                 2   473.8   5.849   1.71 10.41 1.0 !  calc Smhp 09
EB3D2J     2   473.8   5.849   1.71 10.41 1.0 !eb3d
EB3DEJ      2   473.8   5.849   1.71 10.41 1.0 !  eb3d
EB3DMJ           2   473.8   5.849   1.71 10.41 1.0 ! eb3d
C3H5CO                2   464.2   5.009   2.6 0.0 1.0 !   TCPC
C3H5CO2              2   473.8   5.849   1.71 10.41 1.0 !C3H5COOH-1
C3H7CHCO        2        357        5.18        0        0        1        ! same as c3h5co
C4H7CO                2        481.5        5.65        2.59        9.93        1        !calc        (Smhp        09),
!!!@CC3H6CHCO       
!!!@BC3H6CHCO
C2H3COOH              2   473.8   5.849   1.71 10.41 1.0 !  calc Smhp 09
CH2COOH              2   473.8   5.849   1.71 10.41 1.0 !  calc Smhp 09
CH2CH2COOH              2   473.8   5.849   1.71 10.41 1.0 !  calc Smhp 09
RBUTANOICC              2   473.8   5.849   1.71 10.41 1.0 !  calc Smhp 09
HOCO                  2   498.0   3.590   0.0 0.0 2.0 !   wjp
CH3CHCO            2   443.200     4.120     0.000     0.000     1.000 ! nmm
C2H3CHCO              2   464.2   5.009   2.9 0.0 1.0

C4H9COOH              2   473.8   5.849   1.71 10.41 1.0 !  calc Smhp 09
RPENTANOICD              2   473.8   5.849   1.71 10.41 1.0 !  calc Smhp 09
RPENTANOICC              2   473.8   5.849   1.71 10.41 1.0 !  calc Smhp 09
RPENTANOICB              2   473.8   5.849   1.71 10.41 1.0 !  calc Smhp 09
RPENTANOICA              2   473.8   5.849   1.71 10.41 1.0 !  calc Smhp 09
C4H7COOH-1              2   473.8   5.849   1.71 10.41 1.0 !  calc Smhp 09
C3H5COOH-1              2   473.8   5.849   1.71 10.41 1.0 !  calc Smhp 09
C2H5CO2             2   464.2   5.009   2.9 0.0 1.0
EV4D                 2   473.8   5.849   1.71 10.41 1.0 !  CALC SMHP 09
EV3D                 2   473.8   5.849   1.71 10.41 1.0 !  CALC SMHP 09
EV2D                 2   473.8   5.849   1.71 10.41 1.0 !  CALC SMHP 09
EVED                 2   473.8   5.849   1.71 10.41 1.0 !  CALC SMHP 09
EAEJ                 2   473.8   5.849   1.71 10.41 1.0 !  CALC SMHP 09
EAMJ                 2   473.8   5.849   1.71 10.41 1.0 !  CALC SMHP 09
CH3CO2                2   514.0   5.007   1.3 0.0 1.0 !   CH3CO2H
END

