THERMO ALL
  300.000  1000.000  5000.000
H                 L.6.94H   1               G     200.0    6000.0  1000.0      1
          2.5E0          0.0E0          0.0E0          0.0E0          0.0E0    2
     2.547366E4  -4.4668285E-1          2.5E0          0.0E0          0.0E0    3
          0.0E0          0.0E0     2.547366E4  -4.4668285E-1                   4
H2                TPIS78H   2               G     200.0    6000.0  1000.0      1
   2.93286575E0  8.26608026E-4 -1.46402364E-7 1.54100414E-11  -6.888048E-16    2
  -8.13065581E2  -1.02432865E0   2.34433112E0  7.98052075E-3  -1.9478151E-5    3
  2.01572094E-8-7.37611761E-12  -9.17935173E2  6.83010238E-1                   4
O                 L.1.90O   1               G     200.0    6000.0  1000.0      1
   2.54363697E0 -2.73162486E-5  -4.1902952E-9 4.95481845E-12-4.79553694E-16    2
    2.9226012E4   4.92229457E0    3.1682671E0 -3.27931884E-3  6.64306396E-6    3
 -6.12806624E-9 2.11265971E-12   2.91222592E4   2.05193346E0                   4
O2                RUS.89O   2               G     200.0    6000.0  1000.0      1
   3.66096065E0  6.56365811E-4 -1.41149627E-7 2.05797935E-11-1.29913436E-15    2
  -1.21597718E3   3.41536279E0   3.78245636E0 -2.99673416E-3  9.84730201E-6    3
 -9.68129509E-9 3.24372837E-12  -1.06394356E3   3.65767573E0                   4
OH                IU3.03H   1O   1          G     200.0    6000.0  1000.0      1
   2.83853033E0  1.10741289E-3 -2.94000209E-7 4.20698729E-11 -2.4228989E-15    2
   3.69780808E3   5.84494652E0   3.99198424E0 -2.40106655E-3  4.61664033E-6    3
 -3.87916306E-9 1.36319502E-12   3.36889836E3 -1.03998477E-1                   4
HO2               T.1.09H   1O   2          G     200.0    5000.0  1000.0      1
   4.17228741E0  1.88117627E-3 -3.46277286E-7 1.94657549E-11 1.76256905E-16    2
   3.10206839E1   2.95767672E0   4.30179807E0 -4.74912097E-3  2.11582905E-5    3
 -2.42763914E-8 9.29225225E-12   2.64018485E2    3.7166622E0                   4
H2O               L.5.89H   2O   1          G     200.0    6000.0  1000.0      1
    2.6770389E0   2.9731816E-3  -7.7376889E-7  9.4433514E-11 -4.2689991E-15    2
   -2.9885894E4      6.88255E0    4.1986352E0  -2.0364017E-3   6.5203416E-6    3
  -5.4879269E-9   1.771968E-12   -3.0293726E4  -8.4900901E-1                   4
H2O2              T.8.03H   2O   2          G     200.0    6000.0  1000.0      1
   4.57977305E0  4.05326003E-3  -1.2984473E-6   1.982114E-10-1.13968792E-14    2
  -1.80071775E4  6.64970694E-1   4.31515149E0 -8.47390622E-4  1.76404323E-5    3
 -2.26762944E-8 9.08950158E-12  -1.77067437E4   3.27373319E0                   4
AR                G.5.97AR  1               G     200.0    6000.0  1000.0      1
          2.5E0          0.0E0          0.0E0          0.0E0          0.0E0    2
     -7.45375E2   4.37967491E0          2.5E0          0.0E0          0.0E0    3
          0.0E0          0.0E0     -7.45375E2   4.37967491E0                   4
HE                G.5.97HE  1               G     200.0    6000.0  1000.0      1
          2.5E0          0.0E0          0.0E0          0.0E0          0.0E0    2
     -7.45375E2  9.28723974E-1          2.5E0          0.0E0          0.0E0    3
          0.0E0          0.0E0     -7.45375E2  9.28723974E-1                   4
CO                RUS.79C   1O   1          G     200.0    6000.0  1000.0      1
    3.0484859E0   1.3517281E-3  -4.8579405E-7  7.8853644E-11 -4.6980746E-15    2
   -1.4266117E4    6.0170977E0    3.5795335E0  -6.1035369E-4   1.0168143E-6    3
  9.0700586E-10 -9.0442449E-13   -1.4344086E4    3.5084093E0                   4
CO2               L.7.88C   1O   2          G     200.0    6000.0  1000.0      1
    4.6365111E0   2.7414569E-3  -9.9589759E-7  1.6038666E-10 -9.1619857E-15    2
   -4.9024904E4   -1.9348955E0     2.356813E0   8.9841299E-3  -7.1220632E-6    3
   2.4573008E-9 -1.4288548E-13   -4.8371971E4    9.9009035E0                   4
CH2               IU3.03C   1H   2          G     200.0    6000.0  1000.0      1
   3.14631886E0  3.03671259E-3 -9.96474439E-7  1.5048358E-10-8.57335515E-15    2
   4.60412605E4   4.72341711E0   3.71757846E0   1.2739126E-3  2.17347251E-6    3
   -3.488585E-9 1.65208866E-12   4.58723866E4   1.75297945E0                   4
CH2(S)            IU6.03C   1H   2          G     200.0    6000.0  1000.0      1
   3.13501686E0  2.89593926E-3  -8.1666809E-7 1.13572697E-10-6.36262835E-15    2
   5.05040504E4   4.06030621E0   4.19331325E0 -2.33105184E-3  8.15676451E-6    3
 -6.62985981E-9 1.93233199E-12   5.03662246E4  -7.4673431E-1                   4
CH3               IU0702C   1H   3          G     200.0    6000.0  1000.0      1
    2.9781206E0    5.797852E-3    -1.97558E-6   3.072979E-10 -1.7917416E-14    2
    1.6509513E4    4.7224799E0    3.6571797E0   2.1265979E-3   5.4583883E-6    3
  -6.6181003E-9  2.4657074E-12    1.6422716E4    1.6735354E0                   4
CH4               G.8.99C   1H   4          G     200.0    6000.0  1000.0      1
   1.65326226E0  1.00263099E-2 -3.31661238E-6 5.36483138E-10-3.14696758E-14    2
  -1.00095936E4   9.90506283E0   5.14911468E0 -1.36622009E-2  4.91453921E-5    3
 -4.84246767E-8 1.66603441E-11  -1.02465983E4  -4.63848842E0                   4
HCO               T.5.03C   1H   1O   1     G     200.0    6000.0  1000.0      1
   3.92001542E0  2.52279324E-3 -6.71004164E-7 1.05615948E-10-7.43798261E-15    2
   3.65342928E3   3.58077056E0    4.2375461E0 -3.32075257E-3  1.40030264E-5    3
 -1.34239995E-8 4.37416208E-12   3.87241185E3   3.30834869E0                   4
CH2O              T.5.11C   1H   2O   1     G     200.0    6000.0  1000.0      1
   3.16952665E0   6.1932056E-3 -2.25056366E-6  3.6597566E-10-2.20149458E-14    2
  -1.45486831E4   6.04207898E0   4.79372312E0 -9.90833322E-3   3.7321999E-5    3
 -3.79285237E-8 1.31772641E-11  -1.43791953E4  6.02798058E-1                   4
CH2OH             IU2.03C   1H   3O   1     G     200.0    6000.0  1000.0      1
    5.0931437E0   5.9476126E-3  -2.0649746E-6 3.23008173E-10-1.88125902E-14    2
   -4.0340964E3  -1.84691493E0   4.47834367E0  -1.3507031E-3   2.7848498E-5    3
  -3.6486906E-8  1.4790745E-11   -3.5007289E3     3.309135E0                   4
CH3O              IU1.03C   1H   3O   1     G     200.0    6000.0  1000.0      1
   4.75779238E0  7.44142474E-3 -2.69705176E-6 4.38090504E-10-2.63537098E-14    2
    3.7811194E2  -1.96680028E0   3.71180502E0 -2.80463306E-3  3.76550971E-5    3
 -4.73072089E-8  1.8658842E-11    1.2956976E3   6.57240864E0                   4
CH3O2                   C   1H   3O   2     G     300.0    5000.0  1000.0      1
   4.80390863E0  9.95844638E-3 -3.85301026E-6 6.84740497E-10-4.58402955E-14    2
   -7.4713546E2     1.452814E0   3.62497097E0  3.59397933E-3  2.26538097E-5    3
 -2.95391947E-8  1.1197757E-11    7.9304041E1   9.96382194E0                   4
CH3OH             T06.02C   1H   4O   1     G     200.0    6000.0  1000.0      1
   3.52726795E0  1.03178783E-2 -3.62892944E-6 5.77448016E-10-3.42182632E-14    2
  -2.60028834E4   5.16758693E0   5.65851051E0 -1.62983419E-2  6.91938156E-5    3
 -7.58372926E-8  2.8042755E-11  -2.56119736E4 -8.97330508E-1                   4
CH3O2H            A.7.05C   1H   4O   2     G     200.0    6000.0  1000.0      1
   7.76538058E0  8.61499712E-3 -2.98006935E-6 4.68638071E-10-2.75339255E-14    2
  -1.82979984E4  -1.43992663E1   2.90540897E0  1.74994735E-2   5.2824363E-6    3
 -2.52827275E-8 1.34368212E-11  -1.68894632E4   1.13741987E1                   4
CH3CHO            L.8.88C   2H   4O   1     G     200.0    6000.0  1000.0      1
    5.4041108E0   1.1723059E-2  -4.2263137E-6  6.8372451E-10 -4.0984863E-14    2
   -2.2593122E4   -3.4807917E0    4.7294595E0  -3.1932858E-3   4.7534921E-5    3
  -5.7458611E-8  2.1931112E-11   -2.1572878E4    4.1030159E0                   4
C2H2              G.1.91C   2H   2          G     200.0    6000.0  1000.0      1
   4.65878489E0  4.88396667E-3 -1.60828888E-6 2.46974544E-10-1.38605959E-14    2
   2.57594042E4  -3.99838194E0  8.08679682E-1  2.33615762E-2 -3.55172234E-5    3
  2.80152958E-8-8.50075165E-12   2.64289808E4   1.39396761E1                   4
C2H3              ATCT.AC   2H   3          G     200.0    6000.0  1000.0      1
   4.15026763E0  7.54021341E-3 -2.62997847E-6 4.15974048E-10-2.45407509E-14    2
    3.3856638E4   1.72812235E0   3.36377642E0  2.65765722E-4  2.79620704E-5    3
 -3.72986942E-8 1.51590176E-11   3.44749589E4   7.91510092E0                   4
C2H4              G.1.00C   2H   4          G     200.0    6000.0  1000.0      1
   3.99182724E0  1.04833908E-2 -3.71721342E-6 5.94628366E-10-3.53630386E-14    2
   4.26865851E3 -2.69081762E-1   3.95920063E0 -7.57051373E-3  5.70989993E-5    3
 -6.91588352E-8  2.6988419E-11   5.08977598E3   4.09730213E0                   4
C2H5              .THERMC   2H   5          G     300.0    5000.0  1387.0      1
    5.8878439E0  1.03076793E-2 -3.46844396E-6 5.32499257E-10-3.06512651E-14    2
   1.15065499E4  -8.49651771E0   1.32730217E0  1.76656753E-2 -6.14926558E-6    3
-3.01143466E-10 4.38617775E-13   1.34284028E4   1.71789216E1                   4
C2H6              G.8.88C   2H   6          G     200.0    6000.0  1000.0      1
   4.04666411E0  1.53538802E-2 -5.47039485E-6 8.77826544E-10-5.23167531E-14    2
  -1.24473499E4 -9.68698313E-1   4.29142572E0 -5.50154901E-3  5.99438458E-5    3
 -7.08466469E-8 2.68685836E-11  -1.15222056E4   2.66678994E0                   4
CH2CHO            T03.10C   2H   3O   1     G     200.0    6000.0  1000.0      1
   6.53928338E0  7.80238629E-3 -2.76413612E-6 4.42098906E-10 -2.6295429E-14    2
  -1.18858659E3  -8.72091393E0     2.795026E0  1.01099472E-2  1.61750645E-5    3
 -3.10303145E-8 1.39436139E-11   1.62944975E2   1.23646657E1                   4
CH3CO             IU2.03C   2H   3O   1     G     200.0    6000.0  1000.0      1
    5.3137165E0   9.1737793E-3  -3.3220386E-6  5.3947456E-10 -3.2452368E-14    2
   -3.6450414E3   -1.6757558E0    4.0358705E0   8.7729487E-4    3.071001E-5    3
  -3.9247565E-8  1.5296869E-11   -2.6820738E3    7.8617682E0                   4
HCCO              T.4.09C   2H   1O   1     G     200.0    6000.0  1000.0      1
   5.91479333E0   3.7140873E-3  -1.3013701E-6 2.06473345E-10-1.21476759E-14    2
   1.93596301E4  -5.50567269E0   1.87607969E0  2.21205418E-2 -3.58869325E-5    3
  3.05402541E-8-1.01281069E-11    2.0163384E4    1.3696829E1                   4
HCN               ATcT3EC   1H   1N   1     G     200.0    6000.0  1000.0      1
   3.79525127E0  3.16330147E-3 -1.07316905E-6 1.67851828E-10-9.83948026E-15    2
   1.42249758E4   1.61357326E0    2.1057167E0  1.11841419E-2 -1.62402411E-5    3
  1.31663215E-8-4.17254301E-12   1.45427041E4   9.55501287E0                   4
H2CN              T.11.1C   1H   2N   1     G     200.0    6000.0  1000.0      1
   3.80315578E0  5.47197362E-3 -1.95314875E-6 3.13362403E-10-1.86249384E-14    2
   2.71302747E4   3.31759436E0   3.97799555E0 -3.43275801E-3   2.5913426E-5    3
 -3.04692171E-8 1.16272717E-11   2.74854081E4   4.43067396E0                   4
HNCO              A.5.05C   1H   1N   1O   1G     200.0    6000.0  1000.0      1
   5.30045051E0  4.02250821E-3  -1.4096228E-6 2.23855342E-10-1.32499966E-14    2
  -1.61995274E4  -3.11770684E0   2.24009031E0  1.45600497E-2  -1.5435233E-5    3
  8.55535028E-9-1.79631611E-12  -1.54589951E4   1.21663775E1                   4
CH3NH2            T09.09C   1H   5N   1     G     200.0    6000.0  1000.0      1
   3.78609899E0   1.2696957E-2 -4.46778553E-6 7.11021516E-10-4.21332621E-14    2
   -4.3810006E3   1.86268606E0   4.65718252E0 -7.37953092E-3  5.45297099E-5    3
 -6.24993857E-8 2.33761829E-11   -3.7607334E3   1.63875112E0                   4
CH3NO2            T01.00C   1H   3N   1O   2G     200.0    6000.0  1000.0      1
   6.73034758E0  1.09601272E-2 -4.05357875E-6 6.67102246E-10-4.04686823E-14    2
  -1.29143475E4  -1.01800883E1   3.54053638E0  1.86559899E-3   4.4494658E-5    3
 -5.87057133E-8 2.30684496E-11  -1.11385976E4   1.06884657E1                   4
N                 ATcT3EN   1               G     200.0    6000.0  1000.0      1
   2.41604245E0  1.74663766E-4 -1.18864562E-7 3.01850054E-11-2.03260159E-15    2
   5.61051512E4   4.64905706E0   2.49976643E0  5.02149594E-7  1.93091211E-9    3
-4.94632629E-12 2.74089506E-15    5.6076071E4   4.19499326E0                   4
N2                G.8.02N   2               G     200.0    6000.0  1000.0      1
   2.95257637E0   1.3969004E-3 -4.92631603E-7 7.86010195E-11-4.60755204E-15    2
  -9.23948688E2   5.87188762E0   3.53100528E0 -1.23660988E-4 -5.02999433E-7    3
  2.43530612E-9-1.40881235E-12  -1.04697628E3   2.96747038E0                   4
NH                ATcT3EH   1N   1          G     200.0    6000.0  1000.0      1
   2.79498941E0  1.29259567E-3 -3.85559094E-7 6.26027608E-11-3.70421913E-15    2
   4.23408998E4   5.68413752E0   3.45887003E0  4.93904408E-4  -1.8786256E-6    3
  2.85542239E-9-1.16864671E-12   4.21088372E4   2.00373292E0                   4
NH2               ATcT3EH   2N   1          G     200.0    3000.0  1000.0      1
   2.62499312E0  3.39841177E-3 -1.01630968E-6 1.25510796E-10-2.66500843E-15    2
   2.15419104E4   7.73537416E0   4.06463329E0 -1.10021454E-3  4.25849068E-6    3
 -2.68223583E-9 5.89267407E-13   2.11768668E4   4.3985077E-1                   4
NH3               ATcT3EH   3N   1          G     200.0    4000.0  1000.0      1
   2.36074311E0  6.31850146E-3 -2.28966806E-6 4.11767411E-10-2.90836787E-14    2
  -6.41596473E3   8.02154329E0   4.14027871E0 -3.58489142E-3  1.89475904E-5    3
  -1.9883397E-8 7.15267961E-12  -6.68545158E3 -1.66754883E-2                   4
NNH               T.1.06H   1N   2          G     200.0    6000.0  1000.0      1
   3.42744423E0  3.23295234E-3 -1.17296299E-6 1.90508356E-10-1.14491506E-14    2
    2.8806774E4   6.39209233E0   4.25474632E0 -3.45098298E-3  1.37788699E-5    3
 -1.33263744E-8 4.41023397E-12   2.88323793E4   3.28551762E0                   4
N2H2              121286H   2N   2          G     300.0    5000.0  1000.0      1
     3.371185E0    6.039968E-3   -2.303854E-6   4.062789E-10  -2.713144E-14    2
     2.418172E4     4.980585E0     1.617999E0    1.306312E-2   -1.715712E-5    3
    1.605608E-8  -6.093639E-12     2.467526E4     1.379467E1                   4
N2H3              120186H   3N   2          G     300.0    5000.0  1000.0      1
     4.441846E0    7.214271E-3   -2.495684E-6   3.920565E-10   -2.29895E-14    2
     1.664221E4   -4.275205E-1     3.174204E0    4.715907E-3    1.334867E-5    3
   -1.919685E-8   7.487564E-12      1.72727E4     7.557224E0                   4
NO                RUS.89N   1O   1          G     200.0    6000.0  1000.0      1
   3.26071234E0  1.19101135E-3 -4.29122646E-7 6.94481463E-11-4.03295681E-15    2
   9.92143132E3   6.36900518E0   4.21859896E0 -4.63988124E-3  1.10443049E-5    3
 -9.34055507E-9 2.80554874E-12   9.84509964E3   2.28061001E0                   4
NO2               L.7.88N   1O   2          G     200.0    6000.0  1000.0      1
     4.884754E0   2.1723955E-3  -8.2806909E-7   1.574751E-10 -1.0510895E-14    2
    2.3164982E3  -1.1741695E-1    3.9440312E0   -1.585429E-3   1.6657812E-5    3
  -2.0475426E-8  7.8350564E-12     2.896618E3    6.3119919E0                   4
N2O               L.7.88N   2O   1          G     200.0    6000.0  1000.0      1
    4.8230729E0   2.6270251E-3  -9.5850872E-7  1.6000712E-10 -9.7752302E-15    2
    8.0734047E3   -2.2017208E0    2.2571502E0   1.1304728E-2  -1.3671319E-5    3
   9.6819803E-9 -2.9307182E-12    8.7417746E3    1.0757992E1                   4
HNO               ATcT3EH   1N   1O   1     G     200.0    6000.0  1000.0      1
   3.24129053E0  2.72377193E-3 -1.60633296E-7-9.79134982E-11 1.17103944E-14    2
   1.17745744E4   7.27913637E0    4.5532616E0 -5.84531688E-3  1.88853744E-5    3
 -1.76039893E-8 5.72889621E-12   1.16315603E4   1.66850841E0                   4
HNO2              103190H   1N   1O   2     G     300.0    4000.0  1500.0      1
      6.47963E0    1.995274E-3   -1.740387E-7  -9.695872E-11    1.70148E-14    2
  -7.80950291E3  -1.06771518E1     1.934838E0    1.010036E-2   -4.964616E-6    3
    8.70112E-10  -2.324135E-15  -5.91571591E3   1.47282082E1                   4
HONO              T.9.11H   1N   1O   2     G     200.0    6000.0  1000.0      1
   5.79182717E0  3.65162554E-3  -1.2929339E-6 2.06892796E-10-1.23154749E-14    2
  -1.15953895E4  -4.05538852E0   3.21415915E0  8.12778066E-3  1.65998916E-6    3
 -9.52814708E-9 4.87131424E-12  -1.07830727E4   9.82200056E0                   4
H2NN               M3.96H   2N   2          G     300.0    5000.0  1695.0      1
   3.13531032E0  5.68632569E-3 -1.93983467E-6 3.01290501E-10-1.74978144E-14    2
   3.33678346E4    7.0481584E0   2.88544262E0  4.69495999E-3   7.0198323E-7    3
 -1.53359038E-9 3.79345858E-13    3.3603069E4   8.95096779E0                   4
H2NO                1510H   2N   1O   1     G     298.0    3000.0  1000.0      1
   3.33719385E0  5.72250531E-3 -2.14985397E-6 3.65983461E-10-2.18615301E-14    2
   6.50621112E3   6.86465421E0   4.07694692E0   2.1917994E-4  9.92160372E-6    3
 -1.02259681E-8 3.26220462E-12   6.48547616E3   3.93185152E0                   4
N2H4              121286H   4N   2          G     300.0    5000.0  1000.0      1
     4.977317E0    9.595519E-3   -3.547639E-6   6.124299E-10  -4.029795E-14    2
     9.341219E3     -2.96299E0    6.442606E-2     2.74973E-2   -2.899451E-5    3
     1.74524E-8  -4.422282E-12     1.045192E4     2.127789E1                   4
NH2OH             ATcT.AH   3N   1O   1     G     200.0    6000.0  1000.0      1
   3.88112502E0  8.15708448E-3 -2.82615576E-6 4.37930933E-10-2.52724604E-14    2
  -6.86018419E3   3.79156136E0   3.21016092E0  6.19671676E-3  1.10594948E-5    3
 -1.96668262E-8  8.8251659E-12  -6.58148481E3   7.93293571E0                   4
HNOH              T11.11H   2N   1O   1     G     200.0    6000.0  1000.0      1
   3.98321933E0  4.88846374E-3 -1.65086637E-6 2.55371446E-10-1.48308561E-14    2
   1.05780106E4   3.62582838E0   3.95608248E0  -3.0261102E-3  2.56874396E-5    3
  -3.1564512E-8 1.24084574E-11    1.0919979E4   5.55950983E0                   4
!From Konnov2019
CN                IU8.03C   1N   1          G     200.0    6000.0  1000.0      1
    3.3991285E0  7.46548662E-4 -1.41493852E-7 1.86747736E-11 -1.2603254E-15    2
   5.16569715E4   4.67148681E0   3.61256069E0 -9.53015737E-4  2.13757271E-6    3
-3.05001808E-10-4.70518097E-13   5.17084034E4   3.98238722E0                   4
NCO               A.5.05C   1N   1O   1     G     200.0    6000.0  1000.0      1
   5.08064474E0  2.37443587E-3 -9.07098904E-7 1.52286713E-10-9.31009234E-15    2
   1.35781204E4  -2.15734434E0   2.77405177E0  9.24523481E-3 -9.91773586E-6    3
  6.68461303E-9-2.09520542E-12    1.4236957E4    9.7545867E0                   4
END