THERMO ALL
  300.000  1000.000  5000.000
H                 L.6.94H   1               G     200.0    6000.0  1000.0      1
          2.5E0          0.0E0          0.0E0          0.0E0          0.0E0    2
     2.547366E4  -4.4668285E-1          2.5E0          0.0E0          0.0E0    3
          0.0E0          0.0E0     2.547366E4  -4.4668285E-1                   4
H2                TPIS78H   2               G     200.0    6000.0  1000.0      1
   2.93286575E0  8.26608026E-4 -1.46402364E-7 1.54100414E-11  -6.888048E-16    2
  -8.13065581E2  -1.02432865E0   2.34433112E0  7.98052075E-3  -1.9478151E-5    3
  2.01572094E-8-7.37611761E-12  -9.17935173E2  6.83010238E-1                   4
O                 L.1.90O   1               G     200.0    6000.0  1000.0      1
   2.54363697E0 -2.73162486E-5  -4.1902952E-9 4.95481845E-12-4.79553694E-16    2
    2.9226012E4   4.92229457E0    3.1682671E0 -3.27931884E-3  6.64306396E-6    3
 -6.12806624E-9 2.11265971E-12   2.91222592E4   2.05193346E0                   4
O2                RUS.89O   2               G     200.0    6000.0  1000.0      1
   3.66096065E0  6.56365811E-4 -1.41149627E-7 2.05797935E-11-1.29913436E-15    2
  -1.21597718E3   3.41536279E0   3.78245636E0 -2.99673416E-3  9.84730201E-6    3
 -9.68129509E-9 3.24372837E-12  -1.06394356E3   3.65767573E0                   4
OH                IU3.03H   1O   1          G     200.0    6000.0  1000.0      1
   2.83853033E0  1.10741289E-3 -2.94000209E-7 4.20698729E-11 -2.4228989E-15    2
   3.69780808E3   5.84494652E0   3.99198424E0 -2.40106655E-3  4.61664033E-6    3
 -3.87916306E-9 1.36319502E-12   3.36889836E3 -1.03998477E-1                   4
H2O               L.5.89H   2O   1          G     200.0    6000.0  1000.0      1
    2.6770389E0   2.9731816E-3  -7.7376889E-7  9.4433514E-11 -4.2689991E-15    2
   -2.9885894E4      6.88255E0    4.1986352E0  -2.0364017E-3   6.5203416E-6    3
  -5.4879269E-9   1.771968E-12   -3.0293726E4  -8.4900901E-1                   4
N2                G.8.02N   2               G     200.0    6000.0  1000.0      1
   2.95257637E0   1.3969004E-3 -4.92631603E-7 7.86010195E-11-4.60755204E-15    2
  -9.23948688E2   5.87188762E0   3.53100528E0 -1.23660988E-4 -5.02999433E-7    3
  2.43530612E-9-1.40881235E-12  -1.04697628E3   2.96747038E0                   4
N(15)2            G.8.02N   2               G     200.0    6000.0  1000.0      1
   2.95257637E0   1.3969004E-3 -4.92631603E-7 7.86010195E-11-4.60755204E-15    2
  -9.23948688E2   5.87188762E0   3.53100528E0 -1.23660988E-4 -5.02999433E-7    3
  2.43530612E-9-1.40881235E-12  -1.04697628E3   2.96747038E0                   4
HO2               T.1.09H   1O   2          G     200.0    5000.0  1000.0      1
   4.17228741E0  1.88117627E-3 -3.46277286E-7 1.94657549E-11 1.76256905E-16    2
   3.10206839E1   2.95767672E0   4.30179807E0 -4.74912097E-3  2.11582905E-5    3
 -2.42763914E-8 9.29225225E-12   2.64018485E2    3.7166622E0                   4
H2O2              T.8.03H   2O   2          G     200.0    6000.0  1000.0      1
   4.57977305E0  4.05326003E-3  -1.2984473E-6   1.982114E-10-1.13968792E-14    2
  -1.80071775E4  6.64970694E-1   4.31515149E0 -8.47390622E-4  1.76404323E-5    3
 -2.26762944E-8 9.08950158E-12  -1.77067437E4   3.27373319E0                   4
AR                G.5.97AR  1               G     200.0    6000.0  1000.0      1
          2.5E0          0.0E0          0.0E0          0.0E0          0.0E0    2
     -7.45375E2   4.37967491E0          2.5E0          0.0E0          0.0E0    3
          0.0E0          0.0E0     -7.45375E2   4.37967491E0                   4
HONO              T.9.11H   1N   1O   2     G     200.0    6000.0  1000.0      1
   5.79182717E0  3.65162554E-3  -1.2929339E-6 2.06892796E-10-1.23154749E-14    2
  -1.15953895E4  -4.05538852E0   3.21415915E0  8.12778066E-3  1.65998916E-6    3
 -9.52814708E-9 4.87131424E-12  -1.07830727E4   9.82200056E0                   4
N2H2              121286H   2N   2          G     300.0    5000.0  1000.0      1
     3.371185E0    6.039968E-3   -2.303854E-6   4.062789E-10  -2.713144E-14    2
     2.418172E4     4.980585E0     1.617999E0    1.306312E-2   -1.715712E-5    3
    1.605608E-8  -6.093639E-12     2.467526E4     1.379467E1                   4
N2H4              121286H   4N   2          G     300.0    5000.0  1000.0      1
     4.977317E0    9.595519E-3   -3.547639E-6   6.124299E-10  -4.029795E-14    2
     9.341219E3     -2.96299E0    6.442606E-2     2.74973E-2   -2.899451E-5    3
     1.74524E-8  -4.422282E-12     1.045192E4     2.127789E1                   4
N                 L.6.88N   1               G     200.0    6000.0  1000.0      1
    2.4159429E0   1.7489065E-4  -1.1902369E-7  3.0226244E-11 -2.0360983E-15    2
    5.6133775E4    4.6496095E0          2.5E0          0.0E0          0.0E0    3
          0.0E0          0.0E0    5.6104638E4    4.1939088E0                   4
N(15)             L.6.88N   1               G     200.0    6000.0  1000.0      1
    2.4159429E0   1.7489065E-4  -1.1902369E-7  3.0226244E-11 -2.0360983E-15    2
    5.6133775E4    4.6496095E0          2.5E0          0.0E0          0.0E0    3
          0.0E0          0.0E0    5.6104638E4    4.1939088E0                   4
NH                ATcT.AH   1N   1          G     200.0    6000.0  1000.0      1
   2.78372644E0  1.32985888E-3 -4.24785573E-7 7.83494442E-11 -5.5045131E-15    2
   4.23461945E4   5.74084863E0   3.49295037E0   3.1179572E-4 -1.48906628E-6    3
  2.48167402E-9-1.03570916E-12   4.21059722E4   1.84834973E0                   4
NH2OH             ATcT.AH   3N   1O   1     G     200.0    6000.0  1000.0      1
   3.88112502E0  8.15708448E-3 -2.82615576E-6 4.37930933E-10-2.52724604E-14    2
  -6.86018419E3   3.79156136E0   3.21016092E0  6.19671676E-3  1.10594948E-5    3
 -1.96668262E-8  8.8251659E-12  -6.58148481E3   7.93293571E0                   4
N2H3              120186H   3N   2          G     300.0    5000.0  1000.0      1
     4.441846E0    7.214271E-3   -2.495684E-6   3.920565E-10   -2.29895E-14    2
     1.664221E4   -4.275205E-1     3.174204E0    4.715907E-3    1.334867E-5    3
   -1.919685E-8   7.487564E-12      1.72727E4     7.557224E0                   4
H2NN              .M3.96H   2N   2          G     300.0    5000.0  1695.0      1
   3.13531032E0  5.68632569E-3 -1.93983467E-6 3.01290501E-10-1.74978144E-14    2
   3.33678346E4    7.0481584E0   2.88544262E0  4.69495999E-3   7.0198323E-7    3
 -1.53359038E-9 3.79345858E-13    3.3603069E4   8.95096779E0                   4
NH2               IU3.03H   2N   1          G     200.0    3000.0  1000.0      1
   2.59263049E0  3.47683597E-3 -1.08271624E-6 1.49342558E-10-5.75241187E-15    2
   2.18865421E4   7.90565351E0   4.19198016E0 -2.04602827E-3  6.67756134E-6    3
 -5.24907235E-9 1.55589948E-12   2.14991387E4 -9.04785244E-2                   4
! [_ AbsorptionCoefficients=" 2 300  1100  1.15691E+01 -3.56117E+04  3.33438E+07 -7.08740E+09  2.26363E+11  6.26830E+13  0.00000E+00 " _]
! [_ AbsorptionCoefficients=" 2 1100 2500 -5.10770E-02 -8.61034E+02  9.23915E+06 -2.94040E+10  3.65220E+13 -1.29468E+16  0.00000E+00 " _]
NH3               A12.04H   3N   1          G     200.0    6000.0  1000.0      1
   2.09566674E0  6.14750045E-3 -2.00328925E-6 3.01334626E-10-1.71227204E-14    2
  -6.30945436E3   9.59574081E0   4.46075151E0 -5.68781763E-3  2.11411484E-5    3
  -2.0284998E-8 6.89500555E-12  -6.70753514E3  -1.34450793E0                   4
NNH               T.1.06H   1N   2          G     200.0    6000.0  1000.0      1
   3.42744423E0  3.23295234E-3 -1.17296299E-6 1.90508356E-10-1.14491506E-14    2
    2.8806774E4   6.39209233E0   4.25474632E0 -3.45098298E-3  1.37788699E-5    3
 -1.33263744E-8 4.41023397E-12   2.88323793E4   3.28551762E0                   4
! [_ AbsorptionCoefficients=" 1 300 785   3.09778E+01 -3.76125E-01  1.78622E-03 -4.19616E-06  5.31065E-09 -3.49672E-12  9.44469E-16 " _]
! [_ AbsorptionCoefficients=" 1 785 2500  3.32933E+00  4.96445E-03 -1.94120E-05  2.00931E-08 -9.88762E-12  2.40521E-15 -2.33153E-19 " _]
NO                RUS.89N   1O   1          G     200.0    6000.0  1000.0      1
   3.26071234E0  1.19101135E-3 -4.29122646E-7 6.94481463E-11-4.03295681E-15    2
   9.92143132E3   6.36900518E0   4.21859896E0 -4.63988124E-3  1.10443049E-5    3
 -9.34055507E-9 2.80554874E-12   9.84509964E3   2.28061001E0                   4
N(15)O            RUS.89N   1O   1          G     200.0    6000.0  1000.0      1
   3.26071234E0  1.19101135E-3 -4.29122646E-7 6.94481463E-11-4.03295681E-15    2
   9.92143132E3   6.36900518E0   4.21859896E0 -4.63988124E-3  1.10443049E-5    3
 -9.34055507E-9 2.80554874E-12   9.84509964E3   2.28061001E0                   4
NO2               L.7.88N   1O   2          G     200.0    6000.0  1000.0      1
     4.884754E0   2.1723955E-3  -8.2806909E-7   1.574751E-10 -1.0510895E-14    2
    2.3164982E3  -1.1741695E-1    3.9440312E0   -1.585429E-3   1.6657812E-5    3
  -2.0475426E-8  7.8350564E-12     2.896618E3    6.3119919E0                   4
N2O               L.7.88N   2O   1          G     200.0    6000.0  1000.0      1
    4.8230729E0   2.6270251E-3  -9.5850872E-7  1.6000712E-10 -9.7752302E-15    2
    8.0734047E3   -2.2017208E0    2.2571502E0   1.1304728E-2  -1.3671319E-5    3
   9.6819803E-9 -2.9307182E-12    8.7417746E3    1.0757992E1                   4
HNO               ATcT.AH   1N   1O   1     G     200.0    6000.0  1000.0      1
   3.16598124E0  2.99958892E-3 -3.94376786E-7-3.85344089E-11 7.07602668E-15    2
   1.17726311E4   7.64511172E0   4.53525574E0 -5.68543377E-3   1.8519854E-5    3
 -1.71881225E-8 5.55818157E-12   1.16183003E4   1.74315886E0                   4
H2NO              ..1510H   2N   1O   1     G     298.0    3000.0  1000.0      1
   3.33719385E0  5.72250531E-3 -2.14985397E-6 3.65983461E-10-2.18615301E-14    2
   6.50621112E3   6.86465421E0   4.07694692E0   2.1917994E-4  9.92160372E-6    3
 -1.02259681E-8 3.26220462E-12   6.48547616E3   3.93185152E0                   4
HNOH              T11.11H   2N   1O   1     G     200.0    6000.0  1000.0      1
   3.98321933E0  4.88846374E-3 -1.65086637E-6 2.55371446E-10-1.48308561E-14    2
   1.05780106E4   3.62582838E0   3.95608248E0  -3.0261102E-3  2.56874396E-5    3
  -3.1564512E-8 1.24084574E-11    1.0919979E4   5.55950983E0                   4
CO                RUS.79C   1O   1          G     200.0    6000.0  1000.0      1
    3.0484859E0   1.3517281E-3  -4.8579405E-7  7.8853644E-11 -4.6980746E-15    2
   -1.4266117E4    6.0170977E0    3.5795335E0  -6.1035369E-4   1.0168143E-6    3
  9.0700586E-10 -9.0442449E-13   -1.4344086E4    3.5084093E0                   4
! [_ AbsorptionCoefficients=" 1 300 860  -1.61017E+02  2.07661E+00 -1.00536E-02  2.58277E-05 -3.59098E-08  2.54860E-11 -7.25425E-15 " _]
! [_ AbsorptionCoefficients=" 1 860 2500 -8.16334E+00  2.72779E-01 -5.37382E-04  4.56021E-07 -2.01261E-10  4.54957E-14 -4.17609E-18 " _]
CO2               L.7.88C   1O   2          G     200.0    6000.0  1000.0      1
    4.6365111E0   2.7414569E-3  -9.9589759E-7  1.6038666E-10 -9.1619857E-15    2
   -4.9024904E4   -1.9348955E0     2.356813E0   8.9841299E-3  -7.1220632E-6    3
   2.4573008E-9 -1.4288548E-13   -4.8371971E4    9.9009035E0                   4
CH3               IU0702C   1H   3          G     200.0    6000.0  1000.0      1
    2.9781206E0    5.797852E-3    -1.97558E-6   3.072979E-10 -1.7917416E-14    2
    1.6509513E4    4.7224799E0    3.6571797E0   2.1265979E-3   5.4583883E-6    3
  -6.6181003E-9  2.4657074E-12    1.6422716E4    1.6735354E0                   4
CH2               IU3.03C   1H   2          G     200.0    6000.0  1000.0      1
   3.14631886E0  3.03671259E-3 -9.96474439E-7  1.5048358E-10-8.57335515E-15    2
   4.60412605E4   4.72341711E0   3.71757846E0   1.2739126E-3  2.17347251E-6    3
   -3.488585E-9 1.65208866E-12   4.58723866E4   1.75297945E0                   4
CH2(S)            IU6.03C   1H   2          G     200.0    6000.0  1000.0      1
   3.13501686E0  2.89593926E-3  -8.1666809E-7 1.13572697E-10-6.36262835E-15    2
   5.05040504E4   4.06030621E0   4.19331325E0 -2.33105184E-3  8.15676451E-6    3
 -6.62985981E-9 1.93233199E-12   5.03662246E4  -7.4673431E-1                   4
CH3OH             T06.02C   1H   4O   1     G     200.0    6000.0  1000.0      1
   3.52726795E0  1.03178783E-2 -3.62892944E-6 5.77448016E-10-3.42182632E-14    2
  -2.60028834E4   5.16758693E0   5.65851051E0 -1.62983419E-2  6.91938156E-5    3
 -7.58372926E-8  2.8042755E-11  -2.56119736E4 -8.97330508E-1                   4
CH2OH             IU2.03C   1H   3O   1     G     200.0    6000.0  1000.0      1
    5.0931437E0   5.9476126E-3  -2.0649746E-6 3.23008173E-10-1.88125902E-14    2
   -4.0340964E3  -1.84691493E0   4.47834367E0  -1.3507031E-3   2.7848498E-5    3
  -3.6486906E-8  1.4790745E-11   -3.5007289E3     3.309135E0                   4
CH2O              T.5.11C   1H   2O   1     G     200.0    6000.0  1000.0      1
   3.16952665E0   6.1932056E-3 -2.25056366E-6  3.6597566E-10-2.20149458E-14    2
  -1.45486831E4   6.04207898E0   4.79372312E0 -9.90833322E-3   3.7321999E-5    3
 -3.79285237E-8 1.31772641E-11  -1.43791953E4  6.02798058E-1                   4
HCO               T.5.03C   1H   1O   1     G     200.0    6000.0  1000.0      1
   3.92001542E0  2.52279324E-3 -6.71004164E-7 1.05615948E-10-7.43798261E-15    2
   3.65342928E3   3.58077056E0    4.2375461E0 -3.32075257E-3  1.40030264E-5    3
 -1.34239995E-8 4.37416208E-12   3.87241185E3   3.30834869E0                   4
CH3O              IU1.03C   1H   3O   1     G     200.0    6000.0  1000.0      1
   4.75779238E0  7.44142474E-3 -2.69705176E-6 4.38090504E-10-2.63537098E-14    2
    3.7811194E2  -1.96680028E0   3.71180502E0 -2.80463306E-3  3.76550971E-5    3
 -4.73072089E-8  1.8658842E-11    1.2956976E3   6.57240864E0                   4
! [_ AbsorptionCoefficients=" 1 300 2500 6.6334D+00 -3.5686D-03 1.6682D-08 2.5611D-10 -2.6558D-14 0 0 " _]
CH4               000000C   1H   4          G     300.0    5000.0  1000.0      1
   7.4851495E-2  1.33909467E-2 -5.73285809E-6  1.22292535E-9 -1.0181523E-13    2
  -9.46834459E3    1.8437318E1   5.14987613E0 -1.36709788E-2  4.91800599E-5    3
 -4.84743026E-8 1.66693956E-11  -1.02466476E4  -4.64130376E0                   4
T-CH2             000000C   1H   2          G     300.0    5000.0  1000.0      1
   2.87410113E0  3.65639292E-3 -1.40894597E-6 2.60179549E-10-1.87727567E-14    2
    4.6263604E4   6.17119324E0   3.76267867E0  9.68872143E-4  2.79489841E-6    3
 -3.85091153E-9 1.68741719E-12   4.60040401E4   1.56253185E0                   4
S-CH2             000000C   1H   2          G     300.0    5000.0  1000.0      1
   2.29203842E0  4.65588637E-3 -2.01191947E-6    4.17906E-10-3.39716365E-14    2
   5.09259997E4   8.62650169E0   4.19860411E0 -2.36661419E-3   8.2329622E-6    3
 -6.68815981E-9 1.94314737E-12   5.04968163E4 -7.69118967E-1                   4
!From Konnov2019
CN                IU8.03C   1N   1          G     200.0    6000.0  1000.0      1
    3.3991285E0  7.46548662E-4 -1.41493852E-7 1.86747736E-11 -1.2603254E-15    2
   5.16569715E4   4.67148681E0   3.61256069E0 -9.53015737E-4  2.13757271E-6    3
-3.05001808E-10-4.70518097E-13   5.17084034E4   3.98238722E0                   4
HCN               ATcT.AC   1H   1N   1     G     200.0    6000.0  1000.0      1
   3.80231648E0  3.14630087E-3 -1.06315727E-6 1.66185438E-10-9.79891962E-15    2
   1.42849502E4   1.57501632E0   2.25901199E0  1.00510475E-2 -1.33514567E-5    3
  1.00920479E-8-3.00880408E-12   1.45903166E4    8.9163196E0                   4
NCO               A.5.05C   1N   1O   1     G     200.0    6000.0  1000.0      1
   5.08064474E0  2.37443587E-3 -9.07098904E-7 1.52286713E-10-9.31009234E-15    2
   1.35781204E4  -2.15734434E0   2.77405177E0  9.24523481E-3 -9.91773586E-6    3
  6.68461303E-9-2.09520542E-12    1.4236957E4    9.7545867E0                   4
HNCO              A.5.05C   1H   1N   1O   1G     200.0    6000.0  1000.0      1
   5.30045051E0  4.02250821E-3  -1.4096228E-6 2.23855342E-10-1.32499966E-14    2
  -1.61995274E4  -3.11770684E0   2.24009031E0  1.45600497E-2  -1.5435233E-5    3
  8.55535028E-9-1.79631611E-12  -1.54589951E4   1.21663775E1                   4
HCOH              MAR94 C   1H   2O   1    0G   300.     5000.    1398.        1
 9.18749272E+00 1.52011152E-03-6.27603516E-07 1.09727989E-10-6.89655128E-15    2
 7.81364593E+03-2.73434214E+01-2.82157421E+00 3.57331702E-02-3.80861580E-05    3
 1.86205951E-08-3.45957838E-12 1.12956672E+04 3.48487757E+01                   4
CH2NH2            T 8/11C  1.H  4.N  1.   0.G   200.000  6000.000 1000.        1
 4.55329728E+00 9.42002581E-03-3.20781399E-06 4.98961894E-10-2.90872284E-14    2
 1.58717284E+04-2.45945234E-02 2.85538164E+00 7.27364238E-03 1.65712636E-05    3
-2.70976978E-08 1.16327939E-11 1.66165986E+04 1.02444521E+01 1.78895690E+04    4
CH3CO             IU2.03C   2H   3O   1     G     200.0    6000.0  1000.0      1
    5.3137165E0   9.1737793E-3  -3.3220386E-6  5.3947456E-10 -3.2452368E-14    2
   -3.6450414E3   -1.6757558E0    4.0358705E0   8.7729487E-4    3.071001E-5    3
  -3.9247565E-8  1.5296869E-11   -2.6820738E3    7.8617682E0                   4
CH3CHO            L.8.88C   2H   4O   1     G     200.0    6000.0  1000.0      1
    5.4041108E0   1.1723059E-2  -4.2263137E-6  6.8372451E-10 -4.0984863E-14    2
   -2.2593122E4   -3.4807917E0    4.7294595E0  -3.1932858E-3   4.7534921E-5    3
  -5.7458611E-8  2.1931112E-11   -2.1572878E4    4.1030159E0                   4
CH2CO                   C   2H   2O   1     G     300.0    5000.0  1000.0      1
   5.35869367E0  6.95641586E-3 -2.64802637E-6 4.65067592E-10 -3.0864182E-14    2
  -7.90294013E3  -3.98525731E0   1.81422511E0   1.9900859E-2 -2.21416008E-5    3
  1.45028521E-8-3.98877068E-12  -7.05394926E3   1.36079359E1                   4
CH3CO3            .THERMC   2H   3O   3     G     300.0    5000.0  1391.0      1
   1.12522498E1  8.33652672E-3  -2.8901453E-6 4.52781734E-10-2.64354456E-14    2
  -2.60238584E4  -2.96370457E1   3.60373432E0  2.70080341E-2 -2.08293438E-5    3
  8.50541104E-9 -1.4384611E-12  -2.34205171E4   1.12014914E1                   4
! E Goos A Burcat B Ruscic Ideal gas thermochemical database with updates from active thermochemical
! tables (ftp://ftp.technion.ac.il/pub/supported/aetdd/thermodynamics; mirrored at 
! http://garfield.chem.elte.hu/burcat/burcat.html. Accessed July 2013.
!
HOCHO                   C   1H   2O   2     G   200.000  6000.000 1000.00      1
 4.61383160e+00 6.44963640e-03-2.29082510e-06 3.67160470e-10-2.18736750e-14    2
-4.75148500e+04 8.47883830e-01 3.89836160e+00-3.55877950e-03 3.55205380e-05    3
-4.38499590e-08 1.71077690e-11-4.67706090e+04 7.34953970e+00                   4
C2H2                    C   2H   2          G   200.000  6000.000 1000.00      1
 4.65878489e+00 4.88396667e-03-1.60828888e-06 2.46974544e-10-1.38605959e-14    2
 2.57594042e+04-3.99838194e+00 8.08679682e-01 2.33615762e-02-3.55172234e-05    3
 2.80152958e-08-8.50075165e-12 2.64289808e+04 1.39396761e+01                   4
C2H3  Vinyl Radi  ATcT/AC   2H   3    0    0G   200.00   6000.00  1000.        1 !BURCAT
 4.15026763E+00 7.54021341E-03-2.62997847E-06 4.15974048E-10-2.45407509E-14    2 !H298 = 70.877 kcal/mol
 3.38566380E+04 1.72812235E+00 3.36377642E+00 2.65765722E-04 2.79620704E-05    3 !S298 = 55.84 cal/mol/K
-3.72986942E-08 1.51590176E-11 3.44749589E+04 7.91510092E+00                   4 !
C2H4              g 1/00C   2H   4    0    0G   200.00   6000.00  1000.        1 !BURCAT
 3.99182724E+00 1.04833908E-02-3.71721342E-06 5.94628366E-10-3.53630386E-14    2 !H298 = 12.546 kcal/mol
 4.26865851E+03-2.69081762E-01 3.95920063E+00-7.57051373E-03 5.70989993E-05    3 !S298 = 52.41 cal/mol/K
-6.91588352E-08 2.69884190E-11 5.08977598E+03 4.09730213E+00                   4 !
C2H5              g 7/00C  2.H  5.   0.   0.G   200.00   6000.00  1000.        1 !BURCAT
 4.28800015E+00 1.24337439E-02-4.41384130E-06 7.06527536E-10-4.20342270E-14    2 !H298 = 28.36 kcal/mol
 1.20564209E+04 8.45299829E-01 4.30642051E+00-4.18635208E-03 4.97137768E-05    3 !S298 = 59.05 cal/mol/K
-5.99121792E-08 2.30507301E-11 1.28416330E+04 4.70738797E+00                   4 !
C2H6              g 8/88C  2.H  6.   0.   0.G   200.00   6000.00  1000.        1 !BURCAT
 4.04666411E+00 1.53538802E-02-5.47039485E-06 8.77826544E-10-5.23167531E-14    2 !H298 =-20.04 kcal/mol
-1.24473499E+04-9.68698313E-01 4.29142572E+00-5.50154901E-03 5.99438458E-05    3 !S298 = 54.78 cal/mol/K
-7.08466469E-08 2.68685836E-11-1.15222056E+04 2.66678994E+00                   4 !
CH2CO             T 6/94C   2H   2O   1    0G   200.00   6000.00  1000.        1 !BURCAT
 0.57577901E+01 0.63496507E-02-0.22584407E-05 0.36208462E-09-0.21569030E-13    2 !H298 =-11.40 kcal/mol
-0.79786113E+04-0.61064037E+01 0.21401165E+01 0.18088368E-01-0.17324216E-04    3 !S298 = 57.81 cal/mol/K
 0.92767477E-08-0.19915011E-11-0.70430509E+04 0.12198699E+02-0.57366700E+04    4 !
HCCOH   BUR0302   T 4/93C   2H   2O   1    0G   200.00   6000.00  1000.        1 !BURCAT
 0.63660255E+01 0.55038729E-02-0.18851901E-05 0.29446414E-09-0.17218598E-13    2 !H298 = 22.27 kcal/mol
 0.89184965E+04-0.82504705E+01 0.19654173E+01 0.25585205E-01-0.38773334E-04    3 !S298 = 59.54 cal/mol/K
 0.31566335E-07-0.10081670E-10 0.97694090E+04 0.12602749E+02                   4 !
C3H8              L 4/85C   3H   8          G   300.000  5000.000  1000.000    1
 0.75341368E+01 0.18872239E-01-0.62718491E-05 0.91475649E-09-0.47838069E-13    2
-0.16467516E+05-0.17892349E+02 0.93355381E+00 0.26424579E-01 0.61059727E-05    3
-0.21977499E-07 0.95149253E-11-0.13958520E+05 0.19201691E+02                   4
C3H7              L 9/84C   3H   7          G   300.000  5000.000  1000.000    1
 0.77026987E+01 0.16044203E-01-0.52833220E-05 0.76298590E-09-0.39392284E-13    2
 0.82984336E+04-0.15480180E+02 0.10515518E+01 0.25991980E-01 0.23800540E-05    3
-0.19609569E-07 0.93732470E-11 0.10631863E+05 0.21122559E+02                   4
CH2CHO Vinyloxyl  T04/06C   2H   3O   1    0G   200.00   6000.00  1000.        1 !BURCAT
 5.91636535E+00 8.84650426E-03-3.14954895E-06 5.05413189E-10-3.01304621E-14    2 !H298 =  3.05 kcal/mol
-1.04779892E+03-6.10649981E+00 2.66873956E+00 9.62329538E-03 1.60617438E-05    3 !S298 = 61.85 cal/mol/K
-2.87681820E-08 1.25030066E-11 2.19438429E+02 1.25694476E+01                   4 !
CH3CHO            L 8/88C   2H   4O   1    0G   200.00   6000.00  1000.        1 !BURCAT
 5.40411080E+00 1.17230590E-02-4.22631370E-06 6.83724510E-10-4.09848630E-14    2 !H298 =-166.564+/-0.4 kJ/mol [ATcT(BURCAT)]
-2.26268797E+04-3.48079170E+00 4.72945950E+00-3.19328580E-03 4.75349210E-05    3 !S298 = 63.08 cal/mol/K
-5.74586110E-08 2.19311120E-11-2.16066357E+04 4.10301590E+00                   4 !
C                 L11/88C   1               G   200.000  3500.000  1000.000    1
 2.49266888E+00 4.79889284E-05-7.24335020E-08 3.74291029E-11-4.87277893E-15    2
 8.54512953E+04 4.80150373E+00 2.55423955E+00-3.21537724E-04 7.33792245E-07    3
-7.32234889E-10 2.66521446E-13 8.54438832E+04 4.53130848E+00                   4
HOCH2O     2/16/99 THERMC   1H   3O   2    0G   300.000  5000.000 1452.000    11
 6.39521515E+00 7.43673043E-03-2.50422354E-06 3.84879712E-10-2.21778689E-14    2
-2.41108840E+04-6.63865583E+00 4.11183145E+00 7.53850697E-03 3.77337370E-06    3
-5.38746005E-09 1.45615887E-12-2.28023001E+04 7.46807254E+00                   4
CHCHO                   H   2C   2O   1     G   298.150  2000.000 1000.00      1
 4.92632910E+00 9.71712147E-03-5.54855980E-06 1.53068537E-09-1.64742462E-13    2
 2.89499494E+04 5.27874677E-01 2.33256751E+00 1.62952986E-02-9.72052177E-06    3
 5.15124155E-10 1.03836514E-12 2.96585452E+04 1.39904923E+01                   4
C4H6                    C   4H   6          G   300.000  5000.000 1388.00      1
 1.01064561e+01 1.46248415e-02-5.01373934e-06 7.79510645e-10-4.52675769e-14    2
 9.96133753e+03-2.97310638e+01 1.01356056e+00 3.35722771e-02-1.96279376e-05    3
 5.74803850e-09-6.75029065e-13 1.33956759e+04 1.99957382e+01                   4
C6H9-A                  C   6H   9          G   300.000  5000.000 1400.00      1
 1.70842767e+01 2.08842788e-02-7.14529004e-06 1.10943563e-09-6.43676989e-14    2
 2.01040204e+04-6.39326012e+01-2.66715213e+00 7.26196475e-02-6.05323920e-05    3
 2.66000571e-08-4.74613408e-12 2.64415017e+04 4.02220332e+01                   4
FN2               G 5/97HE 1    0    0    0 G   200.000  6000.00  1000.00      1!FN2 with the thermo data of CORONEN
 4.86101982E+01 5.28772157E-02-1.89008922E-05 3.00178616E-09-1.76469956E-13    2
 1.46941263E+04-2.50296625E+02-1.06425561E+01 1.98516582E-01-1.58382866E-04    3
 6.47916942E-08-1.07944491E-11 3.45791921E+04 6.54214369E+01                   4 
END