T. Le Cong and P. Dagaut, OXIDATION OF H2/CO2 MIXTURES AND EFFECT OF HYDROGEN 
INITIAL CONCENTRATION ON THE COMBUSTION OF CH4 AND CH4/CO2 MIXTURES: EXPERIMENTS 
AND MODELING, Proc. Combust. Inst. 32 (2008)
___________________
Experimental data:
___________________
Figure 1a:
1%H2 t=120ms; phi=0.2; P=1bar
Exp    T(K) H2        O2        H2O
 1     803  1.08E-02  2.48E-02  0.000312
 2     823  1.07E-02  2.37E-02  0.000313
 3     850  1.07E-02  2.88E-02  0.000318
 4     875  1.26E-02  2.37E-02  0.000303
 5     902  7.51E-03  2.21E-02  0.003292
 6     925  3.87E-03  2.04E-02  0.006226
 7     951  1.95E-03  1.95E-02  0.008414
 8     973  1.07E-03  2.06E-02  0.009745
 9    1002  4.41E-04  1.88E-02  0.010103
10    1023  2.64E-04  1.90E-02  0.011036
11    1048  9.84E-05  1.87E-02  0.010503


Figure 1b:
1%H2 t=120ms; phi=0.5; P=1bar
Exp   T(K) H2        O2        H2O
1     826  1.07E-02  1.05E-02  0.000304
2     849  1.07E-02  1.08E-02  0.000279
3     877  1.06E-02  1.09E-02  0.000269
4     895  3.65E-03  6.99E-03  0.006278
5     925  1.79E-03  6.34E-03  0.00938
6     952  7.88E-04  6.70E-03  0.010076
7     975  4.74E-04  5.90E-03  0.010115
8    1001  3.18E-04  5.62E-03  0.010415


Figure 2a:
1%H2 t=120ms; phi=1; P=1bar
Exp   T(K) H2        O2        H2O
1     850  1.12E-02  6.00E-03  0.000279
2     874  1.11E-02  6.10E-03  0.000268
3     899  2.36E-03  1.32E-03  0.00784
4     924  2.49E-03  1.95E-03  0.008525
5     948  2.28E-03  1.91E-03  0.008463
6     973  2.14E-03  3.83E-03  0.00849
7     999  2.12E-03  8.60E-03  0.008893


Figure 2b:
1%H2 t=120ms; phi=2; P=1bar
Exp   T(K) H2        O2        H2O
1     850  1.10E-02  3.76E-03  0.00033
2     872  9.80E-03  3.70E-03  0.000297
3     902  6.59E-03  1.74E-03  0.003386
4     925  6.61E-03  1.74E-03  0.003801
5     950  6.60E-03  1.72E-03  0.003537
6     973  6.53E-03  1.84E-03  0.003373
7     999  6.27E-03  1.89E-03  0.00347
8    1025  6.44E-03  3.80E-03  0.003489


Figure 3a:
1%H2+30%CO2; phi=0.2; t=120ms 1bar
EXP   T(K) H2        O2        H2O       CO
1     900  1.08E-02  2.24E-02  0.000274  0.000005
2     925  9.23E-03  2.28E-02  0.000891  0.000066
3     950  6.52E-03  2.18E-02  0.003789  0.000124
4     976  4.30E-03  2.07E-02  0.006664  0.000162
5    1000  2.09E-03  2.13E-02  0.0086    0.000192
6    1026  9.68E-04  1.96E-02  0.010041  0.000214
7    1052                                0.000329


Figure 3b:
1%H2+30%CO2; phi=0.5; t=120ms 1bar
EXP   T(K) H2        O2        H2O       CO
1     876  9.12E-03  1.12E-02  0.000269  0.000005
2     901  1.02E-02  1.05E-02  0.00027   0.000006
3     927  8.27E-03  9.78E-03  0.001397  0.000068
4     951  4.22E-03  7.75E-03  0.005726  0.000221
5     975  2.38E-03  6.84E-03  0.00874   0.000363
6     999  1.20E-03  6.24E-03  0.010427  0.000479
7    1024  6.07E-04  5.93E-03  0.010536  0.000563
8    1052  3.32E-04  6.42E-03  0.01143   0.000636


Figure 4a:
1%H2+30%CO2; phi=1; t=120ms 1bar
EXP   T(K) H2        O2        H2O       CO
1     900  1.01E-02  6.17E-03  0.000269  0.000006
2     925  1.01E-02  6.09E-03  0.000274  0.000006
3     950  2.10E-03  2.72E-03  0.008864  0.001203
4     974  1.32E-03  2.39E-03  0.010003  0.001714
5    1001  9.26E-04  2.35E-03  0.010681  0.002069
6    1025  6.79E-04  2.42E-03  0.010892  0.002354


Figure 4b:
1%H2+30%CO2; phi=2; t=120ms 1bar
EXP   T(K) H2        O2        H2O       CO
1     900  1.05E-02  4.36E-03  0.000268  0.000006
2     925  1.07E-02  4.07E-03  0.000276  0.000006
3     950  4.26E-03  2.25E-03  0.005998  0.002541
4     975  2.85E-03  2.06E-03  0.007758  0.004025
5     998  1.93E-03  1.89E-03  0.009393  0.005324
6    1027  1.27E-03  2.02E-03  0.010313  0.006167
7    1050  9.46E-04  2.13E-03  0.010947  0.006673


Figure 9:
CH4+H2+O2+N2, O2=6.67%
T=1025K 1atm phi=0.3 ; 120ms
exp   %H2  CH4       CO        CO2       CH2O      H2O       C2H4
1       0  0.009505  0.00001   0.000009  0.000021  0.000219  0.000008
2     0.4  0.007102  0.001473  0.000109  0.000182  0.002129  0.000151
3     0.8  0.002614  0.004051  0.001912  0.000105  0.013694  0.00011
4     1.2  0.000985  0.003391  0.003513  0.000079  0.020840  0.000039
5     1.6  0.000445  0.002484  0.003888  0.000025  0.025527  0.000016
6       2  0.00008   0.001652  0.004007  0         0.029567  0.000008


Figure 10:
CH4+H2+20%CO2+O2+N2, O2=6.67%
T=1025K 1atm phi=0.3 ; 120ms
exp   %CH4    %H2  CH4       CO        CH2O      H2O       C2H4
1       1       0  0.009459  4.87E-06  0.000004  0.000213  0.000015
2     0.9     0.4  0.0077    0.000819  0.000153  0.000929  0.000097
3     0.8     0.8  0.004466  0.00339   0.000143  0.007769  0.000137
4     0.7     1.2  0.002229  0.004277  0.000091  0.014687  0.000077
5     0.6     1.6  0.001114  0.003878  0.000057  0.019763  0.000038
6     0.5       2  0.000542  0.003059  0.000025  0.024037  0.000023


Figure 11:
CH4+H2+O2+N2, O2=6.67%
T=1025K 10atm phi=0.3 ; 250ms
exp    %H2  CH4       CO        CO2       CH2O      H2O       C2H4
1        0  0.008768  0.00073   0.000041  0.00019   0.001704  0.000042
2      0.4  0.005744  0.002171  0.000372  0.000187  0.006825  0.000084
3      0.8  0.003727  0.002658  0.000718  0.000142  0.011195  0.000065
4      1.2  0.002674  0.002779  0.000986  0.000104  0.015462  0.000044
5      1.6  0.001862  0.00252   0.001106  0.000072  0.018611  0.00003
6        2  0.001187  0.002285  0.001202  0.000045  0.022328  0.000013


Figure 12:
CH4+H2+20%CO2+O2+N2, O2=6.67%
T=1025K 10atm phi=0.3 ; 250ms
Exp  %CH4     %H2  CH4        CO        H2O       CH2O      C2H4
1       1       0  0.008759   0.000874  0.006222  0.000202  0.000064
2     0.9     0.4  0.005803   0.002082  0.013208  0.000185  0.000091
3     0.8     0.8  0.004018   0.002583  0.019316  0.000143  0.000072
4     0.7     1.2  0.002693   0.002646  0.024496  0.000102  0.000048
5     0.6     1.6  0.00183    0.002457  0.028977  0.00007   0.000031
6     0.5       2  0.001128   0.002234  0.034134  0.000043  0.000017



