!CPT-DME_20191112
!TRANSPORT

!THIS WORK WAS PERFORMED UNDER THE AUSPICES OF THE U.S. DEPARTMENT OF ENERGY BY
!LAWRENCE LIVERMORE NATIONAL LABORATORY UNDER CONTRACT DE-AC52-07NA27344.

!THIS DOCUMENT WAS PREPARED AS AN ACCOUNT OF WORK SPONSORED BY AN AGENCY OF THE 
!UNITED STATES GOVERNMENT. NEITHER THE UNITED STATES GOVERNMENT NOR LAWRENCE 
!LIVERMORE NATIONAL SECURITY, LLC, NOR ANY OF THEIR EMPLOYEES MAKES ANY 
!WARRANTY, EXPRESSED OR IMPLIED, OR ASSUMES ANY LEGAL LIABILITY OR 
!RESPONSIBILITY FOR THE ACCURACY, COMPLETENESS, OR USEFULNESS OF ANY 
!INFORMATION, APPARATUS, PRODUCT, OR PROCESS DISCLOSED, OR REPRESENTS THAT ITS 
!USE WOULD NOT INFRINGE PRIVATELY OWNED RIGHTS. REFERENCE HEREIN TO ANY SPECIFIC
!COMMERCIAL PRODUCT, PROCESS, OR SERVICE BY TRADE NAME, TRADEMARK, MANUFACTURER,
!OR OTHERWISE DOES NOT NECESSARILY CONSTITUTE OR IMPLY ITS ENDORSEMENT, 
!RECOMMENDATION, OR FAVORING BY THE UNITED STATES GOVERNMENT OR LAWRENCE 
!LIVERMORE NATIONAL SECURITY, LLC. THE VIEWS AND OPINIONS OF AUTHORS EXPRESSED 
!HEREIN DO NOT NECESSARILY STATE OR REFLECT THOSE OF THE UNITED STATES 
!GOVERNMENT OR LAWRENCE LIVERMORE NATIONAL SECURITY, LLC, AND SHALL NOT BE USED 
!FOR ADVERTISING OR PRODUCT ENDORSEMENT PURPOSES.



AR                  0       136.500     3.330     0.000     0.000     0.000 
N2                  1        97.530     3.621     0.000     1.760     4.000 
HE                  0        10.200     2.576     0.000     0.000     0.000 
H2                  1        38.000     2.920     0.000     0.790   280.000 
H                   0       145.000     2.050     0.000     0.000     0.000 
O2                  1       107.400     3.458     0.000     1.600     3.800 
O                   0        80.000     2.750     0.000     0.000     0.000 
H2O                 2       572.400     2.605     1.844     0.000     4.000 
OH                  1        80.000     2.750     0.000     0.000     0.000 
OHV                 1        80.000     2.750     0.000     0.000     0.000 
H2O2                2       107.400     3.458     0.000     0.000     3.800 
HO2                 2       107.400     3.458     0.000     0.000     1.000 
CO                  1        98.100     3.650     0.000     1.950     1.800 
CO2                 1       244.000     3.763     0.000     2.650     2.100 
HOCO                2       498.000     3.590     0.000     0.000     2.000 
CH4                 2       141.400     3.746     0.000     2.600    13.000 
CH3                 1       144.000     3.800     0.000     0.000     0.000 
CH2                 1       144.000     3.800     0.000     0.000     0.000 
CH2(S)              1       144.000     3.800     0.000     0.000     0.000 
C                   0        71.400     3.298     0.000     0.000     0.000 
CH                  1        80.000     2.750     0.000     0.000     0.000 
CHV                 1        80.000     2.750     0.000     0.000     0.000 
CH3O2H              2       481.800     3.626     0.000     0.000     1.000 
CH3O2               2       481.800     3.626     0.000     0.000     1.000 
CH2O2H              2       238.400     3.496     0.000     0.000     1.500 
CH3OH               2       481.800     3.626     0.000     0.000     1.000 
CH3O                2       417.000     3.690     1.700     0.000     2.000 
CH2OH               2       417.000     3.690     1.700     0.000     2.000 
CH2O                2       498.000     3.590     0.000     0.000     2.000 
HCO                 2       498.000     3.590     0.000     0.000     0.000 
HCOH                2       498.000     3.590     0.000     0.000     1.000 
HO2CHO              2       436.000     3.970     0.000     0.000     2.000 
HOCH2O2H            2       481.800     3.626     1.700     0.000     1.000 
HOCH2O2             2       481.800     3.626     1.700     0.000     1.000 
OCH2O2H             2       481.800     3.626     1.700     0.000     1.000 
HOCH2O              2       470.600     4.410     0.000     0.000     1.500 
O2CHO               2       436.000     3.970     0.000     0.000     2.000 
HOCHO               2       436.000     3.970     0.000     0.000     2.000 
OCHO                2       498.000     3.590     0.000     0.000     2.000 
C2H6                2       247.500     4.350     0.000     0.000     1.500 
C2H5                2       247.500     4.350     0.000     0.000     1.500 
C2H5O2H             2       470.600     4.410     0.000     0.000     1.500 
C2H5O2              2       470.600     4.410     0.000     0.000     1.500 
C2H4                2       238.400     3.496     0.000     0.000     1.500 
C2H3                2       265.300     3.721     0.000     0.000     1.000 
CHOCHO              1       440.200     4.010     0.000     0.000     2.000 
C2H3OOH             2       436.000     3.970     0.000     0.000     2.000 
C2H3OO              2       436.000     3.970     0.000     0.000     2.000 
CHCHO               2       436.000     3.970     0.000     0.000     2.000 
C2H2                1       265.300     3.721     0.000     0.000     2.500 
C2H                 1       265.300     3.721     0.000     0.000     2.500 
H2CC                2       209.000     4.100     0.000     0.000     2.500 
C2H5OH              2       470.600     4.410     0.000     0.000     1.500 
C2H5O               2       470.600     4.410     0.000     0.000     1.500 
PC2H4OH             2       470.600     4.410     0.000     0.000     1.500 
SC2H4OH             2       470.600     4.410     0.000     0.000     1.500 
O2C2H4OH            2       523.200     5.664     1.700     0.000     1.000 
C2H4O2H             2       470.600     4.410     0.000     0.000     1.500 
C2H4O1-2            2       436.000     3.970     0.000     0.000     2.000 
C2H3O1-2            2       436.000     3.970     0.000     0.000     2.000 
CH3CHO              2       436.000     3.970     0.000     0.000     2.000 
CH3CO               2       436.000     3.970     0.000     0.000     2.000 
CH2CHO              2       436.000     3.970     0.000     0.000     2.000 
O2CH2CHO            2       275.049     5.428     0.000     0.000     1.000 
HO2CH2CO            2       279.007     5.505     1.300     0.000     1.000 
C2H3OH              2       470.600     4.410     0.000     0.000     1.500 
C2H2OH              2       224.700     4.162     0.000     0.000     1.000 
CH2CO               2       436.000     3.970     0.000     0.000     2.000 
HCCO                2       150.000     2.500     0.000     0.000     1.000 
HCCOH               2       436.000     3.970     0.000     0.000     2.000 
CH3CO3H             2       436.000     3.970     0.000     0.000     2.000 
CH3CO3              2       436.000     3.970     0.000     0.000     2.000 
CH3CO2              2       436.000     3.970     0.000     0.000     2.000 
CH3OCH3             2       395.000     4.037     1.300     0.000     1.000 
CH3OCH2             2       395.000     4.037     1.300     0.000     1.000 
CH3OCH2O2H          2       395.000     4.037     1.300     0.000     1.000 
CH3OCH2O2           2       395.000     4.037     1.300     0.000     1.000 
CH2OCH2O2H          2       395.000     4.037     1.300     0.000     1.000 
O2CH2OCH2O2H        2       395.000     4.037     1.300     0.000     1.000 
HO2CH2OCHO          2       395.000     4.037     1.300     0.000     1.000 
OCH2OCHO            2       395.000     4.037     1.300     0.000     1.000 
HOCH2OCO            2       395.000     4.037     1.300     0.000     1.000 
CH3OCH2O            2       395.000     4.037     1.300     0.000     1.000 
CH3OCHO             2       395.000     4.037     1.300     0.000     1.000 
CH3OCO              2       395.000     4.037     1.300     0.000     1.000 
CH2OCHO             2       395.000     4.037     1.300     0.000     1.000 
C3H8                2       303.400     4.810     0.000     0.000     1.000 
IC3H7               2       303.400     4.810     0.000     0.000     1.000 
NC3H7               2       303.400     4.810     0.000     0.000     1.000 
NC3H7O2H            2       481.500     4.997     1.700     0.000     1.000 
NC3H7O2             2       481.500     4.997     1.700     0.000     1.000 
IC3H7O2H            2       459.500     5.036     1.700     0.000     1.000 
IC3H7O2             2       459.500     5.036     1.700     0.000     1.000 
NC3H7O              2       481.500     4.997     1.700     0.000     1.000 
IC3H7O              2       459.500     5.036     1.700     0.000     1.000 
C3H6OOH1-2          2       435.200     4.662     2.700     0.000     1.000 
C3H6OOH1-3          2       435.200     4.662     2.700     0.000     1.000 
C3H6OOH2-1          2       435.200     4.662     2.700     0.000     1.000 
C3H6OOH1-2O2        2       435.200     4.662     2.700     0.000     1.000 
C3H6OOH1-3O2        2       435.200     4.662     2.700     0.000     1.000 
C3H6OOH2-1O2        2       435.200     4.662     2.700     0.000     1.000 
C3KET12             2       464.200     5.009     2.600     0.000     1.000 
C3KET13             2       464.200     5.009     2.600     0.000     1.000 
C3H51-2,3OOH        2       549.655     5.716     0.000     0.000     0.000 
C3H52-1,3OOH        2       549.655     5.716     0.000     0.000     0.000 
C3H5O1-2OOH-3       2       464.200     5.009     2.600     0.000     1.000 
C3H5O1-3OOH-2       2       464.200     5.009     2.600     0.000     1.000 
C3H6O1-2            2       403.600     4.968     2.000     0.000     1.000 
C3H6O1-3            2       403.600     4.968     2.000     0.000     1.000 
C3H6                2       307.800     4.140     0.000     0.000     1.000 
C3H5-A              2       316.000     4.220     0.000     0.000     1.000 
C3H5-S              2       316.000     4.220     0.000     0.000     1.000 
C3H5-T              2       316.000     4.220     0.000     0.000     1.000 
CC3H6               2       307.800     4.140     0.000     0.000     1.000 
C3H5O               2       411.000     4.820     0.000     0.000     1.000 
CH2CHOCH2           2       411.000     4.820     0.000     0.000     1.000 
CH3CHCHO            2       387.860     4.687     0.000     0.000     0.000 
AC4H7OOH            2       330.435     5.741     0.000     0.000     1.000 
C3H6OH1-2           2       487.900     4.820     0.000     0.000     1.000 
CH3CHCO             2       443.200     4.120     0.000     0.000     1.000 
AC3H5OOH            2       481.500     4.997     1.700     0.000     1.000 
C3H6OH2-1           2       487.900     4.820     0.000     0.000     1.000 
HOC3H6O2            2       487.900     4.820     0.000     0.000     1.000 
SC3H5OH             2       304.276     5.450     0.000     0.000     1.000 
IC3H5OH             2       459.500     5.036     1.700     0.000     1.000 
C3H5OH              2       481.500     4.997     1.700     0.000     1.000 
CH2CCH2OH           2       481.500     4.997     1.700     0.000     1.000 
C3H4-P              1       324.800     4.290     0.000     0.000     1.000 
C3H4-A              1       324.800     4.290     0.000     0.000     1.000 
C3H3                1       324.800     4.290     0.000     0.000     1.000 
CC3H4               1       252.000     4.760     0.000     0.000     1.000 
C3H2                2       209.000     4.100     0.000     0.000     1.000 
H2CCC(S)            2       265.300     3.721     0.000     0.000     1.000 
C3H2(S)             2       209.000     4.100     0.000     0.000     1.000 
C3H2C               1       290.616     4.368     0.000     0.000     1.000 
PC3H4OH-2           2       300.783     5.377     0.000     0.000     1.000 
SC3H4OH             2       298.893     5.345     0.000     0.000     1.000 
C3H3O               2       301.263     5.055     0.000     0.000     1.000 
C3H3O2H             2       301.658     5.310     0.000     0.000     1.000 
C2HCHO              2       343.033     4.884     0.000     0.000     1.000 
C2H5CHO             2       435.200     4.662     2.700     0.000     1.000 
C2H5CO              2       424.600     4.820     0.000     0.000     1.000 
CH2CH2CHO           2       424.600     4.820     0.000     0.000     1.000 
C2H3CHO             2       428.800     4.958     2.900     0.000     1.000 
C2H3CO              2       443.200     4.120     0.000     0.000     1.000 
CH3COCH3            2       435.500     4.860     0.000     0.000     1.000 
CH3COCH2            2       435.500     4.860     0.000     0.000     1.000 
CH3COCH2O2          2       502.115     5.429     0.000     0.000     0.000 
CH3COCH2O           2       447.639     5.086     0.000     0.000     0.000 
C3KET21             2       464.200     5.009     2.600     0.000     1.000 
C4H10               2       350.900     5.206     0.000     0.000     1.000 
PC4H9               2       352.000     5.240     0.000     0.000     1.000 
SC4H9               2       352.000     5.240     0.000     0.000     1.000 
PC4H9O              2       496.000     5.200     0.000     0.000     1.000 
SC4H9O              2       496.000     5.200     0.000     0.000     1.000 
PC4H9O2             2       496.000     5.200     0.000     0.000     1.000 
SC4H9O2             2       496.000     5.200     0.000     0.000     1.000 
PC4H9O2H            2       496.000     5.200     0.000     0.000     1.000 
SC4H9O2H            2       496.000     5.200     0.000     0.000     1.000 
C4H8OOH1-2          2       496.000     5.200     0.000     0.000     1.000 
C4H8OOH1-3          2       496.000     5.200     0.000     0.000     1.000 
C4H8OOH1-4          2       496.000     5.200     0.000     0.000     1.000 
C4H8OOH2-1          2       496.000     5.200     0.000     0.000     1.000 
C4H8OOH2-3          2       496.000     5.200     0.000     0.000     1.000 
C4H8OOH2-4          2       496.000     5.200     0.000     0.000     1.000 
C4H8O1-2            2       496.000     5.200     0.000     0.000     1.000 
C4H8O1-3            2       496.000     5.200     0.000     0.000     1.000 
C4H8O1-4            2       496.000     5.200     0.000     0.000     1.000 
C4H8O2-3            2       496.000     5.200     0.000     0.000     1.000 
C4H8OOH1-2O2        2       496.000     5.200     0.000     0.000     1.000 
C4H8OOH1-3O2        2       496.000     5.200     0.000     0.000     1.000 
C4H8OOH1-4O2        2       496.000     5.200     0.000     0.000     1.000 
C4H8OOH2-1O2        2       496.000     5.200     0.000     0.000     1.000 
C4H8OOH2-3O2        2       496.000     5.200     0.000     0.000     1.000 
C4H8OOH2-4O2        2       496.000     5.200     0.000     0.000     1.000 
C4H71-2,4OOH        2       496.000     5.200     0.000     0.000     1.000 
C4H72-1,3OOH        2       496.000     5.200     0.000     0.000     1.000 
C4H72-1,4OOH        2       496.000     5.200     0.000     0.000     1.000 
C4H71-2,3OOH        2       496.000     5.200     0.000     0.000     1.000 
C4H7O1-3OOH-4       2       476.000     5.778     2.600     0.000     1.000 
C4H7O1-3OOH-2       2       476.000     5.778     2.600     0.000     1.000 
C4H7O1-2OOH-4       2       476.000     5.778     2.600     0.000     1.000 
C4H7O1-4OOH-2       2       476.000     5.778     2.600     0.000     1.000 
C4H7O1-2OOH-3       2       476.000     5.778     2.600     0.000     1.000 
C4H7O2-3OOH-1       2       476.000     5.778     2.600     0.000     1.000 
C4H72-1OOH          2       496.000     5.200     0.000     0.000     1.000 
NC4KET12            2       476.000     5.778     2.600     0.000     1.000 
NC4KET13            2       476.000     5.778     2.600     0.000     1.000 
NC4KET14            2       476.000     5.778     2.600     0.000     1.000 
NC4KET21            2       476.000     5.778     2.600     0.000     1.000 
NC4KET23            2       476.000     5.778     2.600     0.000     1.000 
NC4KET24            2       476.000     5.778     2.600     0.000     1.000 
C4H71-3OOH          2       496.000     5.200     0.000     0.000     1.000 
C4H71-3,4OOH        2       496.000     5.200     0.000     0.000     1.000 
C4H72-3,4OOH        2       496.000     5.200     0.000     0.000     1.000 
HO2CH2CHO           2       275.049     5.428     0.000     0.000     1.000 
IC4H10              2       335.700     5.208     0.100     0.000     1.000 
IC4H9               2       352.000     5.240     0.000     0.000     1.000 
TC4H9               2       352.000     5.240     0.000     0.000     1.000 
TC4H9O              2       496.000     5.200     0.000     0.000     1.000 
IC4H9O              2       496.000     5.200     0.000     0.000     1.000 
IC4H8O              2       436.400     5.352     0.000     0.000     1.000 
IC3H7CHO            2       436.400     5.352     0.000     0.000     1.000 
IC3H7CO             2       436.400     5.352     0.000     0.000     1.000 
IC3H6CHO            2       436.400     5.352     0.000     0.000     1.000 
TC3H6CHO            2       436.400     5.352     0.000     0.000     1.000 
IC3H5CHO            2       436.400     5.352     0.000     0.000     1.000 
TC3H6O2CHO          2       436.400     5.352     0.000     0.000     1.000 
IC3H5O2HCHO         2       436.400     5.352     0.000     0.000     1.000 
TC3H6O2HCO          2       436.400     5.352     0.000     0.000     1.000 
TC3H6OCHO           2       436.400     5.352     0.000     0.000     1.000 
IC3H6CO             2       436.400     5.352     0.000     0.000     1.000 
IC3H5CO             2       436.400     5.352     0.000     0.000     1.000 
IC3H4CHO-A          2       436.400     5.352     0.000     0.000     1.000 
SC4H7OH-I           2       436.400     5.352     0.000     0.000     1.000 
IC4H9O2             2       502.252     5.430     0.000     0.000     0.000 
TC4H9O2             2       502.252     5.430     0.000     0.000     0.000 
IC4H8O2H-I          2       502.200     5.356     1.800     0.000     1.000 
IC4H8O2H-T          2       502.200     5.356     1.800     0.000     1.000 
TC4H8O2H-I          2       502.200     5.356     1.800     0.000     1.000 
CC4H8O              2       444.197     5.063     0.000     0.000     0.000 
IC4H8OOH-IO2        2       600.078     6.009     0.000     0.000     0.000 
IC4H8OOH-TO2        2       600.078     6.009     0.000     0.000     0.000 
TC4H8OOH-IO2        2       600.078     6.009     0.000     0.000     0.000 
IC4KETII            2       549.655     5.716     0.000     0.000     0.000 
IC4KETIT            2       549.655     5.716     0.000     0.000     0.000 
TIC4H7Q2-I          2       600.078     6.009     0.000     0.000     0.000 
IIC4H7Q2-I          2       600.078     6.009     0.000     0.000     0.000 
IIC4H7Q2-T          2       600.078     6.009     0.000     0.000     0.000 
IC4H7OOH            2       436.400     5.352     0.000     0.000     1.000 
IC4H9O2H            2       505.540     5.450     0.000     0.000     0.000 
TC4H9O2H            2       505.540     5.450     0.000     0.000     0.000 
IC4H8               2       344.500     5.089     0.500     0.000     1.000 
IC4H7               2       355.000     4.650     0.000     0.000     1.000 
IC4H7-I1            2       380.022     4.633     0.000     0.000     0.000 
IC4H7O2             2       436.400     5.352     0.000     0.000     1.000 
IC4H6OOH-I          2       436.400     5.352     0.000     0.000     1.000 
CCYCCOOC-T1         2       436.400     5.352     0.000     0.000     1.000 
C2CYCOOC-I1         2       436.400     5.352     0.000     0.000     1.000 
IC4H7O              2       496.000     5.200     0.000     0.000     1.000 
CCYC2OCO            2       436.400     5.352     0.000     0.000     1.000 
CCYCCOOC-I2         2       436.400     5.352     0.000     0.000     1.000 
CHOIC3H6O           2       436.400     5.352     0.000     0.000     1.000 
IC3H5OOCH2          2       436.400     5.352     0.000     0.000     1.000 
IC4H8OH-IT          2       496.000     5.200     0.000     0.000     1.000 
IC4H8OH-TI          2       496.000     5.200     0.000     0.000     1.000 
IC4H7OH             2       502.200     5.356     1.800     0.000     1.000 
IC4H8OH             2       496.000     5.200     0.000     0.000     1.000 
IC4H6OH             2       502.200     5.356     1.800     0.000     1.000 
TQJC4H8OH           2       502.200     5.356     1.800     0.000     1.000 
TQC4H8OI            2       502.200     5.356     1.800     0.000     1.000 
QC4H7OHP            2       502.200     5.356     1.800     0.000     1.000 
TQC4H7OHI           2       502.200     5.356     1.800     0.000     1.000 
CCY(CCO)COH         2       436.400     5.352     0.000     0.000     1.000 
C2CY(COC)OH         2       436.400     5.352     0.000     0.000     1.000 
IQJC4H8OH           2       502.200     5.356     1.800     0.000     1.000 
IC3H6OHCHO          2       436.400     5.352     0.000     0.000     1.000 
IQC4H8OT            2       502.200     5.356     1.800     0.000     1.000 
IQC4H7OHT           2       502.200     5.356     1.800     0.000     1.000 
CCY(CCOC)OH         2       436.400     5.352     0.000     0.000     1.000 
CH2COHCH2OOH        2       464.200     5.009     2.600     0.000     1.000 
TC3H6OH             2       459.500     5.036     1.700     0.000     1.000 
TQC4H7OHIO2         2       523.200     5.664     1.700     0.000     1.000 
TQC4H7OHTO2         2       523.200     5.664     1.700     0.000     1.000 
TQC4H7OHIQ-I        2       523.200     5.664     1.700     0.000     1.000 
TQC4H7OHIQ-P        2       523.200     5.664     1.700     0.000     1.000 
IC3H5COHQ           2       476.000     5.778     2.600     0.000     1.000 
IC3H5Q              2       481.500     4.997     1.700     0.000     1.000 
HOCOCQ(CH3)2        2       597.176     5.992     0.000     0.000     0.000 
IQC4H7OHTO2         2       523.200     5.664     1.700     0.000     1.000 
IQC4H8OTQ-I         2       523.200     5.664     1.700     0.000     1.000 
IQC4H7OHTQ-P        2       523.200     5.664     1.700     0.000     1.000 
CHOC(CH3)OHCH2Q     2       597.176     5.992     0.000     0.000     0.000 
CO(CH2OOH)2         2       496.000     5.200     0.000     0.000     1.000 
IC3H5OCH2           2       496.000     5.200     0.000     0.000     1.000 
IC4H7OOCH3          2       523.200     5.664     1.700     0.000     1.000 
IC4H7OOIC4H7        2       523.200     5.664     1.700     0.000     1.000 
C4H8-1              2       355.000     4.650     0.000     0.000     1.000 
C4H8-2              2       355.000     4.650     0.000     0.000     1.000 
C4H71-1             2       357.100     4.720     0.000     0.000     1.000 
C4H71-2             2       357.100     4.720     0.000     0.000     1.000 
C4H71-3             2       357.100     4.720     0.000     0.000     1.000 
C4H71-4             2       357.100     4.720     0.000     0.000     1.000 
C4H72-2             2       357.100     4.720     0.000     0.000     1.000 
C4H71-O             2       496.000     5.200     0.000     0.000     1.000 
PC4H8OH-2           2       496.000     5.200     0.000     0.000     1.000 
SC4H8OH-1           2       496.000     5.200     0.000     0.000     1.000 
SC4H8OH-3           2       496.000     5.200     0.000     0.000     1.000 
C4H71-3OH           2       436.400     5.352     0.000     0.000     1.000 
C4H71-4OH           2       436.400     5.352     0.000     0.000     1.000 
C4H71-1OH           2       436.400     5.352     0.000     0.000     1.000 
C4H71-2OH           2       436.400     5.352     0.000     0.000     1.000 
C4H72-1OH           2       436.400     5.352     0.000     0.000     1.000 
C4H72-2OH           2       436.400     5.352     0.000     0.000     1.000 
SQC4H8OP            2       502.200     5.356     1.800     0.000     1.000 
PQC4H8OS            2       502.200     5.356     1.800     0.000     1.000 
PQC4H7OHS-3         2       502.200     5.356     1.800     0.000     1.000 
NC4KET12OH          2       436.400     5.352     0.000     0.000     1.000 
SQC4H7OHS-4         2       502.200     5.356     1.800     0.000     1.000 
SQC4H8OS            2       502.200     5.356     1.800     0.000     1.000 
NC4KET23OH          2       436.400     5.352     0.000     0.000     1.000 
SC4H8OH-3O2         2       502.200     5.356     1.800     0.000     1.000 
CCY(COCC)OH         2       436.400     5.352     0.000     0.000     1.000 
C4H7O2-1            2       436.400     5.352     0.000     0.000     1.000 
C4H6-1              2       357.000     4.720     0.000     0.000     1.000 
AC3H5OCH2           2       523.200     5.664     1.700     0.000     1.000 
SC3H5OCH2-1         2       496.000     5.200     0.000     0.000     1.000 
C8H141-5,3-4        2       464.800     5.290     0.000    10.320     0.000 
C8H141-5,3          2       464.800     5.290     0.000    10.320     0.000 
C8H142-6            2       464.800     5.290     0.000    10.320     0.000 
C8H131-5,3-4,TA     2       395.000     4.037     1.300     0.000     1.000 
C8H131-5,3,TA       2       395.000     4.037     1.300     0.000     1.000 
C8H131-5,3,SA       2       395.000     4.037     1.300     0.000     1.000 
C8H131-5,3,PA       2       395.000     4.037     1.300     0.000     1.000 
C8H132-6,SA         2       395.000     4.037     1.300     0.000     1.000 
C8H132-6,PA         2       395.000     4.037     1.300     0.000     1.000 
C6H101-3,3          2       337.788     5.608     0.000     0.000     1.000 
C8H131-5,3-4,TAO    2       581.300     6.506     2.000     0.000     1.000 
C8H131-5,3,TAO      2       581.300     6.506     2.000     0.000     1.000 
C8H131-5,3,SAO      2       581.300     6.506     2.000     0.000     1.000 
C8H131-5,3,PAO      2       581.300     6.506     2.000     0.000     1.000 
C8H132-6,SAO        2       581.300     6.506     2.000     0.000     1.000 
C8H132-6,PAO        2       581.300     6.506     2.000     0.000     1.000 
C7H111-5,3,6P       2       450.000     5.500     0.000     0.000     1.000 
C7H111-5,1P         2       450.000     5.500     0.000     0.000     1.000 
C4H64,2-1OH         2       496.000     5.200     0.000     0.000     1.000 
C4H63,1-1OH         2       496.000     5.200     0.000     0.000     1.000 
C4H63,1-3OH         2       496.000     5.200     0.000     0.000     1.000 
C4H63,1-2OH         2       496.000     5.200     0.000     0.000     1.000 
C4H5OH-13           2       436.400     5.352     0.000     0.000     1.000 
SQC4H7OHP-4         2       502.200     5.356     1.800     0.000     1.000 
CY(CCCO)COH         2       436.400     5.352     0.000     0.000     1.000 
NC4KET21OH          2       436.400     5.352     0.000     0.000     1.000 
C2H5CHOHCO          2       436.400     5.352     0.000     0.000     1.000 
CH3COCOHCH3         2       436.400     5.352     0.000     0.000     1.000 
C2H4COCH2OH         2       436.400     5.352     0.000     0.000     1.000 
CH3COHCO            2       301.658     5.310     0.000     0.000     1.000 
CH2COHCHO           2       301.658     5.310     0.000     0.000     1.000 
SQC4H7OHP-4O2       2       523.200     5.664     1.700     0.000     1.000 
PQC4H7OHS-3O2       2       523.200     5.664     1.700     0.000     1.000 
SQC4H7OHS-4O2       2       523.200     5.664     1.700     0.000     1.000 
C4H7O2-1,3OOH       2       523.200     5.664     1.700     0.000     1.000 
NC4KET13OH-2        2       597.176     5.992     0.000     0.000     0.000 
NC4KET24OH-1        2       597.176     5.992     0.000     0.000     0.000 
NC4KET24OH-3        2       597.176     5.992     0.000     0.000     0.000 
C4H6OHOOH1-4-3      2       476.000     5.778     2.600     0.000     1.000 
C4H6OHOOH2-2-1      2       476.000     5.778     2.600     0.000     1.000 
C4H6OHOOH1-3-4      2       476.000     5.778     2.600     0.000     1.000 
C4H6OHOOH1-2-3      2       476.000     5.778     2.600     0.000     1.000 
HOCH2CHO            2       395.000     4.037     1.300     0.000     1.000 
C4H71-4OOH          2       496.000     5.200     0.000     0.000     1.000 
C4H71-4O2           2       436.400     5.352     0.000     0.000     1.000 
C4H61-3OOH4         2       436.400     5.352     0.000     0.000     1.000 
C4H6O1-3OOH4        2       436.400     5.352     0.000     0.000     1.000 
C4H6O2-1OOH4        2       436.400     5.352     0.000     0.000     1.000 
HOCH2COCH2          2       447.639     5.086     0.000     0.000     0.000 
HOCH2CO             2       436.000     3.970     0.000     0.000     2.000 
HOCHCHO             2       436.000     3.970     0.000     0.000     2.000 
PC3H4OH-3           2       411.000     4.820     0.000     0.000     1.000 
PC3H4OH-1           2       411.000     4.820     0.000     0.000     1.000 
CH3COCHOH           2       447.639     5.086     0.000     0.000     0.000 
SC2H2OH             2       436.000     3.970     0.000     0.000     2.000 
PC4H8OH-1           2       496.000     5.200     0.000     0.000     1.000 
PC4H8OH-3           2       496.000     5.200     0.000     0.000     1.000 
C4H7O1-4            2       476.000     5.778     2.600     0.000     1.000 
PC4H8OH-4           2       496.000     5.200     0.000     0.000     1.000 
SC4H8OH-2           2       496.000     5.200     0.000     0.000     1.000 
CH2COHCO            2       435.200     4.662     2.700     0.000     1.000 
C4H72-2O2           2       436.400     5.352     0.000     0.000     1.000 
C4H71-1O2           2       436.400     5.352     0.000     0.000     1.000 
C4H71-2O2           2       436.400     5.352     0.000     0.000     1.000 
C3H6OH1-1           2       481.500     4.997     1.700     0.000     1.000 
PC4H8OH-2O2         2       502.200     5.356     1.800     0.000     1.000 
SC4H8OH-1O2         2       502.200     5.356     1.800     0.000     1.000 
C4H71-3OOCH3        2       523.200     5.664     1.700     0.000     1.000 
C4H72-1OOCH3        2       523.200     5.664     1.700     0.000     1.000 
C4H6                2       357.000     4.720     0.000     0.000     1.000 
C4H612              2       357.000     5.180     0.000     0.000     1.000 
C4H6-2              2       357.000     5.180     0.000     0.000     1.000 
C4H5-I              2       357.000     5.180     0.000     0.000     1.000 
C4H5-N              2       357.000     5.180     0.000     0.000     1.000 
C4H5-2              2       357.000     5.180     0.000     0.000     1.000 
C4H4                2       357.000     5.180     0.000     0.000     1.000 
C4H3-I              2       357.000     5.180     0.000     0.000     1.000 
C4H3-N              2       357.000     5.180     0.000     0.000     1.000 
C4H2                1       357.000     4.720     0.000     0.000     1.000 
C2H3CHOCH2          1       357.000     5.180     0.000     0.000     1.000 
C4H4O               1       357.000     5.180     0.000     0.000     1.000 
C4H6O23             1       357.000     5.180     0.000     0.000     1.000 
CH2CHCHCHO          1       357.000     5.180     0.000     0.000     1.000 
H2C4O               2       357.000     5.180     0.000     0.000     1.000 
NC3H7CHO            2       464.200     5.009     2.600     0.000     1.000 
NC3H7CO             2       464.200     5.009     2.600     0.000     1.000 
C3H6CHO-1           2       464.200     5.009     2.600     0.000     1.000 
C3H6CHO-2           2       464.200     5.009     2.600     0.000     1.000 
C3H6CHO-3           2       464.200     5.009     2.600     0.000     1.000 
SC3H5CHO            2       464.200     5.009     2.600     0.000     1.000 
SC3H5CO             2       464.200     5.009     2.600     0.000     1.000 
C2H5COCH3           2       454.000     5.413     3.300     0.000     1.000 
C2H5COCH2           2       454.000     5.413     3.300     0.000     1.000 
CH2CH2COCH3         2       440.584     5.040     0.000     0.000     0.000 
CH3CHCOCH3          2       440.584     5.040     0.000     0.000     0.000 
C2H3COCH3           2       454.000     5.413     3.300     0.000     1.000 
CH3CHOOCOCH3        2       546.562     5.698     0.000     0.000     0.000 
CH2CHOOHCOCH3       2       546.562     5.698     0.000     0.000     0.000 
C2H5CHCO            2       436.950     5.016     0.000     0.000     0.000 
NC5H12              2       391.700     5.591     0.000     0.000     1.000 
C5H11-1             2       523.200     5.664     1.700     0.000     1.000 
C5H11-2             2       523.200     5.664     1.700     0.000     1.000 
C5H11-3             2       523.200     5.664     1.700     0.000     1.000 
C5H11O2H-1          2       523.200     5.664     1.700     0.000     1.000 
C5H11O2H-2          2       523.200     5.664     1.700     0.000     1.000 
C5H11O2H-3          2       523.200     5.664     1.700     0.000     1.000 
C5H11O2-1           2       523.200     5.664     1.700     0.000     1.000 
C5H11O2-2           2       523.200     5.664     1.700     0.000     1.000 
C5H11O2-3           2       523.200     5.664     1.700     0.000     1.000 
C5H11O-1            2       523.200     5.664     1.700     0.000     1.000 
C5H11O-2            2       523.200     5.664     1.700     0.000     1.000 
C5H11O-3            2       523.200     5.664     1.700     0.000     1.000 
C5H10OOH1-2         2       523.200     5.664     1.700     0.000     1.000 
C5H10OOH1-3         2       523.200     5.664     1.700     0.000     1.000 
C5H10OOH1-4         2       523.200     5.664     1.700     0.000     1.000 
C5H10OOH1-5         2       546.691     5.698     0.000     0.000     0.000 
C5H10OOH2-1         2       523.200     5.664     1.700     0.000     1.000 
C5H10OOH2-3         2       523.200     5.664     1.700     0.000     1.000 
C5H10OOH2-4         2       523.200     5.664     1.700     0.000     1.000 
C5H10OOH2-5         2       523.200     5.664     1.700     0.000     1.000 
C5H10OOH3-1         2       523.200     5.664     1.700     0.000     1.000 
C5H10OOH3-2         2       523.200     5.664     1.700     0.000     1.000 
C5H10O1-2           2       523.200     5.664     1.700     0.000     1.000 
C5H10O1-3           2       523.200     5.664     1.700     0.000     1.000 
C5H10O1-4           2       523.200     5.664     1.700     0.000     1.000 
C5H10O1-5           2       523.200     5.664     1.700     0.000     1.000 
C5H10O2-3           2       523.200     5.664     1.700     0.000     1.000 
C5H10O2-4           2       523.200     5.664     1.700     0.000     1.000 
C5H10OOH1-2O2       2       523.200     5.664     1.700     0.000     1.000 
C5H10OOH1-3O2       2       523.200     5.664     1.700     0.000     1.000 
C5H10OOH1-4O2       2       523.200     5.664     1.700     0.000     1.000 
C5H10OOH1-5O2       2       523.200     5.664     1.700     0.000     1.000 
C5H10OOH2-1O2       2       523.200     5.664     1.700     0.000     1.000 
C5H10OOH2-3O2       2       523.200     5.664     1.700     0.000     1.000 
C5H10OOH2-4O2       2       523.200     5.664     1.700     0.000     1.000 
C5H10OOH2-5O2       2       523.200     5.664     1.700     0.000     1.000 
C5H10OOH3-1O2       2       523.200     5.664     1.700     0.000     1.000 
C5H10OOH3-2O2       2       523.200     5.664     1.700     0.000     1.000 
C5H91-2,3OOH        2       499.004     6.303     0.000    12.020     1.000 
C5H91-2,4OOH        2       499.004     6.303     0.000    12.020     1.000 
C5H91-2,5OOH        2       499.004     6.303     0.000    12.020     1.000 
C5H91-3,4OOH        2       499.004     6.303     0.000    12.020     1.000 
C5H91-3,5OOH        2       499.004     6.303     0.000    12.020     1.000 
C5H91-4,5OOH        2       499.004     6.303     0.000    12.020     1.000 
C5H92-1,3OOH        2       499.004     6.303     0.000    12.020     1.000 
C5H92-1,4OOH        2       499.004     6.303     0.000    12.020     1.000 
C5H92-1,5OOH        2       499.004     6.303     0.000    12.020     1.000 
C5H92-3,4OOH        2       499.004     6.303     0.000    12.020     1.000 
C5H92-3,5OOH        2       499.004     6.303     0.000    12.020     1.000 
C5H92-4,5OOH        2       499.004     6.303     0.000    12.020     1.000 
C5H93-1,2OOH        2       499.004     6.303     0.000    12.020     1.000 
C5H93-1,4OOH        2       499.004     6.303     0.000    12.020     1.000 
C5H93-1,5OOH        2       499.004     6.303     0.000    12.020     1.000 
C5H93-2,4OOH        2       499.004     6.303     0.000    12.020     1.000 
C5H91-3OOH          2       433.071     5.800     0.000    10.710     1.000 
C5H91-4OOH          2       433.071     5.800     0.000    10.710     1.000 
C5H91-5OOH          2       433.071     5.800     0.000    10.710     1.000 
C5H92-1OOH          2       433.071     5.800     0.000    10.710     1.000 
C5H92-4OOH          2       433.071     5.800     0.000    10.710     1.000 
C5H92-5OOH          2       433.071     5.800     0.000    10.710     1.000 
C5H9O1-2OOH-3       2       466.167     6.056     0.000    11.280     1.000 
C5H9O1-2OOH-4       2       466.167     6.056     0.000    11.280     1.000 
C5H9O1-2OOH-5       2       466.167     6.056     0.000    11.280     1.000 
C5H9O1-3OOH-2       2       466.167     6.056     0.000    11.280     1.000 
C5H9O1-3OOH-4       2       466.167     6.056     0.000    11.280     1.000 
C5H9O1-3OOH-5       2       466.167     6.056     0.000    11.280     1.000 
C5H9O1-4OOH-2       2       466.167     6.056     0.000    11.280     1.000 
C5H9O1-4OOH-3       2       466.167     6.056     0.000    11.280     1.000 
C5H9O1-4OOH-5       2       466.167     6.056     0.000    11.280     1.000 
C5H9O1-5OOH-2       2       466.167     6.056     0.000    11.280     1.000 
C5H9O1-5OOH-3       2       466.167     6.056     0.000    11.280     1.000 
C5H9O2-3OOH-1       2       466.167     6.056     0.000    11.280     1.000 
C5H9O2-3OOH-4       2       466.167     6.056     0.000    11.280     1.000 
C5H9O2-3OOH-5       2       466.167     6.056     0.000    11.280     1.000 
C5H9O2-4OOH-1       2       466.167     6.056     0.000    11.280     1.000 
C5H9O2-4OOH-3       2       466.167     6.056     0.000    11.280     1.000 
C5H9O1-2O-5         2       430.920     5.783     0.000    10.540     1.000 
CH2CH2OCH2CH2CHO    2       430.920     5.783     0.000    10.540     1.000 
NC5KET12            2       494.800     6.174     1.800     0.000     1.000 
NC5KET13            2       494.800     6.174     1.800     0.000     1.000 
NC5KET14            2       494.800     6.174     1.800     0.000     1.000 
NC5KET15            2       494.800     6.174     1.800     0.000     1.000 
NC5KET21            2       494.800     6.174     1.800     0.000     1.000 
NC5KET23            2       494.800     6.174     1.800     0.000     1.000 
NC5KET24            2       494.800     6.174     1.800     0.000     1.000 
NC5KET25            2       494.800     6.174     1.800     0.000     1.000 
NC5KET31            2       494.800     6.174     1.800     0.000     1.000 
NC5KET32            2       494.800     6.174     1.800     0.000     1.000 
NC5KET12O           2       430.920     5.783     0.000    10.540     1.000 
NC5KET13O           2       430.920     5.783     0.000    10.540     1.000 
NC5KET14O           2       430.920     5.783     0.000    10.540     1.000 
NC5KET15O           2       430.920     5.783     0.000    10.540     1.000 
NC5KET21O           2       430.920     5.783     0.000    10.540     1.000 
NC5KET23O           2       430.920     5.783     0.000    10.540     1.000 
NC5KET24O           2       430.920     5.783     0.000    10.540     1.000 
NC5KET25O           2       430.920     5.783     0.000    10.540     1.000 
NC5KET31O           2       430.920     5.783     0.000    10.540     1.000 
NC5KET32O           2       430.920     5.783     0.000    10.540     1.000 
NC5DIONE13          2       428.737     5.766     0.000    10.370     1.000 
NC5DIONE24          2       428.737     5.766     0.000    10.370     1.000 
C5H10OH23           2       399.655     5.533     0.000    10.310     1.000 
O2C5H10OH23         2       468.180     6.072     0.000    11.450     1.000 
OCH2CHO             2       328.206     4.929     0.000     4.990     1.000 
CH2OCH2CHO          2       365.583     5.251     0.000     6.840     1.000 
C2H4OCHO            2       365.583     5.251     0.000     6.840     1.000 
C5H10OOH1-3OH       2       470.184     6.087     0.000    11.620     1.000 
C5H10OOH2-4OH       2       470.184     6.087     0.000    11.620     1.000 
C5H10OOH3-1OH       2       470.184     6.087     0.000    11.620     1.000 
NC5CYCPER13         2       466.167     6.056     0.000    11.280     1.000 
NC5CYCPER24         2       466.167     6.056     0.000    11.280     1.000 
NC5CYCPER31         2       466.167     6.056     0.000    11.280     1.000 
IC5H12              2       382.100     5.548     0.000     0.000     1.000 
AC5H11              2       523.200     5.664     1.700     0.000     1.000 
BC5H11              2       523.200     5.664     1.700     0.000     1.000 
CC5H11              2       523.200     5.664     1.700     0.000     1.000 
DC5H11              2       523.200     5.664     1.700     0.000     1.000 
AC5H9O-A2           2       430.100     5.833     0.000     0.000     1.000 
AC5H11O2H           2       549.783     5.717     0.000     0.000     0.000 
BC5H11O2H           2       549.783     5.717     0.000     0.000     0.000 
CC5H11O2H           2       549.783     5.717     0.000     0.000     0.000 
DC5H11O2H           2       549.783     5.717     0.000     0.000     0.000 
AC5H11O2            2       546.691     5.698     0.000     0.000     0.000 
BC5H11O2            2       546.691     5.698     0.000     0.000     0.000 
CC5H11O2            2       546.691     5.698     0.000     0.000     0.000 
DC5H11O2            2       546.691     5.698     0.000     0.000     0.000 
AC5H11O             2       523.200     5.664     1.700     0.000     1.000 
BC5H11O             2       523.200     5.664     1.700     0.000     1.000 
CC5H11O             2       523.200     5.664     1.700     0.000     1.000 
DC5H11O             2       523.200     5.664     1.700     0.000     1.000 
AC5H10OOH-A         2       546.691     5.698     0.000     0.000     0.000 
AC5H10OOH-B         2       546.691     5.698     0.000     0.000     0.000 
AC5H10OOH-C         2       546.691     5.698     0.000     0.000     0.000 
AC5H10OOH-D         2       546.691     5.698     0.000     0.000     0.000 
BC5H10OOH-A         2       546.691     5.698     0.000     0.000     0.000 
BC5H10OOH-C         2       546.691     5.698     0.000     0.000     0.000 
BC5H10OOH-D         2       546.691     5.698     0.000     0.000     0.000 
CC5H10OOH-A         2       546.691     5.698     0.000     0.000     0.000 
CC5H10OOH-B         2       546.691     5.698     0.000     0.000     0.000 
CC5H10OOH-D         2       546.691     5.698     0.000     0.000     0.000 
DC5H10OOH-A         2       546.691     5.698     0.000     0.000     0.000 
DC5H10OOH-B         2       546.691     5.698     0.000     0.000     0.000 
DC5H10OOH-C         2       546.691     5.698     0.000     0.000     0.000 
A-AC5H10O           2       492.434     5.369     0.000     0.000     0.000 
A-BC5H10O           2       492.434     5.369     0.000     0.000     0.000 
A-CC5H10O           2       492.434     5.369     0.000     0.000     0.000 
A-DC5H10O           2       492.434     5.369     0.000     0.000     0.000 
B-CC5H10O           2       492.434     5.369     0.000     0.000     0.000 
B-DC5H10O           2       492.434     5.369     0.000     0.000     0.000 
C-DC5H10O           2       492.434     5.369     0.000     0.000     0.000 
AC5H10OOH-AO2       2       639.455     6.230     0.000     0.000     0.000 
AC5H10OOH-BO2       2       639.455     6.230     0.000     0.000     0.000 
AC5H10OOH-CO2       2       639.455     6.230     0.000     0.000     0.000 
AC5H10OOH-DO2       2       639.455     6.230     0.000     0.000     0.000 
BC5H10OOH-AO2       2       639.455     6.230     0.000     0.000     0.000 
BC5H10OOH-CO2       2       639.455     6.230     0.000     0.000     0.000 
BC5H10OOH-DO2       2       639.455     6.230     0.000     0.000     0.000 
CC5H10OOH-AO2       2       639.455     6.230     0.000     0.000     0.000 
CC5H10OOH-BO2       2       639.455     6.230     0.000     0.000     0.000 
CC5H10OOH-DO2       2       639.455     6.230     0.000     0.000     0.000 
DC5H10OOH-AO2       2       639.455     6.230     0.000     0.000     0.000 
DC5H10OOH-BO2       2       639.455     6.230     0.000     0.000     0.000 
DC5H10OOH-CO2       2       639.455     6.230     0.000     0.000     0.000 
C5H9A-A,BOOH        2       499.004     6.303     0.000    12.020     1.000 
C5H9A-A,COOH        2       499.004     6.303     0.000    12.020     1.000 
C5H9A-A,DOOH        2       499.004     6.303     0.000    12.020     1.000 
C5H9A-B,COOH        2       499.004     6.303     0.000    12.020     1.000 
C5H9A-B,DOOH        2       499.004     6.303     0.000    12.020     1.000 
C5H9A-C,DOOH        2       499.004     6.303     0.000    12.020     1.000 
C5H9B-A,AOOH        2       499.004     6.303     0.000    12.020     1.000 
C5H9B-A,COOH        2       499.004     6.303     0.000    12.020     1.000 
C5H9B-A,DOOH        2       499.004     6.303     0.000    12.020     1.000 
C5H9B-C,DOOH        2       499.004     6.303     0.000    12.020     1.000 
C5H9C-A,AOOH        2       499.004     6.303     0.000    12.020     1.000 
C5H9C-A,BOOH        2       499.004     6.303     0.000    12.020     1.000 
C5H9C-A,DOOH        2       499.004     6.303     0.000    12.020     1.000 
C5H9C-B,DOOH        2       499.004     6.303     0.000    12.020     1.000 
C5H9D-A,AOOH        2       499.004     6.303     0.000    12.020     1.000 
C5H9D-A,BOOH        2       499.004     6.303     0.000    12.020     1.000 
C5H9D-A,COOH        2       499.004     6.303     0.000    12.020     1.000 
C5H9D-B,COOH        2       499.004     6.303     0.000    12.020     1.000 
C5H9A-AOOH          2       433.071     5.800     0.000    10.710     1.000 
C5H9A-COOH          2       433.071     5.800     0.000    10.710     1.000 
C5H9A-DOOH          2       433.071     5.800     0.000    10.710     1.000 
C5H9B-AOOH          2       433.071     5.800     0.000    10.710     1.000 
C5H9B-DOOH          2       433.071     5.800     0.000    10.710     1.000 
C5H9C-AOOH          2       433.071     5.800     0.000    10.710     1.000 
C5H9C-BOOH          2       433.071     5.800     0.000    10.710     1.000 
C5H9OA-AOOH-B       2       466.167     6.056     0.000    11.280     1.000 
C5H9OA-AOOH-C       2       466.167     6.056     0.000    11.280     1.000 
C5H9OA-AOOH-D       2       466.167     6.056     0.000    11.280     1.000 
C5H9OA-BOOH-A       2       466.167     6.056     0.000    11.280     1.000 
C5H9OA-BOOH-C       2       466.167     6.056     0.000    11.280     1.000 
C5H9OA-BOOH-D       2       466.167     6.056     0.000    11.280     1.000 
C5H9OA-COOH-A       2       466.167     6.056     0.000    11.280     1.000 
C5H9OA-COOH-B       2       466.167     6.056     0.000    11.280     1.000 
C5H9OA-COOH-D       2       466.167     6.056     0.000    11.280     1.000 
C5H9OA-DOOH-A       2       466.167     6.056     0.000    11.280     1.000 
C5H9OA-DOOH-B       2       466.167     6.056     0.000    11.280     1.000 
C5H9OA-DOOH-C       2       466.167     6.056     0.000    11.280     1.000 
C5H9OB-COOH-A       2       466.167     6.056     0.000    11.280     1.000 
C5H9OB-COOH-D       2       466.167     6.056     0.000    11.280     1.000 
C5H9OB-DOOH-A       2       466.167     6.056     0.000    11.280     1.000 
C5H9OB-DOOH-C       2       466.167     6.056     0.000    11.280     1.000 
C5H9OC-DOOH-A       2       466.167     6.056     0.000    11.280     1.000 
C5H9OC-DOOH-B       2       466.167     6.056     0.000    11.280     1.000 
CH3COCH2OCH2CH2     2       430.920     5.783     0.000    10.540     1.000 
IC5KETAA            2       591.463     5.959     0.000     0.000     0.000 
IC5KETAB            2       591.463     5.959     0.000     0.000     0.000 
IC5KETAC            2       591.463     5.959     0.000     0.000     0.000 
IC5KETAD            2       591.463     5.959     0.000     0.000     0.000 
IC5KETCA            2       591.463     5.959     0.000     0.000     0.000 
IC5KETCB            2       591.463     5.959     0.000     0.000     0.000 
IC5KETCD            2       591.463     5.959     0.000     0.000     0.000 
IC5KETDA            2       591.463     5.959     0.000     0.000     0.000 
IC5KETDB            2       591.463     5.959     0.000     0.000     0.000 
IC5KETDC            2       591.463     5.959     0.000     0.000     0.000 
IC5KETAAO           2       430.920     5.783     0.000    10.540     1.000 
IC5KETABO           2       430.920     5.783     0.000    10.540     1.000 
IC5KETACO           2       430.920     5.783     0.000    10.540     1.000 
IC5KETADO           2       430.920     5.783     0.000    10.540     1.000 
IC5KETCAO           2       430.920     5.783     0.000    10.540     1.000 
IC5KETCBO           2       430.920     5.783     0.000    10.540     1.000 
IC5KETCDO           2       430.920     5.783     0.000    10.540     1.000 
IC5KETDAO           2       430.920     5.783     0.000    10.540     1.000 
IC5KETDBO           2       430.920     5.783     0.000    10.540     1.000 
IC5KETDCO           2       430.920     5.783     0.000    10.540     1.000 
AC5H10OH            2       430.100     5.833     0.000     0.000     1.000 
BC5H10OH            2       397.900     5.767     0.000     0.000     1.000 
CC5H10OH            2       397.900     5.767     0.000     0.000     1.000 
AO2C5H10OH          2       541.500     5.674     1.800     0.000     1.000 
BO2C5H10OH          2       541.500     5.674     1.800     0.000     1.000 
CO2C5H10OH          2       541.500     5.674     1.800     0.000     1.000 
IC3H5COCH3          2       485.716     5.327     0.000     0.000     0.000 
IC3H5COCH2          2       482.331     5.306     0.000     0.000     0.000 
AC3H4COCH3          2       482.331     5.306     0.000     0.000     0.000 
NEOC5H12            2       444.347     5.064     0.000     0.000     0.000 
NEOC5H11            2       357.800     5.550     0.000     0.000     1.000 
NEOC5H11O2H         2       357.800     5.550     0.000     0.000     1.000 
NEOC5H11O2          2       357.800     5.550     0.000     0.000     1.000 
NEOC5H11O           2       523.200     5.664     1.700     0.000     1.000 
NEOC5H10OOH         2       357.800     5.550     0.000     0.000     1.000 
NEO-C5H10O          2       492.434     5.369     0.000     0.000     0.000 
NEOC5H10OOH-O2      2       357.800     5.550     0.000     0.000     1.000 
NEOC5H9Q2           2       639.455     6.230     0.000     0.000     0.000 
NEOC5KET            2       591.463     5.959     0.000     0.000     0.000 
NEOC5KETOX          2       540.467     5.661     0.000     0.000     0.000 
NEOC5KEJOL          2       540.467     5.661     0.000     0.000     0.000 
IC4H6Q2-II          2       597.176     5.992     0.000     0.000     0.000 
NEOC5H9O-OOH        2       466.167     6.056     0.000    11.280     1.000 
C5H10-1             2       386.200     5.489     0.400     0.000     1.000 
C5H10-2             2       396.800     5.458     0.000     0.000     1.000 
C5H81-3             2       408.000     5.200     0.000     0.000     1.000 
C5H91-3             2       396.800     5.458     0.000     0.000     1.000 
C5H91-4             2       396.800     5.458     0.000     0.000     1.000 
C5H91-5             2       396.800     5.458     0.000     0.000     1.000 
C5H92-4             2       396.800     5.458     0.000     0.000     1.000 
C5H92-5             2       396.800     5.458     0.000     0.000     1.000 
C5H9O1-3            2       523.200     5.664     1.700     0.000     1.000 
C5H9O2-4            2       523.200     5.664     1.700     0.000     1.000 
BC5H10              2       391.400     5.550     0.000     0.000     1.000 
CC5H10              2       437.102     5.017     0.000     0.000     0.000 
CC5H9-A             2       396.800     5.458     0.000     0.000     1.000 
CC5H9-B             2       396.800     5.458     0.000     0.000     1.000 
AC5H9O-C            2       396.800     5.458     0.000     0.000     1.000 
CC5H9O-B            2       396.800     5.458     0.000     0.000     1.000 
AC5H10              2       386.600     5.532     0.500     0.000     1.000 
AC5H9-A2            2       396.800     5.458     0.000     0.000     1.000 
AC5H9-C             2       396.800     5.458     0.000     0.000     1.000 
AC5H9-D             2       396.800     5.458     0.000     0.000     1.000 
B2E2M1OJ            2       523.200     5.664     1.700     0.000     1.000 
B13DE2M             2       408.000     5.200     0.000     0.000     1.000 
B13DE2MJ            2       408.000     5.200     0.000     0.000     1.000 
B2E3M1OJ            2       523.200     5.664     1.700     0.000     1.000 
TC4H8CHO            2       476.000     5.778     2.600     0.000     1.000 
O2C4H8CHO           2       588.531     5.942     0.000     0.000     0.000 
O2HC4H8CO           2       588.531     5.942     0.000     0.000     0.000 
PC4H9CHO            2       397.309     5.514     0.000    10.140     1.000 
PC4H8CHO-1O2        2       464.166     6.041     0.000    11.110     1.000 
PC4H8CHO-2O2        2       464.166     6.041     0.000    11.110     1.000 
PC4H8CHO-3O2        2       464.166     6.041     0.000    11.110     1.000 
PC4H8CHO-4O2        2       464.166     6.041     0.000    11.110     1.000 
C4H7CHO-2           2       392.576     5.475     0.000     9.800     1.000 
C4H7CHO-3           2       392.576     5.475     0.000     9.800     1.000 
C4H7CHO-4           2       392.576     5.475     0.000     9.800     1.000 
PC4H8CHO-1          2       394.950     5.495     0.000     9.970     1.000 
PC4H8CHO-2          2       394.950     5.495     0.000     9.970     1.000 
PC4H8CHO-3          2       394.950     5.495     0.000     9.970     1.000 
PC4H8CHO-4          2       394.950     5.495     0.000     9.970     1.000 
NC3H7COCH3          2       477.000     5.735     2.500     0.000     1.000 
C2H5COC2H5          2       476.700     5.714     2.700     0.000     1.000 
NC3H7COCH2          2       489.084     5.348     0.000     0.000     0.000 
CH3CH2CHCOCH3       2       394.950     5.495     0.000     9.970     1.000 
CH3CHCH2COCH3       2       394.950     5.495     0.000     9.970     1.000 
CH2CH2CH2COCH3      2       394.950     5.495     0.000     9.970     1.000 
CH2CH2COC2H5        2       394.950     5.495     0.000     9.970     1.000 
CH3CHCOC2H5         2       394.950     5.495     0.000     9.970     1.000 
NC52ONEO2-3         2       464.166     6.041     0.000    11.110     1.000 
NC52ONEO2-4         2       464.166     6.041     0.000    11.110     1.000 
NC52ONEO2-5         2       464.166     6.041     0.000    11.110     1.000 
NC53ONEO2-1         2       464.166     6.041     0.000    11.110     1.000 
NC53ONEO2-2         2       464.166     6.041     0.000    11.110     1.000 
NC52ONE-3           2       392.576     5.475     0.000     9.800     1.000 
NC52ONE-4           2       392.576     5.475     0.000     9.800     1.000 
NC53ONE-1           2       392.576     5.475     0.000     9.800     1.000 
NC5H11OH            2       401.988     5.552     0.000    10.480     1.000 
C5H10OH11           2       399.655     5.533     0.000    10.310     1.000 
C5H10OH12           2       399.655     5.533     0.000    10.310     1.000 
C5H10OH13           2       399.655     5.533     0.000    10.310     1.000 
C5H10OH14           2       399.655     5.533     0.000    10.310     1.000 
C5H10OH15           2       399.655     5.533     0.000    10.310     1.000 
C5H10OH-1O2         2       468.180     6.072     0.000    11.450     1.000 
C5H10OH-2O2         2       468.180     6.072     0.000    11.450     1.000 
C5H10OH-3O2         2       468.180     6.072     0.000    11.450     1.000 
C5H10OH-4O2         2       468.180     6.072     0.000    11.450     1.000 
C5H10OH-5O2         2       468.180     6.072     0.000    11.450     1.000 
C5H9OH1-1           2       397.309     5.514     0.000    10.140     1.000 
C5H9OH1-2           2       397.309     5.514     0.000    10.140     1.000 
C5H9OH1-3           2       397.309     5.514     0.000    10.140     1.000 
C5H9OH1-4           2       397.309     5.514     0.000    10.140     1.000 
C5H91-1             2       396.800     5.458     0.000     0.000     1.000 
C4H7O12-4           2       360.557     5.209     0.000     8.120     1.000 
C4H7O13-4           2       360.557     5.209     0.000     8.120     1.000 
C4H7O23-1           2       360.557     5.209     0.000     8.120     1.000 
C5H9O12-5           2       394.950     5.495     0.000     9.970     1.000 
C5H9O13-5           2       394.950     5.495     0.000     9.970     1.000 
C5H9O14-5           2       394.950     5.495     0.000     9.970     1.000 
C5H9O23-1           2       394.950     5.495     0.000     9.970     1.000 
C5H9O23-5           2       394.950     5.495     0.000     9.970     1.000 
C5H9O24-1           2       394.950     5.495     0.000     9.970     1.000 
AC3H5CHO            2       464.200     5.009     2.600     0.000     1.000 
PC4H9CO             2       394.950     5.495     0.000     9.970     1.000 
CH3COOH             2       331.029     4.954     0.000     5.160     1.000 
C2H5COOH            2       368.126     5.273     0.000     7.010     1.000 
C5H8D14             2       352.829     5.143     0.000     9.230     1.000 
C6H10D24            2       337.788     5.608     0.000     0.000     1.000 
H15DE25DM           2       464.800     5.290     0.000    10.320     0.000 
H15DE25DM-S         2       395.000     4.037     1.300     0.000     1.000 
H15DE25DM-A         2       395.000     4.037     1.300     0.000     1.000 
H15DE25DM-AO        2       496.000     5.200     0.000     0.000     1.000 
H15DE25DM-SO        2       496.000     5.200     0.000     0.000     1.000 
H15DE2M-T           2       450.000     5.500     0.000     0.000     1.000 
IC4H7CHO            2       476.000     5.778     2.600     0.000     1.000 
L-C6H4              2       412.300     5.349     0.000     0.000     1.000 
C-C6H4              2       464.800     5.290     0.000    10.320     0.000 
C6H3                2       357.000     5.180     0.000     0.000     1.000 
C6H2                1       408.000     5.200     0.000     0.000     1.000 
C6H6                2       468.500     5.230     0.000    10.300     1.000 
FULVENE             2       468.500     5.230     0.000     0.000     1.000 
C6H5                2       412.300     5.349     0.000     0.000     1.000 
C6H5OO              2       464.800     5.290     0.000    10.320     0.000 
C6H5OOH             2       464.800     5.290     0.000    10.320     0.000 
C6H5OH              2       450.000     5.500     0.000     0.000     1.000 
C6H5O               2       450.000     5.500     0.000     0.000     1.000 
C6H4OH              2       464.800     5.290     0.000    10.320     0.000 
O-C6H4O2            2       450.000     5.500     0.000     0.000     1.000 
P-C6H4O2            2       450.000     5.500     0.000     0.000     1.000 
P-C6H3O2            2       450.000     5.500     0.000     0.000     1.000 
C5H6                1       408.000     5.200     0.000     0.000     1.000 
C5H5                1       408.000     5.200     0.000     0.000     1.000 
C#CCVCCJ            2       408.000     5.200     0.000     0.000     1.000 
CVCCVCCJ            2       408.000     5.200     0.000     0.000     1.000 
C5H5OH              2       450.000     5.500     0.000     0.000     1.000 
C5H5O               2       450.000     5.500     0.000     0.000     1.000 
C5H4OH              2       450.000     5.500     0.000     0.000     1.000 
C5H4O               2       450.000     5.500     0.000     0.000     1.000 
CJVCCVCCVO          2       523.200     5.664     1.700     0.000     1.000 
CJVCCVO             2       443.200     4.120     0.000     0.000     1.000 
C6H5CH3             2       495.300     5.680     0.430    12.300     1.000 
C6H5CH2             2       495.300     5.680     0.000     0.000     1.000 
C6H4CH3             2       495.300     5.680     0.000     0.000     1.000 
BZCOOH              2       478.021     6.146     0.000    13.390     1.000 
C6H5CH2OO           2       476.049     6.131     0.000    13.220     1.000 
C6H5CHO             2       622.400     5.530     0.000     0.000     1.000 
C6H5CO              2       622.400     5.530     0.000     0.000     1.000 
HOC6H4CH3           2       621.100     5.640     0.000     0.000     1.000 
HOC6H4CH2           2       546.200     6.000     0.130    15.000     1.000 
OC6H4CH3            2       621.100     5.640     0.000     0.000     1.000 
HOC6H4CH2OOH        2       546.200     6.000     0.130    15.000     1.000 
HOC6H4CH2OO         2       546.200     6.000     0.130    15.000     1.000 
HOC6H4CH2O          2       546.200     6.000     0.130    15.000     1.000 
HOC6H4CHO           2       546.200     6.000     0.130    15.000     1.000 
HOC6H4CO            2       546.200     6.000     0.130    15.000     1.000 
C6H5CH2OH           2       622.400     5.530     0.000     0.000     1.000 
C6H5CHOH            2       495.300     5.680     0.430    12.300     1.000 
C6H5CH2O            2       443.673     5.883     0.000    12.650     1.000 
C6H5C2H5            2       523.600     5.960     0.000     0.000     1.000 
C6H5CHCH3           2       439.526     5.851     0.000    13.930     1.000 
C6H5CH2CH2          2       439.526     5.851     0.000    13.930     1.000 
C6H5C2H3            2       546.200     6.000     0.130    15.000     1.000 
C6H5CCH2            2       546.200     6.000     0.000     0.000     1.000 
C6H5CHCH            2       546.200     6.000     0.000     0.000     1.000 
C14H14              2       676.500     6.310     0.000    20.000     1.000 
C14H13              2       676.500     6.310     0.000    20.000     1.000 
C14H12              2       577.299     6.866     0.000    23.500     1.000 
C14H11              2       575.660     6.855     0.000    23.330     1.000 
C14H13OOH           2       630.078     7.228     0.000    24.980     1.000 
C14H13OO            2       676.500     6.310     0.000    20.000     1.000 
C14H12OOH           2       628.573     7.218     0.000    24.810     1.000 
C14H12O2H-1O2       2       674.650     7.524     0.000    25.950     1.000 
C14H11O-1O2H        2       650.554     7.365     0.000    25.210     1.000 
C14H13O             2       604.251     7.053     0.000    24.240     1.000 
O-O2C6H4CH3         2       476.049     6.131     0.000    13.220     1.000 
OC6H4CH2            2       676.500     6.310     0.000    20.000     1.000 
P-O2C6H4CH3         2       476.049     6.131     0.000    13.220     1.000 
P-OC6H4CH3          2       443.673     5.883     0.000    12.650     1.000 
M-O2C6H4CH3         2       476.049     6.131     0.000    13.220     1.000 
M-OC6H4CH3          2       443.673     5.883     0.000    12.650     1.000 
CHOCCH3C3H3CO1-5    2       476.049     6.131     0.000    13.220     1.000 
C6H5CHOOCH3         2       502.765     6.331     0.000    15.070     1.000 
C6H5CH2CH2OO        2       502.765     6.331     0.000    15.070     1.000 
C7H6                2       495.300     5.680     0.430    12.300     1.000 
C7H5                2       404.213     5.570     0.000    11.740     1.000 
IND                 2       630.400     6.180     0.000    16.500     1.000 
C10H9               2       630.400     6.180     0.000     0.000     1.000 
C10H10              2       630.400     6.180     0.000     0.000     1.000 
C5H5CH3             2       383.046     5.397     0.000    10.740     1.000 
C9H7                2       460.200     6.011     0.000    15.100     1.000 
C9H6O               2       489.594     6.233     0.000    15.500     1.000 
NAPH                2       630.400     6.180     0.000    16.500     1.000 
NAPH-               2       483.890     6.191     0.000    16.610     1.000 
NAPHV               2       483.890     6.191     0.000    16.610     1.000 
NAPHO               2       513.794     6.412     0.000    17.180     1.000 
DMCPD               2       415.623     5.662     0.000    12.590     1.000 
DMCPDR              2       413.366     5.644     0.000    12.420     1.000 
O-XYL               2       441.657     5.867     0.000    14.100     1.000 
P-XYL               2       441.657     5.867     0.000    14.100     1.000 
T124MBZ             2       470.283     6.088     0.000    15.950     1.000 
T135MBZ             2       470.283     6.088     0.000    15.950     1.000 
CH3C6H4CH2O         2       472.180     6.102     0.000    14.500     1.000 
O-CH3C6H4CH2OO      2       502.765     6.331     0.000    15.070     1.000 
O-XYLCH2O           2       499.098     6.304     0.000    16.350     1.000 
O-XYLCH2OO          2       528.161     6.517     0.000    16.920     1.000 
P-CH3C6H4CH2OO      2       502.765     6.331     0.000    15.070     1.000 
P-XYLCH2O           2       499.098     6.304     0.000    16.350     1.000 
P-XYLCH2OO          2       528.161     6.517     0.000    16.920     1.000 
CH3C6H3CH3          2       439.526     5.851     0.000    13.930     1.000 
CH3C6H4CHO          2       470.184     6.087     0.000    14.330     1.000 
CH3C6H4CO           2       468.180     6.072     0.000    14.160     1.000 
HOCH3C6H3CH3        2       474.168     6.117     0.000    14.670     1.000 
O-CH2TOLCH2OOH      2       528.161     6.517     0.000    16.920     1.000 
OCH3C6H3CH3         2       472.180     6.102     0.000    14.500     1.000 
O-CH3C6H4CH2        2       439.526     5.851     0.000    13.930     1.000 
O-CH3C6H4CH2OOH     2       504.635     6.345     0.000    15.240     1.000 
O-XYLCH2            2       468.279     6.073     0.000    15.780     1.000 
O-XYLCH2OOH         2       529.926     6.530     0.000    17.090     1.000 
O-XYLCHO            2       497.208     6.290     0.000    16.180     1.000 
O-XYLCO             2       495.310     6.276     0.000    16.010     1.000 
P-CH3C6H4CH2        2       439.526     5.851     0.000    13.930     1.000 
P-CH3C6H4CH2OOH     2       504.635     6.345     0.000    15.240     1.000 
PCHOTOLCH2          2       495.310     6.276     0.000    16.010     1.000 
P-XYLCH2            2       468.279     6.073     0.000    15.780     1.000 
P-XYLCH2OOH         2       529.926     6.530     0.000    17.090     1.000 
P-XYLCHO            2       497.208     6.290     0.000    16.180     1.000 
P-XYLCO             2       495.310     6.276     0.000    16.010     1.000 
C3Y12               2       363.022     5.230     0.000     6.670     1.000 
DC5H9O-C            2       394.950     5.495     0.000     9.970     1.000 
DC5H9O-B            2       394.950     5.495     0.000     9.970     1.000 
IC5D2Y4             2       392.576     5.475     0.000     9.800     1.000 
CPT                 2       358.072     5.188     0.000     9.570     1.000 
CYC5H9              2       355.459     5.165     0.000     9.400     1.000 
CYC5H8              2       352.829     5.143     0.000     9.230     1.000 
CYC5H71-3           2       350.178     5.120     0.000     9.060     1.000 
CYC5H71-4           2       350.178     5.120     0.000     9.060     1.000 
CYC51EN3OJ          2       390.189     5.456     0.000     9.630     1.000 
C53OH1EN5J          2       394.950     5.495     0.000     9.970     1.000 
C4H6CHO2-5          2       390.189     5.456     0.000     9.630     1.000 
C4H6CHO4-5          2       390.189     5.456     0.000     9.630     1.000 
CPTO2H              2       433.071     5.800     0.000    10.710     1.000 
CPTO2J              2       430.920     5.783     0.000    10.540     1.000 
CPT1Q2J             2       430.920     5.783     0.000    10.540     1.000 
CPT1Q3J             2       430.920     5.783     0.000    10.540     1.000 
CPTOJ               2       394.950     5.495     0.000     9.970     1.000 
CPTQ2QJ             2       495.235     6.275     0.000    11.680     1.000 
CPTQ3QJ             2       495.235     6.275     0.000    11.680     1.000 
CPTYO12             2       392.576     5.475     0.000     9.800     1.000 
CPTYO123J           2       390.189     5.456     0.000     9.630     1.000 
CYC5O1EN5J          2       390.189     5.456     0.000     9.630     1.000 
C2H3OC3H4A          2       390.189     5.456     0.000     9.630     1.000 
PT1N1Q5J            2       430.920     5.783     0.000    10.540     1.000 
PT1N3Q5J            2       430.920     5.783     0.000    10.540     1.000 
PT1N4Q5J            2       430.920     5.783     0.000    10.540     1.000 
CPTYO13             2       392.576     5.475     0.000     9.800     1.000 
C5H714-1            2       350.178     5.120     0.000     9.060     1.000 
C4H6CHO1-43         2       390.189     5.456     0.000     9.630     1.000 
C4H7CO1-4           2       390.189     5.456     0.000     9.630     1.000 
C6H6O-24            2       415.525     5.661     0.000    10.970     1.000 
C6H6O-25            2       415.525     5.661     0.000    10.970     1.000 
C4D13KET            2       415.525     5.661     0.000    10.970     1.000 
CJVCCVCVO           2       350.062     5.119     0.000     7.440     1.000 
OVCCVCVO            2       357.847     5.186     0.000     6.330     1.000 
C6H6O-B1            2       415.525     5.661     0.000    10.970     1.000 
O-OC6H4OH           2       447.803     5.915     0.000    11.370     1.000 
P-OC6H4OH           2       447.803     5.915     0.000    11.370     1.000 
O-HOC6H4OH          2       449.875     5.931     0.000    11.540     1.000 
P-HOC6H4OH          2       449.875     5.931     0.000    11.540     1.000 
P-OOC6H4OH          2       479.888     6.160     0.000    11.940     1.000 
O-OOC6H4OH          2       479.888     6.160     0.000    11.940     1.000 
C5H5CH3-1           2       383.046     5.397     0.000    10.740     1.000 
C5H5CH3-2           2       383.046     5.397     0.000    10.740     1.000 
CVCCVCCVO           2       387.787     5.436     0.000     9.460     1.000 
C5H5OOH             2       424.343     5.731     0.000    10.030     1.000 
C5H5OO              2       422.131     5.714     0.000     9.860     1.000 
C5H3O-3             2       380.493     5.376     0.000     8.950     1.000 
OVCCVCCVO           2       392.472     5.475     0.000     8.180     1.000 
OVCCVCCJVO          2       390.084     5.455     0.000     8.010     1.000 
C5H4CH3             2       380.600     5.377     0.000    10.570     1.000 
A1C4H5              2       489.671     6.234     0.000    17.120     1.000 
C5H5CH2             2       380.600     5.377     0.000    10.570     1.000 
C5H5CH2-1           2       380.600     5.377     0.000    10.570     1.000 
C5H5CH2-2           2       380.600     5.377     0.000    10.570     1.000 
CYC6H7              2       380.600     5.377     0.000    10.570     1.000 
C9H7O               2       491.513     6.248     0.000    15.670     1.000 
NAPHOH              2       515.607     6.426     0.000    17.350     1.000 
P-XYLDIMER          2       624.173     7.188     0.000    27.540     1.000 
P-XYLDIMERJ         2       622.655     7.178     0.000    27.370     1.000 
O2CH3C6H3CH3        2       502.765     6.331     0.000    15.070     1.000 
CHOC6H4CH2          2       468.180     6.072     0.000    14.160     1.000 
O-XYLQOOH           2       502.765     6.331     0.000    15.070     1.000 
O-XYLDIMER          2       624.173     7.188     0.000    27.540     1.000 
O-XYLDIMERJ         2       622.655     7.178     0.000    27.370     1.000 
O-XYLSECO2          2       559.044     6.738     0.000    16.210     1.000 
O-XYLKET            2       529.855     6.529     0.000    15.470     1.000 
CHOC6H4CH2OJ        2       499.004     6.303     0.000    14.730     1.000 
O-XYLET             2       470.184     6.087     0.000    14.330     1.000 
CHOC6H4CHO          2       497.133     6.289     0.000    14.560     1.000 
CHOC6H4CO           2       495.235     6.275     0.000    14.390     1.000 
CH3C6H4C2H5         2       470.283     6.088     0.000    15.950     1.000 
CH3C6H4CHCH3        2       468.279     6.073     0.000    15.780     1.000 
CH3A1CHOOCH3        2       528.161     6.517     0.000    16.920     1.000 
CH3C6H4C2H3         2       466.267     6.057     0.000    15.610     1.000 
CH2C6H4C2H3         2       464.247     6.042     0.000    15.440     1.000 
C2H3C6H4CH2O        2       495.310     6.276     0.000    16.010     1.000 
C2H3C6H4CHO         2       493.406     6.262     0.000    15.840     1.000 
C2H3C6H4CO          2       491.513     6.248     0.000    15.670     1.000 
C6H4C2H3            2       435.233     5.817     0.000    13.590     1.000 
O2CH2TOLCH2OOH      2       582.044     6.899     0.000    18.060     1.000 
CHOTOLCH2O          2       524.579     6.491     0.000    16.580     1.000 
CH3TOLETCOC         2       497.208     6.290     0.000    16.180     1.000 
TMBKET              2       554.039     6.703     0.000    17.320     1.000 
TMBDIMER            2       665.007     7.461     0.000    31.240     1.000 
R-TMBDIMER          2       663.580     7.451     0.000    31.070     1.000 
CHOTOLCHO           2       522.778     6.478     0.000    16.410     1.000 
CHOTOLCO            2       520.972     6.465     0.000    16.240     1.000 
XYLMETHIDE          2       470.184     6.087     0.000    14.330     1.000 
T135MBJ             2       468.279     6.073     0.000    15.780     1.000 
TMB135DIMER         2       665.007     7.461     0.000    31.240     1.000 
R-TMB135DIMER       2       663.580     7.451     0.000    31.070     1.000 
C6H5C2H             2       433.093     5.800     0.000    13.420     1.000 
C6H5CH2CO           2       468.180     6.072     0.000    14.160     1.000 
C6H5COCH2           2       468.180     6.072     0.000    14.160     1.000 
C6H4C2H             2       430.920     5.783     0.000    13.250     1.000 
C6H5CHCO            2       466.187     6.057     0.000    13.990     1.000 
C6H5CCO             2       464.166     6.041     0.000    13.820     1.000 
CPN                 2       392.576     5.475     0.000     9.800     1.000 
CPN-2R              2       390.189     5.456     0.000     9.630     1.000 
CPN-3R              2       390.189     5.456     0.000     9.630     1.000 
C5Y3D1-5R           2       390.189     5.456     0.000     9.630     1.000 
C5Y2D4-1R           2       390.189     5.456     0.000     9.630     1.000 
CPND2               2       387.787     5.436     0.000     9.460     1.000 
CPND3               2       387.787     5.436     0.000     9.460     1.000 
CPND2-4R            2       385.371     5.416     0.000     9.290     1.000 
CPN-2OOH            2       462.137     6.026     0.000    10.940     1.000 
CPN-2O2R            2       460.099     6.010     0.000    10.770     1.000 
CPN-3OOH            2       462.137     6.026     0.000    10.940     1.000 
CPN-3O2R            2       460.099     6.010     0.000    10.770     1.000 
CPN-2OR             2       426.543     5.749     0.000    10.200     1.000 
CPN-3OR             2       426.543     5.749     0.000    10.200     1.000 
CPNOOH2-3R          2       460.099     6.010     0.000    10.770     1.000 
CPNOOH2-4R          2       460.099     6.010     0.000    10.770     1.000 
CPNOOH2-5R          2       460.099     6.010     0.000    10.770     1.000 
CPNOOH3-2R          2       460.099     6.010     0.000    10.770     1.000 
CPNOOH3-4R          2       460.099     6.010     0.000    10.770     1.000 
CPNOOH3-5R          2       460.099     6.010     0.000    10.770     1.000 
CPND2-5R            2       385.371     5.416     0.000     9.290     1.000 
CPNOH3-2R           2       426.543     5.749     0.000    10.200     1.000 
CPNOH3-4R           2       426.543     5.749     0.000    10.200     1.000 
CPNOH2-3R           2       426.543     5.749     0.000    10.200     1.000 
CPNOH3-2O2R         2       491.418     6.247     0.000    11.340     1.000 
CPNOH2-3O2R         2       491.418     6.247     0.000    11.340     1.000 
CPNOH3-4O2R         2       491.418     6.247     0.000    11.340     1.000 
C5Y125              2       458.051     5.994     0.000    10.600     1.000 
C5Y135              2       458.051     5.994     0.000    10.600     1.000 
C5Y135-1R           2       455.995     5.979     0.000    10.430     1.000 
C5Y125-1R           2       455.995     5.979     0.000    10.430     1.000 
C5Y125-5R           2       455.995     5.979     0.000    10.430     1.000 
C5Y1D24-1R          2       385.371     5.416     0.000     9.290     1.000 
CPNO2-3             2       424.343     5.731     0.000    10.030     1.000 
CPNO2-4             2       424.343     5.731     0.000    10.030     1.000 
CPNO3-4             2       424.343     5.731     0.000    10.030     1.000 
CPNO2-5             2       424.343     5.731     0.000    10.030     1.000 
CPNOOH2-3O2R        2       520.900     6.464     0.000    11.910     1.000 
CPNOOH2-4O2R        2       520.900     6.464     0.000    11.910     1.000 
CPNOOH2-5O2R        2       520.900     6.464     0.000    11.910     1.000 
CPNOOH3-2O2R        2       520.900     6.464     0.000    11.910     1.000 
CPNOOH3-4O2R        2       520.900     6.464     0.000    11.910     1.000 
CPNOOH3-5O2R        2       520.900     6.464     0.000    11.910     1.000 
CPNKET2-3           2       489.499     6.233     0.000    11.170     1.000 
CPNKET2-4           2       489.499     6.233     0.000    11.170     1.000 
CPNKET3-2           2       489.499     6.233     0.000    11.170     1.000 
CPNKET3-4           2       489.499     6.233     0.000    11.170     1.000 
CPNKET2-3OR         2       455.995     5.979     0.000    10.430     1.000 
CPNKET2-4OR         2       455.995     5.979     0.000    10.430     1.000 
CPNKET3-2OR         2       455.995     5.979     0.000    10.430     1.000 
CPNKET3-4OR         2       455.995     5.979     0.000    10.430     1.000 
C2H3CHCO            2       352.714     5.142     0.000     7.610     1.000 
PC3H6CHCO           2       390.189     5.456     0.000     9.630     1.000 
AC3H5CO             2       355.347     5.164     0.000     7.780     1.000 
CPND3-2OOH          2       458.051     5.994     0.000    10.600     1.000 
CPND2-5OOH          2       458.051     5.994     0.000    10.600     1.000 
CPND2-4OOH          2       458.051     5.994     0.000    10.600     1.000 
C5Y1D2-1R           2       390.189     5.456     0.000     9.630     1.000 
AC3H5CHCO           2       387.787     5.436     0.000     9.460     1.000 
C5Y3D14             2       387.787     5.436     0.000     9.460     1.000 
CPND2-4O2R          2       455.995     5.979     0.000    10.430     1.000 
CPND2-5O2R          2       455.995     5.979     0.000    10.430     1.000 
CPND2OOH4-5R        2       455.995     5.979     0.000    10.430     1.000 
CPND2OOH5-4R        2       455.995     5.979     0.000    10.430     1.000 
C3H5-SO2            2       365.583     5.251     0.000     6.840     1.000 
CYC5E1-3O2H         2       428.737     5.766     0.000    10.370     1.000 
CYC5E1-4O2H         2       428.737     5.766     0.000    10.370     1.000 
CYC5E1-4O2          2       426.543     5.749     0.000    10.200     1.000 
CYC5E1-4O           2       390.189     5.456     0.000     9.630     1.000 
CPTOH-2             2       394.950     5.495     0.000     9.970     1.000 
C5H911OH-5          2       394.950     5.495     0.000     9.970     1.000 
CPTOH-2O2           2       464.166     6.041     0.000    11.110     1.000 
CPTO2H-2O           2       464.166     6.041     0.000    11.110     1.000 
CHOCCCCHO           2       428.737     5.766     0.000    10.370     1.000 
COCCCCHO            2       426.543     5.749     0.000    10.200     1.000 
CHOCHCCCHO          2       426.543     5.749     0.000    10.200     1.000 
CHOCCHCCHO          2       426.543     5.749     0.000    10.200     1.000 
C4H6CHO2-4          2       390.189     5.456     0.000     9.630     1.000 
CVCCVCCOO           2       428.737     5.766     0.000    10.370     1.000 
CVCC(OO)CVC         2       428.737     5.766     0.000    10.370     1.000 
CVCCVCCOJ           2       390.189     5.456     0.000     9.630     1.000 
CVCC(OJ)CVC         2       390.189     5.456     0.000     9.630     1.000 
C5H9O2-1            2       394.950     5.495     0.000     9.970     1.000 
C5H91-5O2           2       430.920     5.783     0.000    10.540     1.000 
C5H81OOH5-3         2       430.920     5.783     0.000    10.540     1.000 
C4H6CHO2-5O2        2       460.099     6.010     0.000    10.770     1.000 
C4H6CHO2-5OOH4J     2       460.099     6.010     0.000    10.770     1.000 
C5H5OH-1            2       387.787     5.436     0.000     9.460     1.000 
C5H5OH-2            2       387.787     5.436     0.000     9.460     1.000 
NC4H5O2             2       394.846     5.494     0.000     8.350     1.000 
C2H3CHOHCH2         2       360.557     5.209     0.000     8.120     1.000 
CYHX13ENE           2       383.046     5.397     0.000    10.740     1.000 
CYHX14ENE           2       383.046     5.397     0.000    10.740     1.000 
C9H7CH3             2       489.671     6.234     0.000    17.120     1.000 
C9H6CH3             2       487.745     6.219     0.000    16.950     1.000 
C9H7CH2             2       487.745     6.219     0.000    16.950     1.000 
CC3H5-C2H3          2       352.829     5.143     0.000     9.230     1.000 
O-C2HC6H4C2H        2       481.941     6.176     0.000    16.440     1.000 
INDCH2              2       485.830     6.205     0.000    16.780     1.000 
INDCH               2       483.890     6.191     0.000    16.610     1.000 
NAPHTHYNE12         2       481.941     6.176     0.000    16.440     1.000 
NAPHTHYNE23         2       481.941     6.176     0.000    16.440     1.000 
A1C#CCVC            2       485.830     6.205     0.000    16.780     1.000 
A1CVCC#C            2       485.830     6.205     0.000    16.780     1.000 
INDANE              2       466.267     6.057     0.000    15.610     1.000 
INDANE-1            2       464.247     6.042     0.000    15.440     1.000 
INDANE-2            2       464.247     6.042     0.000    15.440     1.000 
C3H3CH2OOH          2       397.206     5.513     0.000     8.520     1.000 
C3H3CH2O            2       355.347     5.164     0.000     7.780     1.000 
C3H3CHO             2       352.714     5.142     0.000     7.610     1.000 
C3H3CO              2       350.062     5.119     0.000     7.440     1.000 
C4H512-OO4          2       394.846     5.494     0.000     8.350     1.000 
C4H513-OO2          2       394.846     5.494     0.000     8.350     1.000 
CYCCCOO-3J          2       394.846     5.494     0.000     8.350     1.000 
C4H61-4OOH3         2       399.553     5.532     0.000     8.690     1.000 
C4H71-OO3           2       399.553     5.532     0.000     8.690     1.000 
C3H4CH2OH-3O        2       399.553     5.532     0.000     8.690     1.000 
C3H4CH2OH-1O        2       399.553     5.532     0.000     8.690     1.000 
C3H4CH2OH-1OOH      2       437.299     5.833     0.000     9.430     1.000 
OJCCVCCVO           2       394.846     5.494     0.000     8.350     1.000 
CYC5ODEJ            2       385.371     5.416     0.000     9.290     1.000 
C5D1CHO-4R          2       390.189     5.456     0.000     9.630     1.000 
OVCCJCVCCVO         2       422.131     5.714     0.000     9.860     1.000 
OVCCJCVO            2       360.444     5.208     0.000     6.500     1.000 
B13DE2MOJ           2       390.189     5.456     0.000     9.630     1.000 
C4H5-ICHO           2       387.787     5.436     0.000     9.460     1.000 
C4H5-ICO            2       385.371     5.416     0.000     9.290     1.000 
CJVCC(C)VO          2       355.347     5.164     0.000     7.780     1.000 
C5H3O-2             2       380.493     5.376     0.000     8.950     1.000 
C5H3O-2O            2       417.673     5.678     0.000     9.520     1.000 
C5H3O-3O            2       417.673     5.678     0.000     9.520     1.000 
C5H5-1              2       344.815     5.074     0.000     8.720     1.000 
C5H5-2              2       344.815     5.074     0.000     8.720     1.000 
CH2CYCOO-CH2        2       394.846     5.494     0.000     8.350     1.000 
CYCOOC-CH2          2       394.846     5.494     0.000     8.350     1.000 
C2H3COOCH2          2       394.846     5.494     0.000     8.350     1.000 
C4H61-OOH34         2       470.105     6.086     0.000    10.000     1.000 
C4H62-OOH14         2       470.105     6.086     0.000    10.000     1.000 
OVCCVCCOOH          2       432.985     5.800     0.000     9.090     1.000 
C2H3CHOHCH2OO       2       435.148     5.817     0.000     9.260     1.000 
CH2CH2O-2OOH        2       375.546     5.335     0.000     5.900     1.000 
CH2CHOH-2OOH        2       375.546     5.335     0.000     5.900     1.000 
CY(CCO)OH           2       331.029     4.954     0.000     5.160     1.000 
CH3CHOH-1O2         2       375.546     5.335     0.000     5.900     1.000 
CH3COHOOH           2       375.546     5.335     0.000     5.900     1.000 
C2H4O-1OOH          2       375.546     5.335     0.000     5.900     1.000 
CH2CHOH-1OOH        2       375.546     5.335     0.000     5.900     1.000 
IC4H7-I1O2          2       399.553     5.532     0.000     8.690     1.000 
C6H5CH2CCH          2       462.217     6.026     0.000    15.270     1.000 
CHOCCH3C3H3CHO      2       478.021     6.146     0.000    13.390     1.000 
P-XYLYLE            2       437.384     5.834     0.000    13.760     1.000 
O-XYLYLE            2       437.384     5.834     0.000    13.760     1.000 
BZCYBUT             2       437.384     5.834     0.000    13.760     1.000 
P-MEXYLYLE          2       466.267     6.057     0.000    15.610     1.000 
MEXYLYLE            2       466.267     6.057     0.000    15.610     1.000 
MEBZCYBUT           2       466.267     6.057     0.000    15.610     1.000 
CH3C7H5             2       437.384     5.834     0.000    13.760     1.000 
B13DE2MOOH          2       428.737     5.766     0.000    10.370     1.000 
CVCCJ(C)CO          2       394.950     5.495     0.000     9.970     1.000 
IC4H7CO             2       390.189     5.456     0.000     9.630     1.000 
CHCCH2CH2           2       310.999     4.776     0.000     7.210     1.000 !WAGNON1@LLNL.GOV, ESTIMATED 2017-02-02
CHCCHCH3            2       310.999     4.776     0.000     7.210     1.000 !WAGNON1@LLNL.GOV, ESTIMATED 2017-02-02
C2H3COCH2           2       355.347     5.164     0.000     7.780     1.000 !WAGNON1@LLNL.GOV, ESTIMATED 2017-02-02
IC3H6OH-1O2         2       408.708     5.606     0.000     7.750     1.000 !WAGNON1@LLNL.GOV, ESTIMATED 2017-02-02
IC5D2Y4-4J          2       390.189     5.456     0.000     9.630     1.000 !WAGNON1@LLNL.GOV, ESTIMATED 2019-01-09
IC5D2Y4-1J          2       390.189     5.456     0.000     9.630     1.000 !WAGNON1@LLNL.GOV, ESTIMATED 2019-01-09
IC5D2Y4-1OOH        2       462.137     6.026     0.000    10.940     1.000 !WAGNON1@LLNL.GOV, ESTIMATED 2019-01-09
IC5D2Y14            2       424.343     5.731     0.000    10.030     1.000 !WAGNON1@LLNL.GOV, ESTIMATED 2019-01-09
C5H91-1O2           2       430.920     5.783     0.000    10.540     1.000 !WAGNON1@LLNL.GOV, ESTIMATED 2019-03-28
CPT2Q4Q1J           2       495.235     6.275     0.000    11.680     1.000 !WAGNON1@LLNL.GOV, ESTIMATED 2019-03-28
C2H3C(OO)CCVO       2       462.137     6.026     0.000    10.940     1.000 !WAGNON1@LLNL.GOV, ESTIMATED 2019-03-28
CH2COCH2O2H         2       404.107     5.569     0.000     7.410     1.000 !WAGNON1@LLNL.GOV, ESTIMATED 2019-05-28
O2CH2COCH2O2H       2       472.002     6.101     0.000     8.550     1.000 !WAGNON1@LLNL.GOV, ESTIMATED 2019-05-28
HO2CH2COCHO         2       437.193     5.833     0.000     7.810     1.000 !WAGNON1@LLNL.GOV, ESTIMATED 2019-05-28
CVC(COOJ)COOH       2       468.100     6.071     0.000     9.830     1.000 !WAGNON1@LLNL.GOV, ESTIMATED 2019-05-28
OVCC(VC)COOH        2       432.985     5.800     0.000     9.090     1.000 !WAGNON1@LLNL.GOV, ESTIMATED 2019-05-28
OVCC(VC)COJ         2       394.846     5.494     0.000     8.350     1.000 !WAGNON1@LLNL.GOV, ESTIMATED 2019-05-28
OVCC(VC)CVO         2       392.472     5.475     0.000     8.180     1.000 !WAGNON1@LLNL.GOV, ESTIMATED 2019-05-28
CC(OOJ)CVOCO        2       468.100     6.071     0.000     9.830     1.000 !WAGNON1@LLNL.GOV, ESTIMATED 2019-05-28
CC(OO)CVOCJO        2       468.100     6.071     0.000     9.830     1.000 !WAGNON1@LLNL.GOV, ESTIMATED 2019-05-28
CC(OO)CVOCVO        2       466.088     6.056     0.000     9.660     1.000 !WAGNON1@LLNL.GOV, ESTIMATED 2019-05-28
AC5H9-DO2           2       430.920     5.783     0.000    10.540     1.000 !WAGNON1@LLNL.GOV, ESTIMATED 2019-05-28
AC5H9-CO2           2       430.920     5.783     0.000    10.540     1.000 !WAGNON1@LLNL.GOV, ESTIMATED 2019-05-28
CC5H9-BO2           2       430.920     5.783     0.000    10.540     1.000 !WAGNON1@LLNL.GOV, ESTIMATED 2019-05-28
CC5H9-AO2           2       430.920     5.783     0.000    10.540     1.000 !WAGNON1@LLNL.GOV, ESTIMATED 2019-05-28
IC5CHO1-3O          2       428.737     5.766     0.000    10.370     1.000 !WAGNON1@LLNL.GOV, ESTIMATED 2019-06-14
IC5Y4OOH2-3J        2       464.166     6.041     0.000    11.110     1.000 !WAGNON1@LLNL.GOV, ESTIMATED 2019-06-14
IC5Y4OOH3-2J        2       464.166     6.041     0.000    11.110     1.000 !WAGNON1@LLNL.GOV, ESTIMATED 2019-06-14
IC5D3O1-2           2       392.576     5.475     0.000     9.800     1.000 !WAGNON1@LLNL.GOV, ESTIMATED 2019-06-14
IC5D1O3-4           2       392.576     5.475     0.000     9.800     1.000 !WAGNON1@LLNL.GOV, ESTIMATED 2019-06-14
IC5D3OH2-1J         2       394.950     5.495     0.000     9.970     1.000 !WAGNON1@LLNL.GOV, ESTIMATED 2019-06-14
IC5D1OH3-4J         2       394.950     5.495     0.000     9.970     1.000 !WAGNON1@LLNL.GOV, ESTIMATED 2019-06-14
IC5D3OH2-1O2        2       464.166     6.041     0.000    11.110     1.000 !WAGNON1@LLNL.GOV, ESTIMATED 2019-06-14
IC5D1OH3-4O2        2       464.166     6.041     0.000    11.110     1.000 !WAGNON1@LLNL.GOV, ESTIMATED 2019-06-14
B13DE2M-1J          2       350.178     5.120     0.000     9.060     1.000 !WAGNON1@LLNL.GOV, ESTIMATED 2019-06-14
B13DE2M-4J          2       350.178     5.120     0.000     9.060     1.000 !WAGNON1@LLNL.GOV, ESTIMATED 2019-06-14
IC5Y4OH2-3J         2       430.920     5.783     0.000    10.540     1.000 !WAGNON1@LLNL.GOV, ESTIMATED 2019-06-14
IC5Y4OH3-2J         2       430.920     5.783     0.000    10.540     1.000 !WAGNON1@LLNL.GOV, ESTIMATED 2019-06-14
IC5Y4OH2-3O2        2       495.235     6.275     0.000    11.680     1.000 !WAGNON1@LLNL.GOV, ESTIMATED 2019-06-14
IC5Y4OH3-2O2        2       495.235     6.275     0.000    11.680     1.000 !WAGNON1@LLNL.GOV, ESTIMATED 2019-06-14
IC5D1Y4-3OJ         2       426.543     5.749     0.000    10.200     1.000 !WAGNON1@LLNL.GOV, ESTIMATED 2019-06-14
IC5D1Y4-3OOH        2       462.137     6.026     0.000    10.940     1.000 !WAGNON1@LLNL.GOV, ESTIMATED 2019-06-14
C3H5-TO2            2       365.583     5.251     0.000     6.840     1.000 !WAGNON1@LLNL.GOV, ESTIMATED 2019-06-14
IC5D2Y4-1OJ         2       426.543     5.749     0.000    10.200     1.000 !WAGNON1@LLNL.GOV, ESTIMATED 2019-06-14
OOCC(VO)COJ         2       439.335     5.849     0.000     7.980     1.000 !WAGNON1@LLNL.GOV, ESTIMATED 2019-06-14
CVCC(OOJ)(C)CO      2       464.166     6.041     0.000    11.110     1.000 !WAGNON1@LLNL.GOV, ESTIMATED 2019-06-14
C3Y3OH1-2J          2       365.583     7.972     0.000     6.840     1.000 !WAGNON1@LLNL.GOV, ESTIMATED 2019-08-09
C3Y3OH1-2O2         2       439.335     7.972     0.000     7.980     1.000 !WAGNON1@LLNL.GOV, ESTIMATED 2019-08-09
C3Y3Q2-1J           2       404.107     7.972     0.000     7.410     1.000 !WAGNON1@LLNL.GOV, ESTIMATED 2019-08-09
C4D3OH1-2OOJ        2       435.148     7.972     0.000     9.260     1.000 !WAGNON1@LLNL.GOV, ESTIMATED 2019-08-09
C6H5CH2CHO          2       470.184     7.972     0.000    14.330     1.000 !WAGNON1@LLNL.GOV, ESTIMATED 2019-08-09
C6H5CCOH            2       474.168     7.972     0.000    14.670     1.000 !WAGNON1@LLNL.GOV, ESTIMATED 2019-08-09
C6H5CJCOH           2       472.180     7.972     0.000    14.500     1.000 !WAGNON1@LLNL.GOV, ESTIMATED 2019-08-09
C6H5CCJOH           2       472.180     7.972     0.000    14.500     1.000 !WAGNON1@LLNL.GOV, ESTIMATED 2019-08-09
C6H5C(OOJ)COH       2       531.632     7.972     0.000    15.640     1.000 !WAGNON1@LLNL.GOV, ESTIMATED 2019-08-09
C3Y3Q1-2J           2       404.107     5.569     0.000     7.410     1.000 !WAGNON1@LLNL.GOV, ESTIMATED 2019-09-11
CYC2OCHO            2       363.022     5.230     0.000     6.670     1.000 !WAGNON1@LLNL.GOV, ESTIMATED 2019-09-11
IC3H6OH-1OOH-3      2       408.708     5.606     0.000     7.750     1.000 !WAGNON1@LLNL.GOV, ESTIMATED 2019-09-11
IC3H6OH-1OOH-2      2       408.708     5.606     0.000     7.750     1.000 !WAGNON1@LLNL.GOV, ESTIMATED 2019-09-11
HO2CH2CHOHCHO       2       441.467     5.866     0.000     8.150     1.000 !WAGNON1@LLNL.GOV, ESTIMATED 2019-09-11
IC3H6OH-2O2         2       408.708     5.606     0.000     7.750     1.000 !WAGNON1@LLNL.GOV, ESTIMATED 2019-09-11
IC3H6OH-1OOH-3O2    2       475.971     6.131     0.000     8.890     1.000 !WAGNON1@LLNL.GOV, ESTIMATED 2019-09-11
C2H4CHO-2O2         2       404.107     5.569     0.000     7.410     1.000 !WAGNON1@LLNL.GOV, ESTIMATED 2019-09-11
C2H4CHO-3O2         2       404.107     5.569     0.000     7.410     1.000 !WAGNON1@LLNL.GOV, ESTIMATED 2019-09-11
CH3CHOOHCJO         2       404.107     5.569     0.000     7.410     1.000 !WAGNON1@LLNL.GOV, ESTIMATED 2019-09-11
HO2CH2CH2CJO        2       404.107     5.569     0.000     7.410     1.000 !WAGNON1@LLNL.GOV, ESTIMATED 2019-09-11
A2CH2               2       510.186     6.386     0.000    18.460     1.000 !WAGNON1@LLNL.GOV, ESTIMATED 2019-10-23
A2CH2O              2       538.665     6.593     0.000    19.030     1.000 !WAGNON1@LLNL.GOV, ESTIMATED 2019-10-23
A2CH2OO             2       565.744     6.785     0.000    19.600     1.000 !WAGNON1@LLNL.GOV, ESTIMATED 2019-10-23
A2CH2OOH            2       567.411     6.797     0.000    19.770     1.000 !WAGNON1@LLNL.GOV, ESTIMATED 2019-10-23
A2CH3               2       512.029     6.399     0.000    18.630     1.000 !WAGNON1@LLNL.GOV, ESTIMATED 2019-10-23
A2CHO               2       536.928     6.580     0.000    18.860     1.000 !WAGNON1@LLNL.GOV, ESTIMATED 2019-10-23
A2CHOH              2       538.665     6.593     0.000    19.030     1.000 !WAGNON1@LLNL.GOV, ESTIMATED 2019-10-23
A2CO                2       535.169     6.568     0.000    18.690     1.000 !WAGNON1@LLNL.GOV, ESTIMATED 2019-10-23
A2OCH3              2       538.665     6.593     0.000    19.030     1.000 !WAGNON1@LLNL.GOV, ESTIMATED 2019-10-23
A2OHCH3             2       540.413     6.605     0.000    19.200     1.000 !WAGNON1@LLNL.GOV, ESTIMATED 2019-10-23
C11H9O-LIN          2       565.744     6.785     0.000    19.600     1.000 !WAGNON1@LLNL.GOV, ESTIMATED 2019-10-23
C6H3A1CH3           2       510.186     6.386     0.000    18.460     1.000 !WAGNON1@LLNL.GOV, ESTIMATED 2019-10-23
C6H4A1CH3           2       510.186     6.386     0.000    18.460     1.000 !WAGNON1@LLNL.GOV, ESTIMATED 2019-10-23
HOA2CH3             2       540.413     6.605     0.000    19.200     1.000 !WAGNON1@LLNL.GOV, ESTIMATED 2019-10-23
M-O2C6H4A1CH3       2       565.744     6.785     0.000    19.600     1.000 !WAGNON1@LLNL.GOV, ESTIMATED 2019-10-23
O2A2CH3             2       565.744     6.785     0.000    19.600     1.000 !WAGNON1@LLNL.GOV, ESTIMATED 2019-10-23
OA2CH3              2       538.665     6.593     0.000    19.030     1.000 !WAGNON1@LLNL.GOV, ESTIMATED 2019-10-23
OC6H4A1CH2          2       536.928     6.580     0.000    18.860     1.000 !WAGNON1@LLNL.GOV, ESTIMATED 2019-10-23
O-O2C6H4A1CH3       2       565.744     6.785     0.000    19.600     1.000 !WAGNON1@LLNL.GOV, ESTIMATED 2019-10-23
CHOCCH3ACO1-5       2       565.744     6.785     0.000    19.600     1.000 !WAGNON1@LLNL.GOV, ESTIMATED 2019-10-23
END
