!Supplementary file- Gas phase reactions
!Experimental and Chemical Kinetic Modeling Study of High-Temperature Oxidation of Diisopropyl Methylphosphonate (DIMP) - a Sarin Simulant
!Ramees K. Rahman, Chun-Hung Wang, Artem Masunov and Subith Vasu
THERMO ALL
  300.000  1000.000  5000.000
POME[OIPR]2             P   1C   7H  17O   3G300.0     3000.0    1600.0        1
1.83877028e-04 1.01584500e-01 -5.44047559e-051.38230789e-08 -1.35813668e-12    2
-1.24469409e+053.79098638e+01 -7.54395913e-011.21448137e-01 -8.87216900e-05    3
3.45466275e-08 -5.63554313e-12-1.26813772e+053.43366891e+01                    4
PO[OH]ME[OIPR]          P   1C   4H  11O   3G300.0     3000.0    1600.0        1
1.25563858e-04 6.93688696e-02 -3.77621294e-059.72392234e-09 -9.65636694e-13    2
-1.17554722e+053.62825165e+01 4.73786767e-01 8.61176370e-02 -7.10162031e-05    3
3.17817080e-08 -5.93107673e-12-1.20074899e+052.65741003e+01                    4
PO[OH]2ME               P   1C   1H   5O   3G300.0     3000.0    1600.0        1
6.73241527e-05 3.71938261e-02 -2.11597287e-055.63876888e-09 -5.74811776e-13    2
-1.09641028e+053.47094763e+01 1.92361221e+00 5.03211618e-02 -5.29271236e-05    3
2.88842159e-08 -6.21255914e-12-1.12414815e+051.76729196e+01                    4
CH3PO2                  P   1C   1H   3O   2G300.0     3000.0    1600.0        1
4.33650918e-05 2.39574302e-02 -1.35216433e-053.56828328e-09 -3.60457777e-13    2
-5.98602826e+042.98551532e+01 1.32248688e+00 2.72820813e-02 -2.27774981e-05    3
1.01417627e-08 -1.86841435e-12-6.12018761e+042.01223053e+01                    4
CH2PO2                  P   1C   1H   2O   2G300.0     3000.0    1600.0        1
4.19950937e-05 2.32005621e-02 -1.38546845e-053.79754713e-09 -3.93894715e-13    2
-3.45694413e+043.14603634e+01 2.63057453e+00 2.77229020e-02 -2.96534919e-05    3
1.61528509e-08 -3.46104866e-12-3.68090284e+041.31942783e+01                    4
PO[OH]2CH2              P   1C   1H   4O   3G300.0     3000.0    1600.0        1
6.27951896e-05 3.46917598e-02 -2.03475208e-055.53666611e-09 -5.72692147e-13    2
-8.27944832e+043.67055535e+01 2.63242927e+00 4.97016273e-02 -5.85981277e-05    3
3.42491617e-08 -7.67183279e-12-8.61549822e+041.46543289e+01                    4
POMEOIPR[OTC3H6]        P   1C   7H  16O   3G300.0     3000.0    1600.0        1
1.79459938e-04 9.91442384e-02 -5.36116345e-051.37180307e-08 -1.35487183e-12    2
-1.01469649e+054.20451399e+01 9.51926331e-01 1.15110079e-01 -8.44625928e-05    3
3.30297889e-08 -5.41294813e-12-1.04434126e+052.92512351e+01                    4
POMEOIPR[OPC3H6]        P   1C   7H  16O   3G300.0     3000.0    1600.0        1
1.79636169e-04 9.92415988e-02 -5.37573603e-051.37798388e-08 -1.36316097e-12    2
-9.81367957e+044.13012927e+01 2.19525960e-01 1.21205390e-01 -9.58461039e-05    3
4.11222500e-08 -7.41387960e-12-1.01244738e+053.09968891e+01                    4
PO[OIPR]2[CH2]          P   1C   7H  16O   3G300.0     3000.0    1600.0        1
1.79342891e-04 9.90795747e-02 -5.35929920e-051.37218575e-08 -1.35617902e-12    2
-9.76878997e+044.08068461e+01 1.06809802e-01 1.20367977e-01 -9.38500923e-05    3
3.96166796e-08 -7.03358928e-12-1.00662394e+053.14353150e+01                    4
POME[OIPR]O             P   1C   4H  10O   3G300.0     3000.0    1600.0        1
1.20379616e-04 6.65047888e-02 -3.64942091e-059.44189961e-09 -9.40361484e-13    2
-8.53876682e+043.71677305e+01 8.40090943e-01 8.09343262e-02 -6.58864885e-05    3
2.89726034e-08 -5.32280171e-12-8.78800908e+042.60196899e+01                    4
POME[OIPR]              P   1C   4H  10O   2G300.0     3000.0    1600.0        1
1.11237438e-04 6.14541119e-02 -3.32398276e-058.51034887e-09 -8.41080576e-13    2
-6.05429192e+043.53113460e+01 8.46196873e-01 7.18028783e-02 -5.42591104e-05    3
2.21531612e-08 -3.81346823e-12-6.25625823e+042.56596440e+01                    4
PO[OH]ME[OTC3H6]        P   1C   4H  10O   3G300.0     3000.0    1600.0        1
1.21078261e-04 6.68907613e-02 -3.69362762e-059.60858200e-09 -9.61238652e-13    2
-9.42463323e+043.91314811e+01 2.03946322e+00 8.03114582e-02 -6.75753551e-05    3
3.08049167e-08 -5.83716681e-12-9.73585928e+042.08788506e+01                    4
PO[OH]ME[OPC3H6]        P   1C   4H  10O   3G300.0     3000.0    1600.0        1
1.21493067e-04 6.71199245e-02 -3.72015602e-059.70943211e-09 -9.73961103e-13    2
-9.10036016e+043.99168943e+01 1.61316888e+00 8.54866709e-02 -7.76242213e-05    3
3.80251708e-08 -7.62983403e-12-9.43407848e+042.26129901e+01                    4
H                 120186H   1               G     300.0    5000.0  1000.0      1
          2.5E0          0.0E0          0.0E0          0.0E0          0.0E0    2
     2.547163E4   -4.601176E-1          2.5E0          0.0E0          0.0E0    3
          0.0E0          0.0E0     2.547163E4   -4.601176E-1                   4
H2                121286H   2               G     300.0    5000.0  1000.0      1
     2.991423E0    7.000644E-4   -5.633829E-8  -9.231578E-12   1.582752E-15    2
     -8.35034E2     -1.35511E0     3.298124E0    8.249442E-4   -8.143015E-7    3
  -9.475434E-11   4.134872E-13    -1.012521E3    -3.294094E0                   4
O                 120186O   1               G     300.0    5000.0  1000.0      1
      2.54206E0   -2.755062E-5   -3.102803E-9   4.551067E-12  -4.368052E-16    2
      2.92308E4     4.920308E0     2.946429E0   -1.638166E-3    2.421032E-6    3
   -1.602843E-9   3.890696E-13     2.914764E4     2.963995E0                   4
O2                121386O   2               G     300.0    5000.0  1000.0      1
     3.697578E0    6.135197E-4   -1.258842E-7   1.775281E-11  -1.136435E-15    2
     -1.23393E3     3.189166E0     3.212936E0    1.127486E-3    -5.75615E-7    3
    1.313877E-9  -8.768554E-13    -1.005249E3     6.034738E0                   4
OH                -THERMH   1O   1          G     300.0    5000.0  1357.0      1
   2.62599754E0  1.31992406E-3  -3.5972467E-7   4.256308E-11-1.82048016E-15    2
   4.12085374E3   7.10667307E0   3.43586219E0  2.02235804E-4 -1.13546412E-7    3
 2.42445149E-10-7.43651031E-14   3.74321252E3   2.45014127E0                   4
H2O               -20387H   2O   1          G     300.0    5000.0  1000.0      1
     2.672146E0    3.056293E-3    -8.73026E-7   1.200996E-10  -6.391618E-15    2
    -2.989921E4     6.862817E0     3.386842E0    3.474982E-3   -6.354696E-6    3
    6.968581E-9  -2.506588E-12    -3.020811E4     2.590233E0                   4
N2                121286N   2               G     300.0    5000.0  1000.0      1
      2.92664E0    1.487977E-3   -5.684761E-7   1.009704E-10  -6.753351E-15    2
    -9.227977E2     5.980528E0     3.298677E0     1.40824E-3   -3.963222E-6    3
    5.641515E-9  -2.444855E-12      -1.0209E3     3.950372E0                   4
CO                121286O   1C   1          G     300.0    5000.0  1000.0      1
     3.025078E0    1.442689E-3   -5.630828E-7   1.018581E-10  -6.910952E-15    2
    -1.426835E4     6.108218E0     3.262452E0    1.511941E-3   -3.881755E-6    3
    5.581944E-9  -2.474951E-12    -1.431054E4     4.848897E0                   4
HCO               121286H   1O   1C   1     G     300.0    5000.0  1000.0      1
     3.557271E0    3.345573E-3   -1.335006E-6   2.470573E-10  -1.713851E-14    2
     3.916324E3     5.552299E0      2.89833E0    6.199147E-3   -9.623084E-6    3
    1.089825E-8  -4.574885E-12     4.159922E3     8.983614E0                   4
CO2               121286O   2C   1          G     300.0    5000.0  1000.0      1
     4.453623E0    3.140169E-3   -1.278411E-6   2.393997E-10  -1.669033E-14    2
    -4.896696E4   -9.553959E-1     2.275725E0    9.922072E-3   -1.040911E-5    3
    6.866687E-9   -2.11728E-12    -4.837314E4     1.018849E1                   4
CH3               121286H   3C   1          G     300.0    5000.0  1000.0      1
     2.844052E0    6.137974E-3   -2.230345E-6   3.785161E-10  -2.452159E-14    2
     1.643781E4     5.452697E0     2.430443E0     1.11241E-2    -1.68022E-5    3
    1.621829E-8  -5.864953E-12     1.642378E4     6.789794E0                   4
CH4               121286H   4C   1          G     300.0    5000.0  1000.0      1
     1.683479E0    1.023724E-2   -3.875129E-6   6.785585E-10  -4.503423E-14    2
    -1.008079E4     9.623395E0    7.787415E-1    1.747668E-2   -2.783409E-5    3
    3.049708E-8  -1.223931E-11    -9.825229E3     1.372219E1                   4
HO2               -THERMH   1O   2          G     300.0    5000.0  1390.0      1
   4.10547423E0  2.38452835E-3 -8.06347989E-7 1.24191723E-10-7.16400108E-15    2
   3.98127689E2   3.12515836E0   3.18310656E0   3.6676795E-3 -9.32385122E-7    3
-3.25852919E-10 1.51139912E-13   8.09181013E2   8.39371099E0                   4
H2O2              120186H   2O   2          G     300.0    5000.0  1000.0      1
     4.573167E0    4.336136E-3   -1.474689E-6   2.348904E-10  -1.431654E-14    2
    -1.800696E4     5.01137E-1     3.388754E0    6.569226E-3   -1.485013E-7    3
   -4.625806E-9   2.471515E-12    -1.766315E4     6.785363E0                   4
CH2O              121286H   2O   1C   1     G     300.0    5000.0  1000.0      1
     2.995606E0    6.681321E-3   -2.628955E-6   4.737153E-10  -3.212517E-14    2
    -1.532037E4     6.912572E0     1.652731E0    1.263144E-2   -1.888168E-5    3
    2.050031E-8  -8.413237E-12     -1.48654E4     1.378482E1                   4
CH3O              121686H   3O   1C   1     G     300.0    3000.0  1000.0      1
       3.7708E0    7.871497E-3   -2.656384E-6   3.944431E-10  -2.112616E-14    2
     1.278325E2     2.929575E0     2.106204E0    7.216595E-3    5.338472E-6    3
   -7.377636E-9   2.075611E-12     9.786011E2     1.315218E1                   4
C2H6              121686H   6C   2          G     300.0    4000.0  1000.0      1
     4.825938E0    1.384043E-2   -4.557259E-6   6.724967E-10  -3.598161E-14    2
    -1.271779E4    -5.239507E0     1.462539E0    1.549467E-2    5.780507E-6    3
   -1.257832E-8   4.586267E-12    -1.123918E4     1.443229E1                   4
C2H4              121286H   4C   2          G     300.0    5000.0  1000.0      1
     3.528419E0    1.148518E-2   -4.418385E-6   7.844601E-10  -5.266848E-14    2
     4.428289E3     2.230389E0    -8.61488E-1    2.796163E-2   -3.388677E-5    3
    2.785152E-8  -9.737879E-12     5.573046E3     2.421149E1                   4
C2H5              -12387H   5C   2          G     300.0    5000.0  1000.0      1
      7.19048E0    6.484077E-3   -6.428065E-7  -2.347879E-10   3.880877E-14    2
     1.067455E4    -1.478089E1     2.690702E0    8.719133E-3    4.419839E-6    3
   9.338703E-10  -3.927773E-12      1.28704E4      1.21382E1                   4
CH2               120186H   2C   1          G     250.0    4000.0  1000.0      1
     3.636408E0    1.933057E-3   -1.687016E-7  -1.009899E-10   1.808256E-14    2
     4.534134E4     2.156561E0     3.762237E0    1.159819E-3    2.489585E-7    3
   8.800836E-10  -7.332435E-13     4.536791E4     1.712578E0                   4
CH                121286H   1C   1          G     300.0    5000.0  1000.0      1
     2.196223E0    2.340381E-3   -7.058201E-7   9.007582E-11   -3.85504E-15    2
     7.086723E4     9.178373E0     3.200202E0    2.072876E-3   -5.134431E-6    3
     5.73389E-9  -1.955533E-12     7.045259E4     3.331588E0                   4
C2H               -81193H   1C   2          G     300.0    4000.0  1000.0      1
     3.986367E0    3.143123E-3   -1.267243E-6   2.924363E-10   -2.71632E-14    2
     6.655884E4     1.191063E0     2.737704E0    8.048446E-3    -9.24431E-6    3
    6.525259E-9   -1.93958E-12     6.683813E4      7.30022E0                   4
C2H2              121386H   2C   2          G     300.0    5000.0  1000.0      1
      4.43677E0    5.376039E-3   -1.912817E-6   3.286379E-10   -2.15671E-14    2
     2.566766E4    -2.800338E0     2.013562E0    1.519045E-2   -1.616319E-5    3
    9.078992E-9  -1.912746E-12     2.612444E4     8.805378E0                   4
C2H3              -12787H   3C   2          G     300.0    5000.0  1000.0      1
     5.933468E0    4.017746E-3    -3.96674E-7  -1.441267E-10   2.378644E-14    2
     3.185435E4    -8.530313E0     2.459276E0    7.371476E-3    2.109873E-6    3
   -1.321642E-9  -1.184784E-12     3.335225E4      1.15562E1                   4
CH3OH             121686H   4O   1C   1     G     300.0    5000.0  1000.0      1
     4.029061E0    9.376593E-3   -3.050254E-6   4.358793E-10  -2.224723E-14    2
    -2.615791E4     2.378196E0     2.660115E0    7.341508E-3    7.170051E-6    3
   -8.793194E-9    2.39057E-12    -2.535348E4     1.123263E1                   4
CH2OH             120186H   3O   1C   1     G     250.0    4000.0  1000.0      1
      6.32752E0    3.608271E-3   -3.201547E-7   -1.93875E-10   3.509705E-14    2
    -4.474509E3    -8.329366E0     2.862628E0    1.001527E-2   -5.285436E-7    3
    -5.13854E-9   2.246041E-12    -3.349679E3     1.039794E1                   4
CH2CO             121686H   2O   1C   2     G     300.0    5000.0  1000.0      1
     6.038817E0     5.80484E-3   -1.920954E-6   2.794485E-10  -1.458868E-14    2
    -8.583402E3    -7.657581E0     2.974971E0    1.211871E-2   -2.345046E-6    3
   -6.466685E-9   3.905649E-12    -7.632637E3     8.673553E0                   4
HCCO              -32387H   1O   1C   2     G     300.0    4000.0  1000.0      1
     6.758073E0      2.0004E-3   -2.027607E-7  -1.041132E-10   1.965165E-14    2
     1.901513E4    -9.071262E0     5.047965E0    4.453478E-3    2.268283E-7    3
   -1.482095E-9   2.250742E-13     1.965892E4    4.818439E-1                   4
C2H5OH            -THERMH   6O   1C   2     G     300.0    5000.0  1391.0      1
   7.95264841E0  1.31574144E-2 -4.43693359E-6  6.8220116E-10-3.93096335E-14    2
  -3.23602958E4  -1.76537972E1  4.23149045E-1  2.92858167E-2 -1.73845099E-5    3
  5.33639892E-9-6.74917252E-13  -2.95683054E4   2.33538763E1                   4
PC2H4OH           -THERMH   5O   1C   2     G     300.0    5000.0  1391.0      1
   7.52241939E0  1.10492715E-2 -3.72576465E-6 5.72827397E-10-3.30061759E-14    2
   -7.2933359E3  -1.24958732E1   1.17714711E0  2.48115685E-2 -1.50299503E-5    3
  4.79006785E-9-6.40994211E-13  -4.95369043E3   2.20081586E1                   4
SC2H4OH           -THERMH   5O   1C   2     G     300.0    5000.0  1553.0      1
   7.26631179E0  1.09588926E-2 -3.63662803E-6  5.5365983E-10-3.17012322E-14    2
  -8.64310684E3  -1.06794104E1   1.83974631E0  1.87789371E-2 -4.60544253E-6    3
  -2.1311699E-9 9.43772653E-13  -6.29595195E3   2.01446141E1                   4
CH3CO             120186H   3O   1C   2     G     300.0    5000.0  1000.0      1
     5.612279E0    8.449886E-3   -2.854147E-6   4.238376E-10  -2.268404E-14    2
    -5.187863E3    -3.274949E0     3.125278E0     9.77822E-3    4.521448E-6    3
   -9.009462E-9   3.193718E-12    -4.108508E3     1.122885E1                   4
CH2CHO            110393H   3O   1C   2     G     300.0    5000.0  1000.0      1
      5.97567E0    8.130591E-3   -2.743624E-6   4.070304E-10  -2.176017E-14    2
     4.903218E2    -5.045251E0     3.409062E0    1.073857E-2    1.891492E-6    3
   -7.158583E-9   2.867385E-12     1.521477E3      9.55829E0                   4
CH3CHO            120186H   4O   1C   2     G     300.0    5000.0  1000.0      1
      5.86865E0    1.079424E-2    -3.64553E-6   5.412912E-10  -2.896844E-14    2
    -2.264569E4    -6.012946E0     2.505695E0    1.336991E-2    4.671953E-6    3
    -1.12814E-8   4.263566E-12    -2.124589E4     1.335089E1                   4
C2H5O             -THERMH   5O   1C   2     G     300.0    5000.0  1389.0      1
   7.87339772E0  1.13072907E-2 -3.84421421E-6 5.94414105E-10-3.43894538E-14    2
  -6.07274953E3   -1.7341679E1  4.94420708E-1  2.71774434E-2  -1.6590901E-5    3
    5.152042E-9-6.48496915E-13  -3.35252925E3   2.28079378E1                   4
CH3O2             -THERMH   3O   2C   1     G     300.0    5000.0  1385.0      1
   5.95787891E0  7.90728626E-3 -2.68246234E-6 4.13891337E-10 -2.3900733E-14    2
  -1.53574838E3  -4.71963886E0   4.26146906E0  1.00873599E-2 -3.21506184E-6    3
 2.09409267E-10 4.18339103E-14  -6.84394259E2    5.1633032E0                   4
C2H5O2            -THERMH   5O   2C   2     G     300.0    5000.0  1386.0      1
   9.15255914E0  1.24709284E-2  -4.2710065E-6 6.63470012E-10-3.85024363E-14    2
  -7.82759319E3  -1.99384891E1   3.25121167E0  2.36765869E-2 -1.18477606E-5    3
  2.79401564E-9-2.41043601E-13  -5.44533068E3   1.27953147E1                   4
CH3O2H            -THERMH   4O   2C   1     G     300.0    5000.0  1390.0      1
   8.43117091E0  8.06817909E-3 -2.77094921E-6 4.31332243E-10-2.50692146E-14    2
  -1.96678771E4  -1.91170629E1   3.23442817E0  1.90129767E-2 -1.13386287E-5    3
  3.40306653E-9-4.11830222E-13  -1.77197926E4   9.25623949E0                   4
C2H5O2H           -THERMH   6O   2C   2     G     300.0    5000.0  1389.0      1
   1.15361794E1  1.26680904E-2 -4.36302927E-6 6.80516196E-10-3.96092541E-14    2
  -2.58990676E4  -3.37584606E1   2.55448138E0  3.13447282E-2 -1.84312866E-5    3
  5.15917791E-9-5.28572992E-13  -2.25353676E4   1.53197322E1                   4
C2H3O1,2          -THERMH   3O   1C   2     G     300.0    5000.0  1491.0      1
   1.14373827E1  4.23746386E-3 -1.54815052E-6 2.51163559E-10-1.50252425E-14    2
   4.35403066E3  -3.40412712E1  3.35999844E-1  3.09570853E-2   -2.528386E-5    3
  9.42237535E-9-1.30399273E-12   7.99950911E3    2.5082566E1                   4
CH3CO2            -THERMH   3O   2C   2     G     300.0    5000.0  1395.0      1
   8.54059736E0  8.32951214E-3  -2.8472201E-6 4.41927196E-10-2.56373394E-14    2
  -2.97290678E4  -2.10778361E1   1.37440768E0  2.49115604E-2 -1.74308894E-5    3
  6.24799508E-9-9.09516835E-13   -2.7233015E4   1.74510638E1                   4
C2H4O1,2          -THERMH   4O   1C   2     G     300.0    5000.0  1423.0      1
   1.17645647E1  6.66438159E-3 -2.42227227E-6   3.916382E-10-2.33734512E-14    2
  -2.35320082E4  -3.82691119E1 -9.57966748E-2  3.06134929E-2 -1.80613231E-5    3
  3.39679503E-9  1.6915688E-13  -1.91863801E4   2.65139216E1                   4
C2H4O2H           -THERMH   5O   2C   2     G     300.0    5000.0  1388.0      1
   1.11476965E1  1.04949968E-2 -3.62326819E-6 5.66061229E-10-3.29857328E-14    2
  -8.35606734E2  -2.87480538E1   3.40977031E0  2.65939711E-2 -1.57408161E-5    3
  4.41132564E-9-4.49209001E-13   2.05874655E3   1.35264941E1                   4
O2C2H4OH          -THERMH   5O   3C   2     G     300.0    5000.0  1392.0      1
   1.07432659E1  1.30957787E-2 -4.45370088E-6 6.88548738E-10-3.98230113E-14    2
  -2.55911274E4  -2.33254953E1   4.11839445E0  2.72240632E-2  -1.6082443E-5    3
  5.17033408E-9-7.31610168E-13  -2.30857785E4   1.28482112E1                   4
CH3CO3            -THERMH   3O   3C   2     G     300.0    5000.0  1396.0      1
   1.15641474E1  8.02672958E-3 -2.77497463E-6 4.34069277E-10-2.53202435E-14    2
  -1.93142188E4  -3.13182392E1   2.61619505E0  2.94830898E-2 -2.23952554E-5    3
  8.56474251E-9-1.31255496E-12  -1.62923875E4   1.64911398E1                   4
CH3CO3H           -THERMH   4O   3C   2     G     300.0    5000.0  1391.0      1
   1.25060485E1  9.47789695E-3 -3.30402246E-6 5.19630793E-10-3.04233568E-14    2
  -4.59856703E4  -3.79195947E1   2.24135876E0  3.37963514E-2 -2.53887482E-5    3
  9.67583587E-9-1.49266157E-12  -4.24677831E4   1.70668133E1                   4
OCHO              -THERMH   1O   2C   1     G     300.0    5000.0  1690.0      1
   6.12628782E0  3.75602932E-3 -1.42010352E-6   2.364292E-10-1.44167651E-14    2
  -2.17698466E4  -8.01574694E0   1.35213452E0  1.50082004E-2 -1.09896141E-5    3
   3.7367984E-9-4.81014498E-13  -2.02253647E4   1.74373147E1                   4
O2C2H4O2H         -THERMH   5O   4C   2     G     300.0    5000.0  1387.0      1
   1.45471032E1  1.23393823E-2 -4.27259469E-6 6.68763337E-10-3.90196721E-14    2
  -1.96338761E4  -4.08784236E1   5.90031872E0  3.05658528E-2  -1.8590595E-5    3
  5.67871605E-9-7.02799577E-13  -1.63916571E4   6.33051038E0                   4
CH2[S]            -31287H   2C   1          G     300.0    4000.0  1000.0      1
     3.552888E0    2.066788E-3   -1.914116E-7 -1.1046733E-10   2.021349E-14    2
     4.984975E4      1.68657E0     3.971265E0   -1.699088E-4   1.0253689E-6    3
     2.49255E-9  -1.981266E-12     4.989367E4    5.753207E-2                   4
HOCHO             -THERMH   2O   2C   1     G     300.0    5000.0  1376.0      1
   6.68733013E0  5.14289368E-3 -1.82238513E-6 2.89719163E-10-1.70892199E-14    2
    -4.839954E4  -1.13104798E1   1.43548185E0  1.63363016E-2 -1.06257421E-5    3
  3.32132977E-9-4.02176103E-13  -4.64616504E4   1.72885798E1                   4
C3H6              120186H   6C   3          G     300.0    5000.0  1000.0      1
     6.732257E0   1.4908336E-2   -4.949899E-6   7.212022E-10  -3.766204E-14    2
    -9.235703E2   -1.3313348E1    1.4933071E0    2.092517E-2    4.486794E-6    3
  -1.6689121E-8   7.158146E-12    1.0748264E3     1.614534E1                   4
IC3H7             120186H   7C   3          G     300.0    5000.0  1000.0      1
     8.063369E0    1.574488E-2   -5.182392E-6   7.477245E-10  -3.854422E-14    2
     5.313871E3    -2.192647E1       1.7133E0    2.542616E-2    1.580808E-6    3
   -1.821286E-8    8.82771E-12     7.535809E3     1.297901E1                   4
IC3H7OH           120186H   8O   1C   3     G     300.0    5000.0  1000.0      1
    9.8861351E0   1.8893635E-2  -6.1110254E-6  9.3689922E-10 -5.5939848E-14    2
   -3.7474234E4    -2.664006E1  -3.6952588E-1   4.4164557E-2   -2.530741E-5    3
   4.0229167E-9   1.022228E-12   -3.4442375E4    2.7232586E1                   4
CH3COCH3          -THERMH   6O   1C   3     G     300.0    5000.0  1374.0      1
   9.91421984E0  1.46030709E-2 -5.06085765E-6 7.92682855E-10-4.62739645E-14    2
  -3.11167423E4  -2.86113215E1   1.30767163E0  2.92021742E-2 -1.19045617E-5    3
 6.52150087E-10 4.67751203E-13  -2.75328269E4   1.96395025E1                   4
C3H4-A            101993H   4C   3          G     300.0    4000.0  1400.0      1
     9.776256E0    5.302138E-3   -3.701118E-7  -3.026386E-10   5.089581E-14    2
     1.954972E4    -3.077061E1     2.539831E0    1.633437E-2    -1.76495E-6    3
   -4.647365E-9   1.729131E-12     2.251243E4     9.935702E0                   4
C3H4-P            101993H   4C   3          G     300.0    4000.0  1400.0      1
     9.768102E0    5.219151E-3    -3.75314E-7  -2.992191E-10   5.107878E-14    2
     1.860277E4    -3.020678E1      3.02973E0    1.498961E-2     -1.3985E-6    3
   -3.969619E-9   1.388217E-12     2.148408E4     8.004594E0                   4
NC3H7             120186H   7C   3          G     300.0    5000.0  1000.0      1
     7.978291E0    1.576113E-2   -5.173243E-6   7.443892E-10  -3.824978E-14    2
     7.579402E3    -1.935611E1     1.922537E0    2.478927E-2    1.810249E-6    3
   -1.783266E-8   8.582996E-12     9.713281E3     1.399271E1                   4
C3H8              120186H   8C   3          G     300.0    5000.0  1000.0      1
     7.525217E0    1.889034E-2   -6.283924E-6   9.179373E-10   -4.81241E-14    2
    -1.646455E4     -1.78439E1    8.969208E-1    2.668986E-2    5.431425E-6    3
   -2.126001E-8    9.24333E-12    -1.395492E4     1.935533E1                   4
CH3COCH2          -THERMH   5O   1C   3     G     300.0    5000.0  1391.0      1
   1.02303975E1  1.16494161E-2 -4.01005537E-6 6.25205246E-10-3.63784362E-14    2
  -8.44380462E3   -2.7919722E1   1.80339187E0  3.01407085E-2 -1.93505552E-5    3
  6.38199034E-9 -8.6610318E-13  -5.37233261E3   1.78046408E1                   4
C2H3CO            -THERMH   3O   1C   3     G     300.0    5000.0  1393.0      1
   9.99505311E0  7.34623223E-3 -2.56370222E-6  4.0346227E-10 -2.3631733E-14    2
    4.0052216E3  -2.67674022E1   1.05143589E0  3.06932973E-2 -2.65560368E-5    3
  1.18183987E-8-2.11589812E-12   6.87879551E3   2.04173489E1                   4
C2H3CHO           -THERMH   4O   1C   3     G     300.0    5000.0  1393.0      1
   1.04184959E1  9.48963321E-3 -3.29310529E-6 5.16279203E-10-3.01587291E-14    2
  -1.49630281E4  -3.07235061E1  2.92355162E-1  3.54321417E-2 -2.94936324E-5    3
  1.28100124E-8-2.26144108E-12  -1.16521584E4    2.2887828E1                   4
C3H5O             -THERMH   5O   1C   3     G     300.0    5000.0  1380.0      1
   1.02551752E1   1.1498372E-2 -3.84645659E-6 5.88910346E-10-3.38557923E-14    2
    6.2656081E3  -2.77655042E1   1.19822582E0  3.05579837E-2 -1.80630276E-5    3
  4.86150033E-9-4.19854562E-13   9.58217784E3   2.15566221E1                   4
NC3H7O            -THERMH   7O   1C   3     G     300.0    5000.0  1390.0      1
   1.10130308E1  1.58110271E-2 -5.38743215E-6 8.34264825E-10-4.83147349E-14    2
  -1.01528968E4  -3.27511689E1  2.89706514E-1   3.9307556E-2 -2.48069355E-5    3
  8.07083573E-9 -1.0799829E-12  -6.24474269E3    2.5438781E1                   4
IC3H7O            -THERMH   7O   1C   3     G     300.0    5000.0  1395.0      1
   1.14592753E1  1.55902812E-2 -5.34443227E-6 8.30858106E-10-4.82455289E-14    2
  -1.24638531E4  -3.62203624E1 -1.00369576E-1  4.31118928E-2 -3.10631817E-5    3
  1.20668364E-8-1.97214967E-12  -8.44902998E3    2.5765001E1                   4
C3H5-A            -THERMH   5C   3          G     300.0    5000.0  1397.0      1
   8.45883958E0  1.12695483E-2 -3.83792864E-6 5.94059119E-10 -3.4391803E-14    2
   1.63576092E4   -2.2580945E1 -5.29131958E-1    3.345591E-2 -2.53401027E-5    3
  1.02865754E-8 -1.7325834E-12   1.93834226E4   2.53067131E1                   4
C3H5-S            -THERMH   5C   3          G     300.0    5000.0  1390.0      1
   7.88765879E0  1.13012591E-2  -3.8421313E-6 5.93982677E-10-3.43567175E-14    2
   2.82377716E4  -1.74291589E1   1.32807335E0  2.53107914E-2 -1.51530439E-5    3
  4.74345565E-9-6.24666084E-13   3.06873903E4   1.83328787E1                   4
CH3CHCO           -THERMH   4O   1C   3     G     300.0    5000.0  1400.0      1
   1.00219123E1    9.569663E-3 -3.26221644E-6 5.05231706E-10-2.92593257E-14    2
  -1.42482738E4  -2.77829973E1   1.48380119E0  3.22203013E-2 -2.70250033E-5    3
  1.20499164E-8-2.18365931E-12   -1.1527654E4   1.71552068E1                   4
C3H5-T            -THERMH   5C   3          G     300.0    5000.0  1382.0      1
   7.37492443E0  1.17510061E-2 -4.00021283E-6 6.18947395E-10-3.58215018E-14    2
   2.72874911E4  -1.43478655E1   2.17916644E0  2.03826623E-2 -7.91413834E-6    3
 4.76906187E-10 2.70398536E-13   2.94895338E4   1.48785684E1                   4
C3H3              -82489H   3C   3          G     300.0    4000.0  1000.0      1
     8.831047E0    4.357195E-3   -4.109067E-7  -2.368723E-10    4.37652E-14    2
      3.84742E4    -2.177919E1       4.7542E0    1.108028E-2    2.793323E-7    3
   -5.479212E-9   1.949629E-12     3.988883E4    5.854549E-1                   4
C3H2              102193H   2C   3          G     150.0    4000.0  1000.0      1
     7.670981E0    2.748749E-3   -4.370943E-7  -6.455599E-11   1.663887E-14    2
     6.259722E4     -1.23689E1     3.166714E0    2.482572E-2   -4.591637E-5    3
    4.268019E-8  -1.482152E-11     6.350421E4     8.869446E0                   4
C3H6OH            -THERMH   7O   1C   3     G     300.0    5000.0  1674.0      1
   9.31287816E0  1.67579212E-2  -5.7555548E-6 9.00584362E-10-5.26566836E-14    2
  -1.20169635E4  -1.95011064E1   1.20494302E0  3.30857885E-2 -1.63893637E-5    3
  3.18103918E-9-6.84229288E-14   -9.1296172E3   2.47155202E1                   4
HOC3H6O2          -THERMH   7O   3C   3     G     300.0    5000.0  1397.0      1
   1.42691004E1  1.71837825E-2 -5.83419536E-6 9.00994191E-10 -5.2071621E-14    2
   -3.1450175E4  -4.15295035E1   3.06954289E0   4.4310564E-2  -3.1863626E-5    3
  1.26409287E-8-2.12751901E-12  -2.75893676E4   1.83891218E1                   4
C3H6O1-2          -THERMH   6O   1C   3     G     300.0    5000.0  1379.0      1
   1.19825289E1  1.23964696E-2 -4.39113813E-6 6.97911182E-10-4.11585127E-14    2
  -1.69739189E4  -4.22894035E1  -1.21988153E0  4.28578772E-2 -3.17530249E-5    3
  1.21763736E-8-1.94154303E-12  -1.22953761E4   2.88467826E1                   4
CH3COCH2O              5H   5O   2C   3     G     300.0    5000.0  1499.0      1
   1.82170188E1  8.06718056E-3 -2.92701772E-6 4.72700225E-10-2.81887496E-14    2
  -1.76096923E4  -6.45576662E1   4.18402754E0  3.73903061E-2 -2.37974482E-5    3
  5.85701585E-9 -2.5838015E-13  -1.25344087E4   1.17972181E1                   4
HOCH2O            -THERMH   3O   2C   1     G     300.0    5000.0  1452.0      1
   6.39521515E0  7.43673043E-3 -2.50422354E-6 3.84879712E-10-2.21778689E-14    2
  -2.47500385E4  -7.29290847E0   4.11183145E0  7.53850697E-3   3.7733737E-6    3
 -5.38746005E-9 1.45615887E-12  -2.34414546E4   6.81381989E0                   4
AR                120186AR  1               G     300.0    5000.0  1000.0      1
          2.5E0          0.0E0          0.0E0          0.0E0          0.0E0    2
     -7.45375E2     4.366001E0          2.5E0          0.0E0          0.0E0    3
          0.0E0          0.0E0     -7.45375E2     4.366001E0                   4
F                 121286F   1               G     300.0    5000.0  1000.0      1
     2.687459E0   -2.010358E-4    8.597957E-8  -1.644974E-11    1.16616E-15    2
     8.722883E3     3.882212E0     2.913905E0   -7.336339E-4    5.571015E-7    3
  -2.666871E-10   8.643255E-14     8.651201E3     2.677115E0                   4
HF                121286H   1F   1          G     300.0    5000.0  1000.0      1
     2.956767E0    7.721015E-4   -9.899833E-8  -4.993521E-12   1.429331E-15    2
    -3.361061E4     4.011673E0     3.431841E0    4.404166E-4   -8.828452E-7    3
   6.574516E-10   -2.05591E-14    -3.381977E4      1.23827E0                   4
P                 -IVTANP   1               G     300.0    5000.0  1000.0      1
   2.50176312E0          0.0E0          0.0E0          0.0E0          0.0E0    2
   3.73265706E4   5.36347667E0   2.50176312E0          0.0E0          0.0E0    3
          0.0E0          0.0E0   3.73265706E4   5.36347667E0                   4
PO                -WERNEP   1O   1          G     300.0    5000.0  1392.0      1
    3.8136416E0  6.77688682E-4  -2.4649489E-7  3.9643409E-11-2.31582325E-15    2
  -2.80028936E3   4.01971609E0   2.78732755E0  3.38661782E-3 -3.03070796E-6    3
  1.35235791E-9-2.39451539E-13  -2.47722884E3   9.41764627E0                   4
PO2               -WERNEP   1O   2          G     300.0    5000.0  1417.0      1
   5.88792712E0  1.03179483E-3 -3.76732599E-7  6.1094358E-11-3.65379942E-15    2
  -3.61698056E4  -3.99920962E0   3.15414123E0  7.75861465E-3 -6.55982025E-6    3
  2.57292529E-9-3.83098659E-13  -3.52835354E4   1.05137681E1                   4
PO3               -WERNEP   1O   3          G     300.0    5000.0  1385.0      1
   7.50191595E0  2.25996423E-3 -8.12291841E-7  1.3037161E-10-7.74134828E-15    2
  -5.45624887E4  -1.25276286E1   3.65142254E0  1.13762298E-2 -8.95202227E-6    3
  3.38650474E-9-5.00299647E-13  -5.32579612E4   8.07516782E0                   4
HPO               -WERNEH   1P   1O   1     G     300.0    5000.0  1484.0      1
   4.82140513E0  1.95364785E-3 -6.98247845E-7 1.11645424E-10-6.61191416E-15    2
  -1.09258456E4 -4.55629166E-1   3.03612826E0  4.55085531E-3  -1.0270052E-6    3
-7.87725156E-10 3.22116674E-13  -1.01609302E4   9.67027775E0                   4
HPO2              -WERNEH   1P   1O   2     G     300.0    5000.0  1383.0      1
   6.65631154E0  2.99195746E-3 -1.06801376E-6 1.70637261E-10-1.01004612E-14    2
  -5.15786749E4  -9.11924571E0   2.40302398E0   1.2597273E-2 -9.09491644E-6    3
  3.10305172E-9-4.02320498E-13   -5.0089731E4   1.38059737E1                   4
HOPO              -WERNEH   1P   1O   2     G     300.0    5000.0  1411.0      1
   7.42091232E0  2.23271091E-3 -7.82792835E-7 1.23761911E-10-7.27804391E-15    2
   -5.7196246E4  -1.26320839E1   2.69126455E0  1.41786492E-2 -1.21784508E-5    3
  4.98616107E-9-7.88756958E-13  -5.56877793E4   1.23770517E1                   4
HOPO2             -WERNEH   1P   1O   3     G     300.0    5000.0  1397.0      1
   9.55859497E0  3.12412315E-3 -1.12640116E-6 1.81236401E-10-1.07825185E-14    2
  -8.68674846E4  -2.35653983E1   2.20425911E0  2.16738995E-2 -1.88966901E-5    3
  7.84373317E-9 -1.2631592E-12  -8.45082492E4   1.53504327E1                   4
PO[H][OH]         -MEL-GH   2P   1O   2     G     300.0    5000.0  1380.0      1
   9.31519144E0  3.39204365E-3 -1.23246018E-6 1.99221687E-10-1.18879539E-14    2
  -4.68980122E4  -2.23764707E1    2.4698856E0  1.89618241E-2 -1.41150176E-5    3
  4.73017085E-9-5.67506861E-13  -4.45435851E4   1.44290121E1                   4
PO[OH]2           -WERNEH   2P   1O   3     G     300.0    5000.0  1416.0      1
   8.18330651E0  7.38250349E-3 -3.53276392E-6 7.11701012E-10-4.87252736E-14    2
  -8.07465239E4  -1.09212172E1   5.10194663E0  1.69655715E-2 -1.45791001E-5    3
  6.31035541E-9-1.10219547E-12  -7.99640943E4    4.7008202E0                   4
PO[OH]3           -WER-GH   3P   1O   4     G     300.0    5000.0  1407.0      1
   1.09641289E1  9.77867548E-3 -4.54263644E-6 9.11398105E-10-6.26110888E-14    2
  -1.40514695E5  -2.52081299E1   6.20188458E0  2.36000032E-2 -1.97858113E-5    3
  8.43563748E-9-1.45735452E-12  -1.39176054E5 -6.63553739E-1                   4
CH3PO             -MEL-GH   3P   1O   1C   1G     300.0    5000.0  1413.0      1
   7.22633589E0   6.6083533E-3 -2.10239666E-6 3.10434229E-10-1.73796534E-14    2
  -2.01924223E4  -8.93264084E0   1.68370976E0  2.20940142E-2 -1.88047814E-5    3
  8.46805714E-9-1.52380759E-12   -1.8545761E4   1.98930924E1                   4
CH3PO2            -WERNEH   3P   1O   2C   1G     300.0    5000.0  2038.0      1
   8.64647396E0  8.92924169E-3 -3.14741382E-6 5.01309018E-10-2.96795058E-14    2
   -5.9642926E4  -1.55872844E1   2.35014049E0  2.28993319E-2 -1.40384781E-5    3
  4.00601464E-9-4.12587467E-13  -5.75156282E4   1.82983223E1                   4
CH3OPO            -MEL-GH   3P   1O   2C   1G     300.0    5000.0  1370.0      1
   9.52254423E0  7.73782558E-3 -2.60931558E-6  4.0176634E-10-2.31914738E-14    2
  -5.25050546E4  -2.15984335E1   3.20216481E0  2.04485602E-2 -1.12820082E-5    3
  2.51191216E-9-9.17483195E-14  -5.01332132E4   1.30278399E1                   4
CH3OPO2           -WERNEH   3P   1O   3C   1G     300.0    5000.0  1372.0      1
   1.13530113E1  8.76099623E-3 -2.97055154E-6  4.5915067E-10-2.65773805E-14    2
   -8.3867052E4  -2.99146649E1   2.85443532E0  2.64409789E-2 -1.56787754E-5    3
  3.90725678E-9-2.35937001E-13  -8.07579649E4   1.64002662E1                   4
PO[OH]2ME         -MELIUH   5P   1O   3C   1G     300.0    5000.0  1395.0      1
   1.38912417E1   1.0820871E-2 -4.12862731E-6 7.39872524E-10-4.80049415E-14    2
  -1.11787447E5  -4.35699471E1   5.10955798E0  3.32285737E-2 -2.64371319E-5    3
  1.09770799E-8-1.85816441E-12  -1.08932508E5   2.91296605E0                   4
PO[OH]2[OME]      -MEL-GH   5P   1O   4C   1G     300.0    5000.0  1396.0      1
   1.43059056E1  1.30352191E-2 -5.17700856E-6 9.56023059E-10-6.31942088E-14    2
  -1.39115789E5  -4.34251504E1   4.03786707E0  3.96179436E-2 -3.20039113E-5    3
  1.34051551E-8-2.28267632E-12  -1.35822694E5   1.07781935E1                   4
PO[OH]2[OCH2]     -GLAUDH   4P   1O   4C   1G     300.0    5000.0  1401.0      1
   1.31443828E1  1.28457792E-2  -5.7402641E-6  1.12761456E-9-7.66724726E-14    2
  -1.13875843E5  -3.48405598E1   5.17394279E0  3.50882521E-2 -2.95997109E-5    3
  1.27002172E-8-2.20074083E-12  -1.11520988E5   6.59679842E0                   4
PO[OH]ME          -MEL-GH   4P   1O   2C   1G     300.0    5000.0  1759.0      1
   -6.6732957E0  3.20882864E-2 -1.19152786E-5  1.62645394E-9-6.54927982E-14    2
  -4.65839233E4   7.38505598E1  -4.17479294E0  6.51889658E-2 -8.02430361E-5    3
  4.40656401E-8-8.45203851E-12  -5.15553161E4   4.57424228E1                   4
PO[OH][OME]       -GLAUDH   4P   1O   3C   1G     300.0    5000.0  1402.0      1
   1.10303671E1  1.19024196E-2 -5.28845731E-6  1.04007787E-9-7.09384027E-14    2
   -7.6746644E4   -2.6634584E1   3.53710836E0    3.259336E-2 -2.73160795E-5    3
  1.16724098E-8-2.01683117E-12  -7.45034672E4   1.24118365E1                   4
PO[H]ME[OME]      -WERNEH   7P   1O   2C   2G     300.0    5000.0  1484.0      1
   1.43409757E1  1.60778435E-2 -5.42821449E-6 8.36513762E-10-4.83163935E-14    2
  -7.31462133E4  -4.75928853E1   3.16958873E0  3.40160854E-2 -1.09408635E-5    3
 -2.44793263E-9 1.48270007E-12  -6.85362928E4    1.5157597E1                   4
PO[H][OME]2       -GLAUDH   7P   1O   3C   2G     300.0    5000.0  2012.0      1
   1.34796781E1  1.99205792E-2 -6.93458346E-6  1.09501529E-9-6.44330579E-14    2
  -9.92992648E4  -3.91731404E1    3.3541222E0   4.0388727E-2 -2.04892839E-5    3
   4.1936865E-9-1.51304303E-13  -9.56772349E4   1.60477167E1                   4
PO[OH]MEO         -GLAUDH   4P   1O   3C   1G     300.0    5000.0  1427.0      1
   1.31109643E1  9.03425882E-3  -2.8954125E-6 4.30033547E-10-2.41857884E-14    2
  -7.62546046E4  -4.01590304E1   3.04329869E0  3.65117887E-2 -3.15112138E-5    3
  1.38335938E-8-2.39243122E-12  -7.32392514E4   1.23630906E1                   4
P[OH]ME[OME]      -WERNEH   7P   1O   2C   2G     300.0    5000.0  1393.0      1
    1.5167252E1   1.4413683E-2 -5.14590758E-6 8.67958909E-10-5.41198049E-14    2
  -6.65439428E4  -5.03360912E1   2.39182728E0  4.64353299E-2 -3.64845672E-5    3
  1.50440334E-8-2.53415985E-12  -6.23221762E4   1.75090279E1                   4
POME[OME]         -WERNEH   6P   1O   2C   2G     300.0    5000.0  1366.0      1
   1.27134776E1  1.48934866E-2 -5.01209583E-6 7.70499715E-10-4.44211724E-14    2
  -5.05026088E4  -3.38727713E1   3.35913115E0  3.18585386E-2 -1.43643216E-5    3
  1.71587687E-9 3.06357773E-13  -4.67632134E4   1.81048639E1                   4
PO[OME]2          -MEL-GH   6P   1O   3C   2G     300.0    5000.0  1459.0      1
   1.47594559E1   1.5538364E-2 -5.20154128E-6 7.96911035E-10-4.58397275E-14    2
   -7.6089479E4  -4.55153219E1   4.56633225E0  3.17854171E-2 -9.87096292E-6    3
 -2.51959345E-9 1.43908703E-12  -7.18825036E4   1.17634019E1                   4
PO[OH]ME[OME]     -WERNEH   7P   1O   3C   2G     300.0    5000.0  1392.0      1
   1.62991627E1  1.53464243E-2 -5.22379285E-6 8.50230372E-10-5.18903338E-14    2
  -1.11084813E5   -5.4151593E1   4.26313188E0    4.476421E-2 -3.32942025E-5    3
  1.32665006E-8-2.18587918E-12  -1.07017885E5   1.00569977E1                   4
PO[OH]ME[OCH2]    -GLAUDH   6P   1O   3C   2G     300.0    5000.0  1394.0      1
   1.61527672E1  1.36461242E-2 -5.04740946E-6 8.80725818E-10-5.61900362E-14    2
  -8.63189018E4  -5.15095178E1   4.49551685E0  4.31460757E-2 -3.41891769E-5    3
  1.41686141E-8-2.39493423E-12  -8.24997161E4   1.02894021E1                   4
PO[OH][OME][CH2]  -GLAUDH   6P   1O   3C   2G     300.0    5000.0  1394.0      1
   1.61527672E1  1.36461242E-2 -5.04740946E-6 8.80725818E-10-5.61900362E-14    2
  -8.42554897E4   -5.0875396E1   4.49551685E0  4.31460757E-2 -3.41891769E-5    3
  1.41686141E-8-2.39493423E-12  -8.04363039E4   1.09235239E1                   4
POME[OME]O        -MEL-GH   6P   1O   3C   2G     300.0    5000.0  1392.0      1
   1.57186377E1  1.39886777E-2 -4.81060364E-6 7.80173893E-10-4.72530767E-14    2
  -7.57853113E4  -5.19323755E1   3.79249662E0  4.34288916E-2 -3.31770433E-5    3
   1.3433413E-8-2.23622985E-12  -7.17918755E4   1.15749221E1                   4
PO[OH][OME]2      -WERNEH   7P   1O   4C   2G     300.0    5000.0  1393.0      1
    1.7736711E1  1.68401073E-2   -5.912806E-6 9.85494521E-10 -6.1026823E-14    2
  -1.36434489E5  -5.90420334E1   3.36880663E0  5.25378868E-2 -4.05467888E-5    3
  1.65340256E-8-2.76513059E-12   -1.3164883E5   1.73820537E1                   4
PO[OME]2O         -GLAUDH   6P   1O   4C   2G     300.0    5000.0  1392.0      1
   1.71795593E1  1.54283125E-2 -5.46258463E-6 9.06810595E-10-5.57468649E-14    2
    -1.009901E5  -5.69506067E1    2.8631523E0  5.13642724E-2 -4.06723951E-5    3
  1.68468289E-8-2.84587566E-12  -9.62667147E4   1.90558192E1                   4
PO[OH]OME[OCH2]   -GLAUDH   6P   1O   4C   2G     300.0    5000.0  1394.0      1
   1.75665359E1  1.49702484E-2 -5.53722216E-6 9.63341761E-10-6.12771154E-14    2
  -1.11624556E5  -5.45341903E1   4.45999083E0  4.82189702E-2 -3.84567324E-5    3
  1.60019407E-8-2.71192406E-12   -1.0734066E5    1.4915896E1                   4
POME[OME]2        -WERNEH   9P   1O   3C   3G     300.0    5000.0  1392.0      1
   1.72985917E1  2.12399275E-2 -7.09278314E-6  1.13314402E-9-6.82977821E-14    2
  -1.07009272E5  -5.93967941E1   1.13862922E0  6.04110736E-2 -4.41493889E-5    3
  1.73961759E-8-2.84577138E-12  -1.01510019E5   2.69377655E1                   4
POME[OME][OCH2]   -GLAUDH   8P   1O   3C   3G     300.0    5000.0  1393.0      1
   1.73714765E1  1.89673586E-2 -6.49781379E-6  1.06683899E-9-6.56074322E-14    2
  -8.23064754E4  -5.77732798E1   2.23419777E0  5.60648761E-2 -4.20031126E-5    3
  1.68178215E-8-2.77951917E-12   -7.7202355E4   2.29428317E1                   4
PO[CH2][OME]2     -MEL-GH   8P   1O   3C   3G     300.0    5000.0  1393.0      1
   1.73714765E1  1.89673586E-2 -6.49781379E-6  1.06683899E-9-6.56074322E-14    2
   -8.0192736E4   -5.7139158E1   2.23419777E0  5.60648761E-2 -4.20031126E-5    3
  1.68178215E-8-2.77951917E-12  -7.50886157E4   2.35769535E1                   4
PO[OME]3          -GLAUDH   9P   1O   4C   3G     300.0    5000.0  1395.0      1
   1.96709668E1  2.16076492E-2 -7.82517436E-6  1.36237575E-9-8.74142321E-14    2
  -1.33204851E5   -6.8967613E1   2.31478438E0  6.48025769E-2  -4.9846139E-5    3
  2.02862258E-8-3.38803367E-12  -1.27426202E5   2.33330734E1                   4
PO[OME]2[OCH2]    -GLAUDH   8P   1O   4C   3G     300.0    5000.0  1396.0      1
   1.93304224E1  2.00611058E-2 -7.64804119E-6  1.38407361E-9-9.08300442E-14    2
  -1.08329662E5  -6.50151843E1   3.44114377E0  6.03071571E-2 -4.74760034E-5    3
  1.95831134E-8-3.30007638E-12  -1.03122828E5   1.92134041E1                   4
C2H5OPO2          -GLAUDH   5P   1O   3C   2G     300.0    5000.0  1379.0      1
   1.48913497E1  1.32247957E-2 -4.47729281E-6 6.91338701E-10-3.99889028E-14    2
  -8.98170744E4  -4.77430718E1   1.58785736E0  4.21035145E-2 -2.69810451E-5    3
  7.95582877E-9 -8.0772469E-13  -8.50608585E4   2.43467012E1                   4
CH2OPO2           -GLAUDH   2P   1O   3C   1G     300.0    5000.0  1464.0      1
   1.20583146E1  6.22152955E-3 -2.22521641E-6 3.56139891E-10-2.11106272E-14    2
  -6.14230936E4  -3.22674948E1   4.18861429E0  2.02782923E-2 -8.92861371E-6    3
-9.14909954E-11 6.45562192E-13  -5.83371096E4   1.14013267E1                   4
PO[H][OH][OME]    -GLAUDH   5P   1O   3C   1G     300.0    5000.0  1392.0      1
   1.26078136E1  1.15824424E-2 -3.96732005E-6 6.45569746E-10-3.92995461E-14    2
  -1.02536557E5  -3.50817755E1   3.14924127E0  3.48228037E-2 -2.62589217E-5    3
  1.05504734E-8-1.74768199E-12  -9.93557665E4   1.53285906E1                   4
P[OH]3             -PITZH   3P   1O   3     G     300.0    5000.0  1400.0      1
   1.64881553E1  2.05354184E-3 -8.26481813E-7 1.42275902E-10-8.85545784E-15    2
  -1.00161107E5  -5.36914436E1   3.14297667E0  4.10039208E-2 -4.45410762E-5    3
  2.22434587E-8-4.21297379E-12   -9.6368771E4   1.51162583E1                   4
P[OH]2[OME]        -PITZH   5P   1O   3C   1G     300.0    5000.0  1547.0      1
   2.08165177E1  6.63388866E-3 -2.81461445E-6 5.01331341E-10-3.19288731E-14    2
  -1.00171026E5  -7.50351768E1   1.40834285E1 -3.56778978E-3  3.60497498E-5    3
 -2.95460291E-8  7.0827153E-12  -9.50939853E4  -2.94159563E1                   4
PO[OH]2[OET]      -GLAUDH   7P   1O   4C   2G     300.0    5000.0  1404.0      1
   1.57036019E1  2.11328093E-2 -9.55949533E-6  1.89762167E-9-1.30107336E-13    2
  -1.43285014E5  -4.68546129E1   2.75699347E0   5.7387162E-2 -4.85897647E-5    3
  2.08894485E-8-3.62471043E-12  -1.39470127E5   2.04121616E1                   4
PO[OH]ME[OET]     -GLAUDH   9P   1O   3C   3G     300.0    5000.0  1022.0      1
   8.84244568E0  3.67751906E-2  -1.5518177E-5  2.69319415E-9-1.58882573E-13    2
  -1.10909336E5  -1.00993989E1  -2.71620935E0  8.81810312E-2 -9.18961237E-5    3
  5.11285672E-8-1.19879323E-11  -1.09338161E5   4.33393964E1                   4
PO[OH][OET]2      -GLAUDH  11P   1O   4C   4G     300.0    5000.0  1396.0      1
   2.32375305E1  2.68920611E-2 -1.04378111E-5   1.8999408E-9-1.24780524E-13    2
  -1.47242547E5  -8.51610667E1  7.97791917E-1  8.44939153E-2 -6.81477587E-5    3
  2.85364266E-8-4.85697498E-12  -1.39982865E5    3.3491955E1                   4
POME[OET]2        -GLAUDH  13P   1O   3C   5G     300.0    5000.0  1400.0      1
   2.26491894E1  3.51180942E-2 -1.52781721E-5   2.9673156E-9-2.01306367E-13    2
  -1.17881723E5  -8.49533314E1  -3.26829467E0   1.0578777E-1 -8.98484029E-5    3
  3.87727624E-8-6.73836501E-12    -1.100026E5   5.04682416E1                   4
PO[OET]3          -GLAUDH  15P   1O   4C   6G     300.0    5000.0  1408.0      1
   2.58190857E1  3.69798412E-2 -1.15622977E-5  1.68450905E-9-9.33386933E-14    2
  -1.47984273E5  -9.38603557E1  -1.45794555E0  1.22031767E-1 -1.13504156E-4    3
  5.62732684E-8-1.09719328E-11  -1.40629962E5   4.50883025E1                   4
PO[OH]ME[OIPR]    -GLAUDH  11P   1O   3C   4G     300.0    5000.0  1408.0      1
    1.8031666E1  3.46122553E-2 -1.62955898E-5  3.27196892E-9-2.24803294E-13    2
  -1.19949231E5  -6.17122722E1  -1.47503919E0  9.23309024E-2 -8.09326227E-5    3
  3.55523462E-8-6.26144356E-12  -1.14591544E5    3.8408735E1                   4
POME[OIPR]2       -GLAUDH  17P   1O   3C   7G     300.0    5000.0  1397.0      1
   3.14490837E1  4.08190072E-2 -1.64955747E-5  3.06327941E-9-2.02867505E-13    2
     -1.31272E5  -1.29170733E2  -3.55099771E0   1.3282754E-1  -1.1065976E-4    3
  4.72649335E-8-8.15164333E-12  -1.20212585E5   5.50510042E1                   4
PO[OH][OIPR]2     -GLAUDH  15P   1O   4C   6G     300.0    5000.0  1394.0      1
     3.091281E1  3.45029524E-2  -1.2730948E-5   2.2207538E-9-1.41917171E-13    2
  -1.60095712E5   -1.2356056E2   5.8039107E-1  1.11246844E-1 -8.85577405E-5    3
   3.6813204E-8-6.23433095E-12   -1.5015238E5   3.72537963E1                   4
PO[OH]2[OIPR]     -GLAUDH   9P   1O   4C   3G     300.0    5000.0  1398.0      1
   2.03835444E1   2.3509425E-2  -9.9097804E-6  1.89285934E-9-1.27296577E-13    2
  -1.50096197E5  -7.08050465E1   2.61129332E0   7.1001577E-2 -5.91825161E-5    3
  2.52528099E-8-4.35500744E-12  -1.44576592E5    2.2433178E1                   4
IPROPO2           -GLAUDH   7P   1O   3C   3G     300.0    5000.0  1417.0      1
   1.72348944E1  1.83022688E-2  -6.0922302E-6 9.28508982E-10-5.31742556E-14    2
   -9.5447936E4  -5.85368044E1  -1.18634867E0  6.76318133E-2 -5.70730181E-5    3
  2.48603517E-8  -4.320773E-12   -8.9764365E4   3.80196705E1                   4
POMEOIPR[OTC3H6]  -GLAUDH  16P   1O   3C   7G     300.0    5000.0  1397.0      1
   3.04775418E1  3.98150945E-2 -1.64777027E-5  3.10459094E-9-2.07150803E-13    2
  -1.08362559E5  -1.23718613E2  -2.39635113E0  1.27202516E-1 -1.06767485E-4    3
   4.5792967E-8-7.92139832E-12  -9.80938257E4   4.89320753E1                   4
POMEOIPR[OPC3H6]  -GLAUDH  16P   1O   3C   7G     300.0    5000.0  1398.0      1
   3.03081675E1   4.0690415E-2 -1.71511935E-5  3.26103246E-9-2.18440644E-13    2
   -1.0584482E5  -1.22986172E2  -2.64772335E0   1.2929719E-1 -1.09571188E-4    3
  4.72642057E-8 -8.2081261E-12  -9.56742803E4   4.97009684E1                   4
POMEOIPR[OCHCH3]  -GLAUDH  14P   1O   3C   6G     300.0    5000.0  1399.0      1
   2.62626241E1  3.66305405E-2  -1.5638863E-5  3.00329415E-9-2.02470211E-13    2
  -1.01117921E5  -1.00220101E2   -1.9686514E0  1.12823715E-1 -9.53632626E-5    3
  4.10488596E-8-7.12031525E-12  -9.24399891E4   4.75980386E1                   4
PO[OH]ME[OTC3H6]  -GLAUDH  10P   1O   3C   4G     300.0    5000.0  1333.0      1
   1.66764902E1  2.99662365E-2 -1.17572784E-5  1.95544265E-9-1.10250936E-13    2
  -9.58839481E4  -5.06559784E1  3.82873752E-1  8.28086978E-2 -6.98434705E-5    3
  2.87522477E-8-4.67217454E-12  -9.25629427E4   3.01909723E1                   4
PO[OH]ME[OPC3H6]  -GLAUDH  10P   1O   3C   4G     300.0    5000.0  1024.0      1
   1.15916052E1   4.0000545E-2 -1.67991515E-5  2.90164087E-9-1.70440726E-13    2
  -9.19028251E4  -2.20467473E1  -1.97238899E0  9.88694358E-2  -1.0349066E-4    3
  5.77713427E-8-1.35693816E-11  -8.99147442E4   4.11857108E1                   4
POOH[OIPR][CH2]   -GLAUDH  10P   1O   3C   4G     300.0    5000.0  1024.0      1
   1.15916052E1   4.0000545E-2 -1.67991515E-5  2.90164087E-9-1.70440726E-13    2
  -8.99903943E4  -2.14428218E1  -1.97238899E0  9.88694358E-2  -1.0349066E-4    3
  5.77713427E-8-1.35693816E-11  -8.80023134E4   4.17896364E1                   4
POME[OIPR]O       -GLAUDH  10P   1O   3C   4G     300.0    5000.0  1408.0      1
   1.65530116E1  3.45640965E-2 -1.65234212E-5  3.32066793E-9-2.27503467E-13    2
  -8.40567599E4  -5.42922526E1  -2.02864148E0   9.1506501E-2 -8.17578012E-5    3
   3.6355961E-8-6.45629695E-12  -7.92053897E4   4.02936519E1                   4
PO[OIPR]2[CH2]    -GLAUDH  16P   1O   3C   7G     300.0    5000.0  1398.0      1
   3.03081675E1   4.0690415E-2 -1.71511935E-5  3.26103246E-9-2.18440644E-13    2
  -1.03932389E5  -1.21124068E2  -2.64772335E0   1.2929719E-1 -1.09571188E-4    3
  4.72642057E-8 -8.2081261E-12  -9.37618495E4   5.15630721E1                   4
POME[OIPR]        -GLAUDH  10P   1O   2C   4G     300.0    5000.0  1411.0      1
   1.48788288E1  3.20167944E-2 -1.51727088E-5  3.06180268E-9-2.11119406E-13    2
  -6.00264376E4  -4.55965474E1   -2.5010747E0    8.368793E-2 -7.32373823E-5    3
  3.21262499E-8-5.65378468E-12   -5.5281552E4   4.35140836E1                   4
PO[OH][OIPR]      -GLAUDH   8P   1O   3C   3G     300.0    5000.0  1411.0      1
    1.8405164E1  1.82636768E-2 -5.74705084E-6 8.41584352E-10-4.68211019E-14    2
  -9.20751034E4  -6.30191276E1   1.38755882E0  6.98820348E-2 -6.58426876E-5    3
  3.21784818E-8-6.15252805E-12  -8.73972995E4   2.40894301E1                   4
POFME[OIPR]       -GLAUDH  10F   1P   1O   2G     300.0    5000.0  1386.0      1&
C 4 
   2.31346684E1  2.20485745E-2 -7.72455337E-6    1.218714E-9-7.15049883E-14    2
  -1.29400715E5  -9.17164153E1   1.34507016E0   7.3996536E-2 -5.62709127E-5    3
  2.24233919E-8-3.70563057E-12  -1.21856397E5   2.50757364E1                   4
POF[OH]ME         -GLAUDH   4F   1P   1O   2G     300.0    5000.0  1377.0      1&
C 1 
   1.52230966E1  5.76237726E-3 -2.09010739E-6 3.37473965E-10-2.01219232E-14    2
  -1.20229721E5  -5.19526949E1   4.14463122E0  3.11113089E-2 -2.34030228E-5    3
  8.08484774E-9-1.03343128E-12  -1.16418189E5   7.58732383E0                   4
POF[OH]2           -PITZH   2F   1P   1O   3G     300.0    5000.0  1396.0      1
   1.42077988E1  1.97332546E-3  -7.9912249E-7 1.37973876E-10 -8.5983101E-15    2
  -1.47728493E5  -4.53010567E1   3.69548197E0  3.13735057E-2 -3.25383073E-5    3
  1.56725437E-8-2.88892045E-12  -1.44613838E5   9.35401665E0                   4
POFH[OH]          -GLAUDH   2F   1P   1O   2G     300.0    5000.0  1000.0      1
        1.395E1         4.1E-4          0.0E0          0.0E0          0.0E0    2
       -1.111E5        -4.16E1         5.75E0         1.0E-2        -1.4E-6    3
          0.0E0          0.0E0       -1.091E5          2.3E0                   4
POF[OH][OIPR]     -GLAUDH   8F   1P   1O   3G     300.0    5000.0  1387.0      1&
C 3 
   2.24562856E1  1.74406107E-2 -6.11361558E-6 9.64870546E-10-5.66228944E-14    2
  -1.56772092E5  -8.62196248E1   3.93417714E0  6.55718723E-2 -5.62858765E-5    3
  2.55321279E-8-4.72260298E-12  -1.50694248E5   1.17542028E1                   4
POFMEO            -GLAUDH   3F   1P   1O   2G     300.0    5000.0  1376.0      1&
C 1 
   1.64565331E1   3.2967812E-3 -1.36990976E-6 2.40470162E-10-1.51534206E-14    2
  -8.77064198E4  -6.07504677E1    1.2468846E0  4.02216502E-2 -3.54407644E-5    3
  1.44483436E-8-2.27619215E-12  -8.26488849E4   2.03024008E1                   4
POF[OH]           -GLAUDH   1F   1P   1O   2G     300.0    5000.0  1000.0      1
         1.24E1         1.3E-4          0.0E0          0.0E0          0.0E0    2
       -8.731E4        -3.27E1         6.28E0         1.6E-3       -1.85E-6    3
          0.0E0          0.0E0       -8.581E4        -1.0E-1                   4
POFME             -GLAUDH   3F   1P   1O   1G     300.0    5000.0  1402.0      1&
C 1 
   1.47999187E1  2.14860008E-3 -8.81204338E-7  1.5346887E-10-9.62268608E-15    2
  -5.95811083E4  -5.08535738E1  -5.15236179E0  6.17751072E-2 -6.90556352E-5    3
  3.50912838E-8-6.71869526E-12  -5.40626886E4   5.15060576E1                   4
POF[OIPR][CH2]    -GLAUDH   9F   1P   1O   2G     300.0    5000.0  1388.0      1&
C 4 
   2.33880304E1  1.92705614E-2  -6.7625945E-6   1.0681418E-9 -6.2719687E-14    2
  -1.02523492E5   -9.0192572E1   1.91824531E0  7.36425066E-2 -6.13525692E-5    3
  2.67013546E-8-4.74347377E-12  -9.54018994E4    2.3766484E1                   4
POFME[OTC3H6]     -GLAUDH   9F   1P   1O   2G     300.0    5000.0  1386.0      1&
C 4 
   2.28681103E1  1.97459651E-2 -6.93422563E-6  1.09574012E-9-6.43597088E-14    2
  -1.06718387E5    -8.905024E1   2.56242832E0   6.9297057E-2 -5.47772703E-5    3
  2.27975444E-8-3.92498183E-12  -9.97797178E4   1.94212835E1                   4
POFME[OPC3H6]     -GLAUDH   9F   1P   1O   2G     300.0    5000.0  1388.0      1&
C 4 
   2.33880304E1  1.92705614E-2  -6.7625945E-6   1.0681418E-9 -6.2719687E-14    2
  -1.04435922E5  -9.07964975E1   1.91824531E0  7.36425066E-2 -6.13525692E-5    3
  2.67013546E-8-4.74347377E-12  -9.73143302E4   2.31625585E1                   4
POFME[OCHCH3]     -GLAUDH   7F   1P   1O   2G     300.0    5000.0  1379.0      1&
C 3 
   1.97065563E1   1.4914494E-2 -5.29756092E-6 8.43527253E-10-4.98103924E-14    2
  -1.00043667E5   -7.2826529E1   2.61474071E0   5.4210019E-2 -4.01362325E-5    3
  1.51189614E-8-2.33988454E-12  -9.40056488E4   1.92608537E1                   4
POF[OH][OTC3H6]   -GLAUDH   7F   1P   1O   3G     300.0    5000.0  1389.0      1&
C 3 
   2.21094469E1  1.52164745E-2 -5.35371932E-6 8.47085491E-10-4.98003346E-14    2
  -1.34285882E5  -8.36044701E1   3.56939523E0  6.31918486E-2 -5.45590835E-5    3
  2.43682363E-8-4.40123713E-12  -1.28248221E5   1.44247572E1                   4
POF[OH][OPC3H6]   -GLAUDH   7F   1P   1O   3G     300.0    5000.0  1391.0      1&
C 3 
   2.25470327E1  1.48102658E-2 -5.20572418E-6 8.23146649E-10-4.83719994E-14    2
  -1.31973887E5  -8.48813727E1   2.99650175E0  6.71071853E-2 -6.05697131E-5    3
  2.79756105E-8 -5.1637304E-12  -1.25789401E5    1.7865502E1                   4
POF[OH]O           -PITZH   1F   1P   1O   3G     300.0    5000.0  1410.0      1
   1.15814144E1  2.51433066E-3 -8.21315448E-7 1.17247446E-10-6.35311152E-15    2
  -1.18353322E5  -3.10858833E1   2.54330231E0  3.26399097E-2 -3.83495184E-5    3
  2.06212501E-8-4.13193388E-12   -1.1615159E5   1.41979777E1                   4
FPO               -GLAUDF   1P   1O   1     G     300.0    5000.0  1393.0      1
   5.80512002E0  1.25817619E-3 -4.87672761E-7 8.11290553E-11-4.77614503E-15    2
  -6.19636353E4  -2.76465772E0   3.36057951E0  8.10360834E-3 -7.89919561E-6    3
  3.72352664E-9-6.83338879E-13  -6.12389915E4    9.9439505E0                   4
FPO2              -GLAUDF   1P   1O   2     G     300.0    5000.0  1284.0      1
   9.29534466E0  6.04389678E-4 -2.72387555E-7 5.06914168E-11-3.33410544E-15    2
  -8.91117095E4  -1.96173076E1   9.61234047E0  6.92534073E-5 -1.57411199E-7    3
 2.29272557E-10-7.59850045E-14  -8.92293731E4  -2.13705868E1                   4
NC3H7OH           -THERMH   8O   1C   3     G     300.0    5000.0  1400.0      1
    1.1533023E1  1.73694541E-2 -5.89694949E-6 9.10813224E-10-5.26492908E-14    2
  -3.65903879E4  -3.55321352E1  -2.4080669E-1  4.34611469E-2 -2.75532776E-5    3
  8.90741295E-9-1.15919009E-12  -3.23582496E4   2.82034963E1                   4
!2014 Man
C3H6OH-1          -THERMH   7O   1C   3     G     300.0    5000.0  1401.0      1
    1.1491446E1  1.48556953E-2 -5.02888291E-6 7.75157618E-10-4.47423059E-14    2
  -1.45014891E4  -3.35712772E1   1.31781034E0   3.8501824E-2 -2.61358793E-5    3
  9.39954865E-9-1.40537401E-12  -1.09450432E4   2.11274386E1                   4
C3H6OH-2          -THERMH   7O   1C   3     G     300.0    5000.0  1530.0      1
    1.0861225E1   1.4994444E-2 -4.99956622E-6 7.63352693E-10-4.37872385E-14    2
  -1.20025758E4  -2.85286286E1   1.38218609E0  3.22641651E-2 -1.39820294E-5    3
 9.59442093E-10 5.73234299E-13  -8.29246569E3   2.39928393E1                   4
C3H6OH-3          -THERMH   7O   1C   3     G     300.0    5000.0  1401.0      1
   1.11187211E1  1.52263759E-2  -5.1693179E-6 7.98435556E-10-4.61541396E-14    2
  -1.15296599E4  -3.04632777E1  4.79055844E-1  3.90840706E-2 -2.52934637E-5    3
  8.39036258E-9-1.12650227E-12  -7.73699631E3   2.70272522E1                   4
C2H5CHO           -THERMH   6O   1C   3     G     300.0    5000.0  1378.0      1
   1.02427695E1  1.39641989E-2 -4.76248001E-6 7.38105706E-10-4.27759503E-14    2
  -2.74143135E4  -2.85346843E1   2.16308444E0  2.95501264E-2 -1.52446252E-5    3
  3.49503947E-9-2.38896627E-13  -2.42260137E4   1.61153348E1                   4
C2H5CO            -THERMH   5O   1C   3     G     300.0    5000.0  1373.0      1
   9.87881997E0  1.17515676E-2 -4.00614923E-6 6.20850617E-10-3.59835225E-14    2
  -8.47292283E3  -2.49235196E1   2.93313946E0  2.47427911E-2 -1.21222003E-5    3
  2.34701048E-9-5.26843338E-14  -5.69663063E3   1.35958355E1                   4
CH3CHCHO          -THERMH   5O   1C   3     G     300.0    5000.0  1253.0      1
    8.2777209E0  1.95687188E-2 -8.47575089E-6  1.53249728E-9-9.86441542E-14    2
  -8.34456062E3  -2.17652483E1  -2.72811212E0  3.80354483E-2 -1.96782132E-5    3
   5.0955457E-9-7.28789092E-13  -3.51122739E3   4.04496677E1                   4
CH2CH2CHO         -THERMH   5O   1C   3     G     300.0    5000.0  1363.0      1
   9.96855598E0  1.61917946E-2  -6.6416174E-6   1.1544452E-9 -7.2198179E-14    2
  -4.16450354E3  -2.73971573E1   8.36272659E0 -3.90712606E-3  3.59751257E-5    3
 -2.69209237E-8 5.98920261E-12  -7.55243244E2  -9.53140102E0                   4
!2014 Man
C3H5OH            -THERMH   6O   1C   3     G     300.0    5000.0  1388.0      1
   1.02818222E1  1.34248012E-2 -4.47039448E-6 6.81924195E-10-3.90899553E-14    2
  -1.99960114E4   -2.7773668E1   1.08899314E0  3.28481769E-2 -1.91322648E-5    3
  5.21635136E-9-4.82394566E-13  -1.66282463E4   2.22754535E1                   4
CH2CCH2OH         -THERMH   5O   1C   3     G     300.0    5000.0  1372.0      1
   9.70702027E0   1.1397266E-2 -3.77993962E-6 5.75209277E-10-3.29229125E-14    2
   9.13212884E3  -2.25012933E1   2.88422544E0  2.42428071E-2 -1.14152268E-5    3
  1.71775334E-9 1.42177454E-13   1.17935615E4   1.52102335E1                   4
CH3CHCHOH         -THERMH   6O   1C   3     G     300.0    5000.0  1404.0      1
   1.11222064E1   1.2774541E-2 -4.25315532E-6 6.48216484E-10 -3.7119085E-14    2
  -2.36690795E4  -3.41335182E1 -3.53977226E-2  4.34969453E-2 -3.74479918E-5    3
  1.70906074E-8-3.13775054E-12  -2.02502608E4   2.41528201E1                   4
IC3H6OH           -THERMH   7O   1C   3     G     300.0    5000.0  1396.0      1
   1.10944203E1  1.53549108E-2  -5.2357464E-6 8.10964124E-10-4.69665855E-14    2
  -1.35725752E4  -3.12908162E1   5.8467292E-1  4.07370189E-2 -2.94865043E-5    3
  1.16950656E-8-1.96228356E-12  -9.94491545E3   2.49591243E1                   4
TC3H6OH           -THERMH   7O   1C   3     G     300.0    5000.0  1392.0      1
   1.12222277E1  1.36444398E-2 -4.51406709E-6 7.10523275E-10-4.22690392E-14    2
  -1.75350136E4  -3.18911926E1    1.0967036E0  3.80727565E-2 -2.75022497E-5    3
  1.07477493E-8-1.74895773E-12  -1.40764487E4   2.22475799E1                   4
IC3H5OH           -THERMH   6O   1C   3     G     300.0    5000.0  1405.0      1
   1.21621106E1  1.20411664E-2 -4.03021153E-6  6.1630291E-10-3.53701974E-14    2
   -2.6046003E4   -4.1265907E1 -9.56994552E-1  5.22711668E-2 -5.19795372E-5    3
  2.63315795E-8-5.18631177E-12  -2.24033513E4   2.58662769E1                   4
!Jin HF t-butanol
IC3H4OH-1               H   5O   1C   3     G     300.0    5000.0  1000.0      1
    1.7592957E1  -3.8044457E-4   1.2892391E-8 -4.5615425E-12   3.732614E-16    2
     2.875752E3   -6.5320877E1    3.4729068E0   2.3954421E-2  -1.8049701E-5    3
   1.3427066E-8 -5.5759026E-12    8.6065811E3    1.3830259E1                   4
IC3H4OH-2               H   5O   1C   3     G     300.0    5000.0  1000.0      1
    1.8113873E1  -3.0014143E-4    1.414084E-8 -4.2974591E-12  3.5332076E-16    2
   -9.6395088E3   -6.9297775E1    3.2366424E0   2.2480251E-2   -9.671433E-6    3
    4.251187E-9 -2.4653387E-12   -3.4946826E3     1.473081E1                   4
HE                120186HE  1               G     300.0    5000.0  1000.0      1
          2.5E0          0.0E0          0.0E0          0.0E0          0.0E0    2
     -7.45375E2    9.153489E-1          2.5E0          0.0E0          0.0E0    3
          0.0E0          0.0E0     -7.45375E2    9.153488E-1                   4
C                       C   1               G     300.0    5000.0  1000.0      1
     2.602087E0   -1.787081E-4    9.087041E-8  -1.149933E-11   3.310844E-16    2
     8.542154E4     4.195177E0     2.498585E0    8.085777E-5   -2.697697E-7    3
   3.040729E-10  -1.106652E-13     8.545878E4     4.753459E0                   4
CH2*              -31287H   2C   1          G     300.0    4000.0  1000.0      1
     3.552889E0    2.066788E-3   -1.914116E-7  -1.104673E-10    2.02135E-14    2
     4.984975E4      1.68657E0     3.971265E0   -1.699089E-4    1.025369E-6    3
    2.492551E-9  -1.981266E-12     4.989368E4    5.753207E-2                   4
!2016 Jin HF t-butanol
H2CC                    H   2C   2          G     200.0    6000.0  1000.0      1
     4.278034E0   4.7562804E-3  -1.6301009E-6  2.5462806E-10 -1.4886379E-14    2
    4.8316688E4   6.4023701E-1    3.2815483E0   6.9764791E-3  -2.3855244E-6    3
  -1.2104432E-9  9.8189545E-13    4.8621794E4     5.920391E0                   4
!2014 Man
C2H3OH            -THERMH   4O   1C   2     G     300.0    5000.0  1410.0      1
   8.32598158E0  8.03387281E-3 -2.63928405E-6 3.98410726E-10-2.26551155E-14    2
  -1.83221436E4  -2.02080305E1  -1.2797226E-1  3.38506073E-2 -3.30644935E-5    3
  1.64858739E-8-3.19935455E-12  -1.59914544E4   2.30438601E1                   4
CH2OCH2           T-6-92H   4O   1C   2     G    298.15    3000.0  1000.0      1
    5.4887641E0    1.204619E-2  -4.3336931E-6  7.0028311E-10 -4.1949088E-14    2
   -9.1804251E3   -7.0799605E0    3.7590532E0   -9.441218E-3   8.0309721E-5    3
  -1.0080788E-7  4.0039921E-11   -7.5608143E3    7.8497475E0                   4
!Jin HF
CH2OCH            A12-04H   3O   1C   2     G    298.15    3000.0   500.0      1
    4.4994054E0   1.1552625E-2  -4.8144129E-6  8.9234919E-10 -5.6870585E-14    2
    1.7473963E4   3.3925515E-1  -3.8396084E-1   2.3879038E-2  -1.2467587E-5    3
  -1.7686411E-9  2.8142438E-12    1.8836203E4    2.5741745E1                   4
CH2COH                  H   3O   1C   2     G     300.0    5000.0  1408.0      1
   7.67940243E0  5.63609321E-3 -1.57911872E-6 2.14057857E-10-1.13615509E-14    2
   1.06531188E4  -1.40057705E1   1.85296033E0   2.2074177E-2 -1.93718642E-5    3
  8.89896145E-9-1.61108469E-12   1.23550086E4   1.62184602E1                   4
!2016 Jin HF t-butanol
C2O                     O   1C   2          G     200.0    6000.0  1000.0      1
    5.1512722E0   2.3726722E-3  -7.6135971E-7  1.1706415E-10 -7.0257804E-15    2
    3.3241888E4   -2.2183135E0     2.864861E0   1.1990216E-2  -1.8362448E-5    3
   1.5769739E-8 -5.3897452E-12    3.3749932E4    8.8867772E0                   4
!Jin HF t-butanol
HCCOH                   H   2O   1C   2     G     300.0    5000.0  1000.0      1
    5.9238291E0     6.79236E-3  -2.5658564E-6  4.4987841E-10 -2.9940101E-14    2
     7.264626E3   -7.6017742E0    1.2423733E0   3.1072201E-2  -5.0866864E-5    3
   4.3137131E-8 -1.4014594E-11    8.0316143E3    1.3874319E1                   4
HCCHOH                  H   3O   1C   2     G     300.0    5000.0  1411.0      1
   8.08589999E0  5.40439348E-3 -1.55258652E-6 2.13486072E-10-1.14112108E-14    2
   1.16372053E4  -1.65147643E1  9.99819422E-1  2.70273221E-2 -2.66916711E-5    3
  1.32529706E-8-2.53537494E-12   1.35529195E4   1.96798606E1                   4
H2CCC             -----0H   2C   3          G     200.0    5000.0  1500.0      1
    6.4888762E0   5.3112789E-3   -1.780949E-6  2.7252642E-10  -1.561959E-14    2
    6.3661864E4   -1.0064283E1    3.7229726E0   9.2589854E-3  -2.3006191E-6    3
  -1.0200808E-9  4.5374357E-13    6.4877289E4    5.6865936E0                   4
PC3H4             101993H   4C   3          G     300.0    4000.0  1400.0      1
     9.768102E0    5.219151E-3    -3.75314E-7  -2.992191E-10   5.107878E-14    2
     1.860277E4    -3.020678E1      3.02973E0    1.498961E-2     -1.3985E-6    3
   -3.969619E-9   1.388217E-12     2.148408E4     8.004594E0                   4
AC3H4             101993H   4C   3          G     300.0    4000.0  1400.0      1
     9.776256E0    5.302138E-3   -3.701118E-7  -3.026386E-10   5.089581E-14    2
     1.954972E4    -3.077061E1     2.539831E0    1.633437E-2    -1.76495E-6    3
   -4.647365E-9   1.729131E-12     2.251243E4     9.935702E0                   4
CC3H4                   H   4C   3          G     300.0    5000.0  1000.0      1
    6.6999931E0   1.0357372E-2  -3.4551167E-6  5.0652949E-10 -2.6682276E-14    2
    3.0199051E4    -1.337877E1  -2.4621047E-2   2.3197215E-2  -1.8474357E-6    3
  -1.5927593E-8  8.6846155E-12    3.2334137E4    2.2729762E1                   4
AC3H5             -THERMH   5C   3          G     300.0    5000.0  1397.0      1
   8.45883958E0  1.12695483E-2 -3.83792864E-6 5.94059119E-10 -3.4391803E-14    2
   1.64683289E4  -2.32704266E1 -5.29131958E-1    3.345591E-2 -2.53401027E-5    3
  1.02865754E-8 -1.7325834E-12   1.94941423E4   2.46172315E1                   4
TC3H5             -THERMH   5C   3          G     300.0    5000.0  1390.0      1
   7.88765879E0  1.13012591E-2  -3.8421313E-6 5.93982677E-10-3.43567175E-14    2
   2.83484913E4  -1.74291589E1   1.32807335E0  2.53107914E-2 -1.51530439E-5    3
  4.74345565E-9-6.24666084E-13     3.079811E4   1.83328787E1                   4
SC3H5             -THERMH   5C   3          G     300.0    5000.0  1382.0      1
   7.37492443E0  1.17510061E-2 -4.00021283E-6 6.18947395E-10-3.58215018E-14    2
   2.73982108E4  -1.43478655E1   2.17916644E0  2.03826623E-2 -7.91413834E-6    3
 4.76906187E-10 2.70398536E-13   2.96002535E4   1.48785684E1                   4
C4H               P-1-93H   1C   4          G     300.0    3000.0  1000.0      1
    7.7697593E0   4.9829976E-3  -1.7628546E-6  2.8144284E-10 -1.6689869E-14    2
      9.43459E4   -1.4165274E1    1.3186295E0   3.8582956E-2  -7.1385623E-5    3
   6.5356359E-8 -2.2617666E-11    9.5456106E4    1.5567583E1                   4
C4H2              D11-99H   2C   4          G     300.0    3000.0  1000.0      1
    9.1576328E0   5.5430518E-3  -1.3591604E-6  1.8780075E-11  2.3189536E-14    2
    5.2588039E4    -2.371146E1    1.0543978E0    4.162696E-2  -6.5871784E-5    3
   5.3257075E-8 -1.6683162E-11    5.4185211E4    1.4866591E1                   4
NC4H3             USC-07H   3C   4          G     300.0    5000.0  1000.0      1
    7.8045716E0   1.0712364E-2  -4.1939124E-6  7.0446277E-10 -3.6271326E-14    2
    6.2987805E4   -1.4129741E1   8.1667686E-1   3.8716201E-2  -4.8045651E-5    3
   3.2066808E-8 -8.5628215E-12    6.4455754E4    1.9740503E1                   4
IC4H3             USC-07H   3C   4          G     300.0    5000.0  1000.0      1
    7.6538548E0   1.1204055E-2  -4.6401342E-6  8.6786639E-10 -5.7430562E-14    2
    5.7954363E4   -1.1756476E1    3.7221482E0   2.5957543E-2  -2.6356343E-5    3
    1.550892E-8 -3.8040565E-12    5.8837121E4    7.5637245E0                   4
C4H4              USC-07H   4C   4          G     300.0    5000.0  1000.0      1
    7.2539601E0   1.3914094E-2  -5.2932214E-6   8.348045E-10 -3.5197882E-14    2
    3.1766016E4   -1.2629521E1   5.8857048E-1   3.6546685E-2  -3.4106968E-5    3
   1.6652619E-8 -3.0064623E-12    3.3359492E4    2.0657881E1                   4
NC4H5             USC-07H   5C   4          G     300.0    5000.0  1000.0      1
    7.4087291E0   1.7752748E-2  -7.5601506E-6   1.4203795E-9 -9.1100182E-14    2
    4.0438762E4   -1.3150027E1    2.261129E-1   3.6742371E-2  -2.2120474E-5    3
   1.4390138E-9  2.6435809E-12     4.242841E4    2.4066401E1                   4
IC4H5             USC-07H   5C   4          G     300.0    5000.0  1000.0      1
    6.9646029E0   1.8274333E-2  -7.8133735E-6   1.5292154E-9 -1.0920493E-13    2
    3.4725098E4   -1.0649321E1   1.1308105E-1   4.0950615E-2  -3.5413581E-5    3
   1.5530969E-8 -2.3355122E-12    3.6383371E4    2.3692457E1                   4
C4H5-2            H6W-94H   5C   4          G     300.0    3000.0  1000.0      1
    1.4538171E1  -8.5677056E-3   2.3559524E-5  -1.3676379E-8  2.4436927E-12    2
    3.3259095E4   -4.5369497E1     2.969628E0   2.4442245E-2  -9.1251424E-6    3
 -4.2466871E-18  1.6304728E-21    3.5503316E4    1.2036051E1                   4
C4H6              H6W-94H   6C   4          G     300.0    3000.0  1000.0      1
    8.8673134E0    1.491867E-2  -3.1548716E-6  -4.184133E-10  1.5761258E-13    2
    9.1338516E3   -2.3328171E1   1.1284465E-1   3.4369022E-2  -1.1107392E-5    3
   -9.210666E-9  6.2065179E-12     1.180227E4    2.3089996E1                   4
C4H612            A-8-83H   6C   4          G     300.0    3000.0  1000.0      1
     1.781557E1   -4.257502E-3    1.051185E-5   -4.473844E-9   5.848138E-13    2
     1.267342E4    -6.982662E1     1.023467E0    3.495919E-2   -2.200905E-5    3
    6.942272E-9  -7.879187E-13     1.811799E4     1.975066E1                   4
!2014 Man
C4H6-2            A-8-83H   6C   4          G     300.0    3000.0  1000.0      1
    9.0338133E0    8.212451E-3   7.1753952E-6  -5.8834334E-9  1.0343915E-12    2
    1.4335068E4   -2.0985762E1    2.1373338E0   2.6486229E-2  -9.0568711E-6    3
 -5.5386397E-19  2.1281884E-22    1.5710902E4    1.3529426E1                   4
!Jin HF t-butanol
C4H6-1                  H   6C   4          G     300.0    5000.0  1000.0      1
     8.038707E0    1.636149E-2   -5.195059E-6   8.726184E-10  -5.761724E-14    2
     1.627442E4    -1.677205E1   -5.798403E-1    4.666574E-2   -4.880373E-5    3
    3.108893E-8  -8.350969E-12     1.838166E4     2.626408E1                   4
!Jin HF t-butanol
SAXC4H7           -THERMH   7C   4          G     300.0    5000.0  1385.0      1
    1.0085754E1   1.5629929E-2  -4.4258954E-6  6.2146094E-10 -3.5168899E-14    2
    1.1044441E4   -2.8420502E1   4.7701374E-1   3.6144733E-2  -1.6311067E-5    3
 -1.5756466E-10  1.7294161E-12    1.4199343E4    2.3200636E1                   4
C4H7                    H   7C   4          G     300.0    5000.0  1000.0      1
    7.0134835E0   2.2634558E-2   -9.254547E-6   1.6807927E-9 -1.0408617E-13    2
    2.0955008E4    -8.889308E0   7.4449432E-1   3.9678857E-2  -2.2898086E-5    3
   2.1352973E-9  2.3096375E-12    2.2653328E4    2.3437878E1                   4
C4H7-1            T05-04H   7C   4          G     200.0    6000.0  1000.0      1
   8.15646382E0  1.90308835E-2 -6.73262214E-6  1.07333098E-9-6.36886441E-14    2
   2.55826427E4  -1.61428872E1   4.19857522E0  1.19616999E-2  4.23864923E-5    3
 -6.30299109E-8  2.5947511E-11   2.75256555E4   8.57181248E0                   4
IC4H7                   H   7C   4          G     300.0    5000.0  1000.0      1
    7.1485939E0   2.2189671E-2  -8.4400172E-6   1.3133353E-9 -5.1617927E-14    2
    1.2712294E4   -1.2131183E1    -1.037589E0   4.5566667E-2  -3.0476231E-5    3
   7.1102568E-9  9.9685722E-13    1.4896458E4    2.9863663E1                   4
IC4H7-1                 H   7C   4          G     300.0    5000.0  1389.0      1
     1.109576E1  1.57810049E-2 -5.38419615E-6 8.34360121E-10-4.83401481E-14    2
   2.24175827E4  -3.40426822E1   1.87632434E0  3.54486107E-2 -2.13104949E-5    3
  6.73400492E-9-9.03166339E-13   2.58712914E4   1.62429161E1                   4
C4H7-2                  H   7C   4          G     200.0    6000.0  1000.0      1
   8.16688868E0  1.95680375E-2 -6.95694878E-6  1.11504166E-9-6.64079384E-14    2
   2.37537003E4  -1.77041242E1   3.77145965E0  1.46544157E-2  3.70080802E-5    3
 -5.72714455E-8 2.36641011E-11   2.58014506E4   9.11906641E0                   4
CH3CCHCH3               H   7C   4          G     200.0    6000.0  1000.0      1
   7.26612168E0  1.99858497E-2 -7.12030976E-6  1.14276142E-9-6.81206632E-14    2
   2.31915554E4  -1.09941637E1   7.61389036E0 -9.06922602E-3  8.28486476E-5    3
 -9.61203624E-8 3.59333528E-11   2.44971584E4  -5.90519467E0                   4
!2014 Man
C4H81             T-6-83H   8C   4          G     300.0    5000.0  1000.0      1
    2.0535841E0   3.4350507E-2  -1.5883197E-5   3.3089662E-9 -2.5361045E-13    2
   -2.1397231E3    1.5543201E1     1.181138E0    3.085338E-2   5.0865247E-6    3
  -2.4654888E-8  1.1110193E-11   -1.7904004E3    2.1062469E1                   4
C4H82             T-6-83H   8C   4          G     300.0    5000.0  1000.0      1
   8.2797676E-1   3.5864539E-2  -1.6634498E-5   3.4732759E-9 -2.6657398E-13    2
   -3.0521033E3    2.1342545E1    1.2594252E0   2.7808424E-2   8.7013932E-6    3
  -2.4402205E-8   9.897771E-12   -2.9647742E3    2.0501129E1                   4
IC4H8             T-6-83H   8C   4          G     300.0    5000.0  1000.0      1
     4.460947E0   2.9611487E-2  -1.3077129E-5   2.6571934E-9 -2.0134713E-13    2
   -5.0066758E3    1.0671549E0    2.6471405E0   2.5902957E-2   8.1985354E-6    3
  -2.2193259E-8   8.895858E-12   -4.0373069E3    1.2676388E1                   4
PC4H9             USC-07H   9C   4          G     300.0    5000.0  1000.0      1
    8.6822395E0   2.3691071E-2  -7.5948865E-6  6.6427136E-10  5.4845136E-14    2
    4.9644058E3   -1.7891747E1    1.2087042E0   3.8297497E-2  -7.2660509E-6    3
  -1.5428547E-8  8.6859435E-12     7.322104E3    2.2169268E1                   4
SC4H9             P11-94H   9C   4          G     300.0    3000.0  1000.0      1
    9.4263839E0   2.1918998E-2  -7.2868375E-6   1.0630334E-9 -5.5649464E-14    2
    3.1965874E3   -2.2406051E1   6.9428423E-1   3.3113346E-2   6.2942577E-6    3
  -2.7025274E-8  1.1989315E-11    6.4175654E3    2.6279789E1                   4
IC4H9             USC-07H   9C   4          G     300.0    5000.0  1000.0      1
    8.4981728E0   2.4689538E-2  -8.6487589E-6   1.0779325E-9  -6.434057E-16    2
    4.4288174E3   -1.8441397E1   9.7527862E-1   4.1613799E-2  -1.4467331E-5    3
  -9.3852393E-9  6.8797377E-12    6.6688267E3    2.1277582E1                   4
TC4H9             P11-94H   9C   4          G     300.0    3000.0  1000.0      1
    7.6607261E0   2.3879414E-2  -8.0890353E-6   1.2057521E-9 -6.5009814E-14    2
    1.6207623E3   -1.4800281E1   9.6167553E-1   2.5735856E-2   1.5609033E-5    3
  -2.6656519E-8   8.941801E-12    4.6564412E3    2.4805366E1                   4
C4H10             P11-94H  10C   4          G     300.0    3000.0  1000.0      1
    1.0526774E1   2.3590738E-2   -7.852248E-6   1.1448408E-9 -5.9827703E-14    2
   -2.0479223E4   -3.2198579E1    1.5685419E0   3.4652278E-2   6.8168129E-6    3
  -2.7995097E-8  1.2307742E-11   -1.7129977E4    1.7908045E1                   4
IC4H10            P11-94H  10C   4          G     300.0    3000.0  1000.0      1
    1.0846169E1   2.3338389E-2  -7.7833962E-6   1.1393807E-9 -5.9918289E-14    2
   -2.1669854E4   -3.5870573E1   5.4109489E-1   3.7860301E-2   5.5459804E-6    3
   -3.050011E-8  1.4033357E-11   -1.7977644E4    2.1150935E1                   4
H2C4O             USC-07H   2O   1C   4     G     300.0    5000.0  1000.0      1
    8.4292183E0   1.0502701E-2  -4.2066836E-6  7.1184902E-10 -3.5796602E-14    2
    2.2907807E4   -1.6511997E1      3.18119E0   2.9840752E-2  -3.2832409E-5    3
   2.0631813E-8 -5.4200598E-12    2.4125576E4      9.42101E0                   4
C4H7O             -THERMH   7O   1C   4     G     300.0    5000.0  1395.0      1
    1.5313778E1  1.43427017E-2 -4.81625517E-6 7.39574839E-10-4.26140814E-14    2
  -7.29342884E2  -5.52937859E1  -1.60619192E0  5.58562682E-2 -4.35595767E-5    3
  1.70589279E-8 -2.6563518E-12   4.85090326E3   3.47112559E1                   4
IC4H7O            -thermH   7O   1C   4     G     300.0    5000.0  1386.0      1
   1.33457615E1  1.61218588E-2 -5.44376403E-6 8.38199374E-10 -4.8360828E-14    2
   6.11443644E2  -4.36818838E1   1.74700687E0  4.07783436E-2 -2.44750243E-5    3
  7.06502958E-9-7.51570589E-13   4.86979233E3   1.94535999E1                   4
IC4H6OH           -THERMH   7O   1C   4     G     300.0    5000.0  1390.0      1
   1.40310926E1  1.55317541E-2 -5.32754961E-6 8.28785902E-10-4.81545257E-14    2
  -7.69378228E3  -4.76555306E1  8.63371227E-1  4.68711282E-2 -3.43580339E-5    3
  1.33031052E-8-2.13914975E-12  -3.14948305E3   2.29075523E1                   4
IC3H5CHO          -thermH   6O   1C   4     G     300.0    5000.0  1396.0      1
   1.36203958E1  1.37917192E-2 -4.73370118E-6 7.36655226E-10-4.20097974E-14    2
  -2.00025274E4  -4.73184531E1  6.27183793E-1  4.66780254E-2 -3.74430631E-5    3
  1.58330542E-8-2.73952155E-12  -1.57203117E4   2.16034294E1                   4
IC4H8O                  H   8O   1C   4     G     300.0    5000.0  1394.0      1
   1.40433578E1  2.05733637E-2  -9.0951922E-6  1.73417298E-9-1.14908544E-13    2
  -3.62275308E4  -6.90009668E1  -5.02573822E0   7.5134096E-2 -6.88668822E-5    3
  3.12223247E-8-5.60128818E-12  -3.07481413E4   2.96284295E1                   4
!##############2016 Jin HF t-butanol ###################
C5H2              -20587H   2C   5          G     300.0    5000.0  1000.0      1
     1.132917E1    7.424057E-3   -2.628189E-6   4.082541E-10  -2.301333E-14    2
     7.878706E4    -3.617117E1     3.062322E0    2.709998E-2    -1.00917E-5    3
   -1.272745E-8   9.167219E-12     8.114969E4     7.071078E0                   4
C5H3              -20387H   3C   5          G     300.0    5000.0  1000.0      1
     1.078762E1    9.539619E-3   -3.206745E-6   4.733323E-10  -2.512135E-14    2
     6.392904E4    -3.005444E1      4.32872E0     2.35248E-2   -5.856723E-6    3
   -1.215449E-8   7.726478E-12     6.588531E4     4.173259E0                   4
cC5H4                   H   4C   5          G     200.0    6000.0  1000.0      1
    1.0106809E1   1.3457466E-2  -4.8862383E-6  7.9465424E-10 -4.7821691E-14    2
    6.1714735E4   -3.0155332E1   9.8338482E-1   2.1429446E-2   3.3390071E-5    3
  -6.6941379E-8  3.0563346E-11    6.4905174E4    2.0682801E1                   4
C5H4                    H   4C   5          G     200.0    6000.0  1000.0      1
   9.31656215E0  1.37165199E-2  -4.8720964E-6 7.80513961E-10-4.64725769E-14    2
   4.56259628E4  -2.31942358E1   2.12483066E0  3.62486885E-2 -3.30843646E-5    3
  1.74658596E-8-3.85998715E-12   4.75470659E4   1.34500476E1                   4
lC5H5                   H   5C   5          G     200.0    6000.0  1000.0      1
   1.08989728E1  1.42904648E-2 -5.02395287E-6 7.99341505E-10 -4.7368738E-14    2
   4.17506605E4   -3.0396562E1  9.57517375E-2  4.93848014E-2 -4.74598143E-5    3
  2.22750663E-8-3.37834761E-12    4.4449265E4   2.40272094E1                   4
C5H5              T12-89H   5C   5          G     300.0    2000.0  1000.0      1
    7.4743938E0   1.6012733E-2  -6.4823148E-9  -3.5819703E-9  9.2365071E-13    2
       2.8086E4      -1.6133E1   9.8349822E-1   3.3651476E-2  -1.1054181E-7    3
  -3.6743394E-8  2.3141184E-11       2.9626E4    1.6585519E1                   4
C5H6              T-1-90H   6C   5          G     200.0    6000.0  1000.0      1
    9.9757848E0   1.8905543E-2  -6.8411461E-6    1.109934E-9 -6.6680236E-14    2
    1.1081693E4   -3.2209454E1   8.6108957E-1   1.4804031E-2   7.2108895E-5    3
  -1.1338055E-7  4.8689972E-11    1.4801755E4    2.1353453E1                   4
lC5H7             HWZD99H   7C   5          G     300.0    3000.0  1000.0      1
     2.224648E0   3.9601296E-2  -2.2345617E-5   6.0649676E-9 -6.3840047E-13    2
    2.2303428E4    1.4009951E1   -4.0974307E0   6.1832044E-2   -4.877078E-5    3
   1.6696418E-8 -7.5334899E-13    2.3683646E4    4.5148109E1                   4
C5H52             0-BLYPH   5C   5          G     300.0    5000.0  1403.0      1
   1.23503328E1  1.31278894E-2 -4.49680943E-6 6.98998158E-10-4.05941466E-14    2
   4.29602305E4  -4.38813502E1  -3.71635176E0  5.57854643E-2  -4.8552452E-5    3
   2.1523284E-8-3.80152957E-12   4.79911937E4   4.05280169E1                   4
C5H5O13           T09-10H   5O   1C   5     G     200.0    6000.0  1000.0      1
   1.14579913E1  1.74857813E-2 -6.31033387E-6  1.02222611E-9-6.13529798E-14    2
   -7.4730591E2  -3.63570579E1   1.02688782E0  2.49799222E-2  4.13379251E-5    3
  -7.9282759E-8 3.55323358E-11    3.0114827E3   2.22500883E1                   4
C5H5O24           T-3-10H   5O   1C   5     G     200.0    6000.0  1000.0      1
   1.20244667E1  1.69698914E-2 -6.12274609E-6  9.9173799E-10-5.95206422E-14    2
   2.05122293E4  -3.95370458E1  7.74871946E-1  2.53185105E-2  4.65761215E-5    3
 -8.92691495E-8 4.04034749E-11   2.44938481E4   2.34455624E1                   4
C5H4O              CBLYPH   4O   1C   5     G     300.0    5000.0  1402.0      1
   1.37907739E1  1.19738147E-2 -4.11436106E-6 6.40954643E-10-3.72821366E-14    2
   2.74553951E2  -5.06296371E1  -3.01174376E0  5.82012965E-2 -5.36527132E-5    3
  2.48757306E-8-4.54630764E-12   5.38127213E3   3.70844611E1                   4
C5H5OH            -THE-MH   6O   1C   5     G     300.0    5000.0  1398.0      1
   1.53433477E1  1.50754059E-2 -5.13553582E-6 7.95807816E-10-4.61311517E-14    2
  -1.19645453E4   -5.8520443E1  -4.26822012E0  6.62446749E-2 -5.68494038E-5    3
  2.46858526E-8-4.26820696E-12  -5.75581338E3    4.4796285E1                   4
C5H4OH              2000H   5O   1C   5     G     300.0    5000.0  1417.0      1
   1.54616992E1  1.21543874E-2 -3.97713729E-6 5.99530783E-10 -3.4084128E-14    2
   1.18008962E3  -5.80092304E1  -3.36507049E0  6.65211552E-2 -6.40907012E-5    3
  3.04663074E-8-5.61147666E-12   6.55733089E3   3.92124189E1                   4
C5H3O             ak0905H   3O   1C   5     G     300.0    3500.0  1500.0      1
   1.19961781E1  1.34287065E-2 -5.90045309E-6  1.22553862E-9-9.86114716E-14    2
    2.8959201E4  -4.07548249E1  -3.03242604E0  5.43937201E-2 -4.95018348E-5    3
  2.25523751E-8 -4.1072792E-12   3.35644081E4   3.78374823E1                   4
C6H2              D11-99H   2C   6          G     300.0    3000.0  1000.0      1
    1.2893918E1   7.9145068E-3   -2.402724E-6  2.4340149E-10  3.1383246E-15    2
    7.9832406E4   -4.0771996E1   4.5099974E-1   6.7475192E-2  -1.1809925E-4    3
   1.0367632E-7 -3.4851039E-11    8.2173062E4    1.7704124E1                   4
C6H3              H6W-94H   3C   6          G     300.0    3000.0  1000.0      1
    5.8188343E0   2.7933408E-2  -1.7825427E-5   5.3702536E-9 -6.1707627E-13    2
     8.518825E4  -9.2147827E-1    1.1790619E0    5.554736E-2  -7.3076168E-5    3
   5.2076736E-8 -1.5046964E-11    8.5647312E4    1.9179199E1                   4
l-C6H4            H6W-94H   4C   6          G     300.0    3000.0  1000.0      1
    1.2715182E1   1.3839662E-2   -4.376544E-6  3.1541636E-10  4.6619026E-14    2
    5.7031148E4     -3.94646E1   2.9590225E-1   5.8053318E-2  -6.7766756E-5    3
   4.3376762E-8 -1.1418864E-11    6.0001371E4     2.231897E1                   4
o-C6H4            D11-99H   4C   6          G     300.0    3000.0  1000.0      1
    8.8432961E0   2.0301474E-2  -8.8674269E-6   1.7264292E-9 -1.1786047E-13    2
    4.9317113E4   -2.4014301E1   -3.8454189E0   5.8391564E-2   -4.864475E-5    3
    1.677032E-8  -7.858068E-13      5.25925E4    4.0587132E1                   4
A1-               D11-99H   5C   6          G     300.0    3000.0  1000.0      1
     8.597311E0    2.224163E-2  -8.7199978E-6   1.3788785E-9 -5.3146056E-14    2
    3.6261047E4   -2.2954643E1   -3.6931453E0   5.2178968E-2  -2.5558427E-5    3
  -7.0661121E-9  7.5833975E-12     3.977959E4    4.1332535E1                   4
fulvene           novc-fH   6C   6          G     300.0    3000.0  1000.0      1
    5.5099388E0   3.3879936E-2  -1.7737071E-5   4.4769284E-9 -4.4127372E-13    2
    2.4921871E4   -6.7757489E0   -5.6096307E0   7.3064757E-2  -7.0326923E-5    3
   3.6580449E-8 -8.0201931E-12    2.7468885E4    4.8339178E1                   4
A1                D11-99H   6C   6          G     300.0    3000.0  1000.0      1
    9.1381245E0   2.3854433E-2  -8.8127726E-6   1.2099021E-9 -1.8221503E-14    2
    5.2043462E3   -2.9115665E1   -4.8437734E0   5.8427613E-2  -2.9485855E-5    3
   -6.939044E-9  8.2125253E-12    9.1817773E3    4.3889832E1                   4
n-C6H5            HW--94H   5C   6          G     300.0    3000.0  1000.0      1
    1.6070068E1   8.1899539E-3   1.7325165E-6  -2.0624185E-9  3.6292345E-13    2
    6.4616867E4   -5.6163742E1  -6.1135769E-1    6.508261E-2  -7.8262397E-5    3
   5.3030828E-8 -1.4946683E-11    6.8805375E4    2.7635468E1                   4
C5H4CH3           A03-05H   7C   6          G     200.0    6000.0  1000.0      1
   1.28996538E1   2.1218324E-2 -7.67565006E-6  1.24495899E-9-7.47731827E-14    2
   2.12053775E4  -4.47534535E1  5.64034275E-1  3.84201803E-2   1.9495852E-5    3
 -5.95545053E-8 2.86869522E-11   2.53304225E4   2.27464371E1                   4
A1O               T05-02H   5O   1C   6     G     200.0    6000.0  1000.0      1
    1.3722172E1  1.74688771E-2  -6.3550452E-6  1.03492308E-9-6.23410504E-14    2
   2.87274751E2   -4.8818168E1 -4.66204455E-1  4.13443975E-2  1.32412991E-5    3
 -5.72872769E-8 2.89763707E-11   4.77858391E3   2.76990274E1                   4
A1OH              L-4-84H   6O   1C   6     G     300.0    5000.0  1000.0      1
    1.4912073E1   1.8378135E-2  -6.1983128E-6  9.1983221E-10 -4.9209565E-14    2
   -1.8375199E4   -5.5924103E1   -1.6956539E0   5.2271299E-2   -7.202405E-6    3
  -3.5859603E-8  2.0449073E-11   -1.3284121E4     3.254216E1                   4
P-C6H4O2          AK0405H   4O   2C   6     G     270.0    3000.0  1370.0      1
   1.23423732E1   2.4061269E-2 -1.16565184E-5  2.71393504E-9-2.47643065E-13    2
  -2.06185312E4  -4.08244024E1  -2.43170113E0  6.87937608E-2 -6.41382837E-5    3
  3.08126855E-8-5.99832072E-12  -1.65696994E4    3.4830943E1                   4
O-C6H4O2          AK0405H   4O   2C   6     G     270.0    3000.0  1370.0      1
   1.23614349E1  2.40491397E-2 -1.16529057E-5  2.71332785E-9-2.47593219E-13    2
  -1.67079717E4  -4.00310857E1  -2.36179712E0  6.86058343E-2 -6.39129516E-5    3
  3.06903009E-8-5.97357785E-12  -1.26704431E4   3.53724482E1                   4
OC6H4OH           -THERMH   5O   2C   6     G     300.0    5000.0  1403.0      1
    2.2271821E1  1.21038561E-2 -4.18429526E-6 6.54475399E-10-3.81746504E-14    2
  -2.34827539E4  -9.61035467E1  -8.02205657E0   1.0940321E-1 -1.23489276E-4    3
  6.56286805E-8 -1.3152787E-11  -1.55949156E4   5.72175202E1                   4
C6H4OH            -THERMH   5O   1C   6     G     300.0    5000.0  1402.0      1
    1.7318756E1  1.36366984E-2 -4.68316332E-6 7.29071204E-10-4.23805358E-14    2
   1.14990276E4  -6.89986593E1  -5.99875435E0  8.59063379E-2 -9.12525636E-5    3
   4.7227589E-8-9.35576749E-12   1.78621926E4   4.99931427E1                   4
cC6H7             -THERMH   7C   6          G     300.0    5000.0  1397.0      1
    1.4580753E1  1.90472668E-2 -6.57818915E-6  1.02815839E-9-5.99380191E-14    2
   1.73949036E4  -5.69992223E1  -6.01550859E0  6.95380134E-2 -5.43113522E-5    3
  2.16857946E-8-3.50034432E-12   2.42697461E4    5.2705554E1                   4
lC6H7             -THERMH   7C   6          G     300.0    5000.0  1405.0      1
    1.7622586E1  1.51976235E-2 -5.15602211E-6 7.96188268E-10-4.60220066E-14    2
   4.12781421E4  -6.76880771E1   -1.6871768E0  6.97442629E-2 -6.51384982E-5    3
  3.08028076E-8-5.72894955E-12   4.70145566E4   3.26256051E1                   4
A1OO              -THERMH   5O   2C   6     G     300.0    5000.0  1403.0      1
   1.67078262E1  1.62326229E-2  -5.4796963E-6  8.4351006E-10-4.86562431E-14    2
   8.14242915E3  -6.08346973E1  -2.99164672E0   7.0385715E-2 -6.34400574E-5    3
   2.9154892E-8-5.30706938E-12    1.4132024E4   4.20142955E1                   4
A1OOH             -THERMH   6O   2C   6     G     300.0    5000.0  1404.0      1
   1.92317474E1  1.63154699E-2 -5.53448904E-6 8.55059974E-10 -4.9458379E-14    2
  -1.01971012E4  -7.61674471E1  -4.03105975E0  7.96101888E-2 -7.21655013E-5    3
  3.27610696E-8-5.85584239E-12  -3.10973017E3   4.54324978E1                   4
END