 TRANSPORT
!VERSION:  15_50_1112[dat]
!AUTHORS:  C3[dat]
!NOTE:     SPECIES RE-ARRANGED AS THE SAME ORDER IN MECH, ANALOGIES HAVE BEEN INDICATED BY CORRESPONDING SPECIES NAME IN COMMENTS. DATA MOSTLY FROM ARAMCO MECH 1.3[dat]
AR 0 136.5 3.33 0.0 0.0 0.0
N2 1 97.53 3.621 0.0 1.76 4.0
HE 0 10.2 2.576 0.0 0.0 0.0
H2 1 38.0 2.92 0.0 0.79 280.0
H 0 145.0 2.05 0.0 0.0 0.0
O2 1 107.4 3.458 0.0 1.6 3.8
O 0 80.0 2.75 0.0 0.0 0.0
H2O 2 572.4 2.605 1.844 0.0 4.0
OH 1 80.0 2.75 0.0 0.0 0.0
OHV 1 80.0 2.75 0.0 0.0 0.0
OH* 1 80.0 2.75 0.0 0.0 0.0
H2O2 2 107.4 3.458 0.0 0.0 3.8
HO2 2 107.4 3.458 0.0 0.0 1.0
CO 1 98.1 3.65 0.0 1.95 1.8
CO2 1 244.0 3.763 0.0 2.65 2.1
HOCO 2 498.0 3.59 0.0 0.0 2.0
CH4 2 141.4 3.746 0.0 2.6 13.0
CH3 1 144.0 3.8 0.0 0.0 0.0
CH2 1 144.0 3.8 0.0 0.0 0.0
CH2(S) 1 144.0 3.8 0.0 0.0 0.0
C 0 71.4 3.298 0.0 0.0 0.0
CH 1 80.0 2.75 0.0 0.0 0.0
CHV 1 80.0 2.75 0.0 0.0 0.0
CH* 1 80.0 2.75 0.0 0.0 0.0
CH3O2H 2 481.8 3.626 0.0 0.0 1.0
CH3O2 2 481.8 3.626 0.0 0.0 1.0
CH2O2H 2 238.4 3.496 0.0 0.0 1.5
CH3OH 2 481.8 3.626 0.0 0.0 1.0
CH3O 2 417.0 3.69 1.7 0.0 2.0
CH2OH 2 417.0 3.69 1.7 0.0 2.0
CH2O 2 498.0 3.59 0.0 0.0 2.0
HCO 2 498.0 3.59 0.0 0.0 0.0
HCOH 2 498.0 3.59 0.0 0.0 1.0
HO2CHO 2 436.0 3.97 0.0 0.0 2.0
HOCH2O2H 2 481.8 3.626 1.7 0.0 1.0
HOCH2O2 2 481.8 3.626 1.7 0.0 1.0
OCH2O2H 2 481.8 3.626 1.7 0.0 1.0
HOCH2O 2 470.6 4.41 0.0 0.0 1.5
O2CHO 2 436.0 3.97 0.0 0.0 2.0
HOCHO 2 436.0 3.97 0.0 0.0 2.0
OCHO 2 498.0 3.59 0.0 0.0 2.0
C2H6 2 247.5 4.35 0.0 0.0 1.5
C2H5 2 247.5 4.35 0.0 0.0 1.5
C2H5O2H 2 470.6 4.41 0.0 0.0 1.5
C2H5O2 2 470.6 4.41 0.0 0.0 1.5
C2H4 2 238.4 3.496 0.0 0.0 1.5
C2H3 2 265.3 3.721 0.0 0.0 1.0
CHOCHO 1 440.2 4.01 0.0 0.0 2.0
C2H3OOH 2 436.0 3.97 0.0 0.0 2.0
!CH3CO2[dat]
C2H3OO 2 436.0 3.97 0.0 0.0 2.0
!HCCOH[dat]
CHCHO 2 436.0 3.97 0.0 0.0 2.0
C2H2 1 265.3 3.721 0.0 0.0 2.5
C2H 1 265.3 3.721 0.0 0.0 2.5
H2CC 2 209.0 4.1 0.0 0.0 2.5
C2H5OH 2 470.6 4.41 0.0 0.0 1.5
C2H5O 2 470.6 4.41 0.0 0.0 1.5
PC2H4OH 2 470.6 4.41 0.0 0.0 1.5
SC2H4OH 2 470.6 4.41 0.0 0.0 1.5
O2C2H4OH 2 523.2 5.664 1.7 0.0 1.0
C2H4O2H 2 470.6 4.41 0.0 0.0 1.5
C2H4O1-2 2 436.0 3.97 0.0 0.0 2.0
C2H3O1-2 2 436.0 3.97 0.0 0.0 2.0
CH3CHO 2 436.0 3.97 0.0 0.0 2.0
CH3CO 2 436.0 3.97 0.0 0.0 2.0
CH2CHO 2 436.0 3.97 0.0 0.0 2.0
O2CH2CHO 2 275.049 5.428 0.0 0.0 1.0
HO2CH2CO 2 279.007 5.505 1.3 0.0 1.0
C2H3OH 2 470.6 4.41 0.0 0.0 1.5
C2H2OH 2 224.7 4.162 0.0 0.0 1.0
CH2CO 2 436.0 3.97 0.0 0.0 2.0
HCCO 2 150.0 2.5 0.0 0.0 1.0
HCCOH 2 436.0 3.97 0.0 0.0 2.0
CH3CO3H 2 436.0 3.97 0.0 0.0 2.0
CH3CO3 2 436.0 3.97 0.0 0.0 2.0
CH3CO2 2 436.0 3.97 0.0 0.0 2.0
CH3OCH3 2 395.0 4.037 1.3 0.0 1.0
CH3OCH2 2 395.0 4.037 1.3 0.0 1.0
CH3OCH2O2H 2 395.0 4.037 1.3 0.0 1.0
CH3OCH2O2 2 395.0 4.037 1.3 0.0 1.0
CH2OCH2O2H 2 395.0 4.037 1.3 0.0 1.0
O2CH2OCH2O2H 2 395.0 4.037 1.3 0.0 1.0
HO2CH2OCHO 2 395.0 4.037 1.3 0.0 1.0
OCH2OCHO 2 395.0 4.037 1.3 0.0 1.0
HOCH2OCO 2 395.0 4.037 1.3 0.0 1.0
CH3OCH2O 2 395.0 4.037 1.3 0.0 1.0
CH3OCHO 2 395.0 4.037 1.3 0.0 1.0
CH3OCO 2 395.0 4.037 1.3 0.0 1.0
CH2OCHO 2 395.0 4.037 1.3 0.0 1.0
C3H8 2 303.4 4.81 0.0 0.0 1.0
IC3H7 2 303.4 4.81 0.0 0.0 1.0
NC3H7 2 303.4 4.81 0.0 0.0 1.0
NC3H7O2H 2 481.5 4.997 1.7 0.0 1.0
NC3H7O2 2 481.5 4.997 1.7 0.0 1.0
IC3H7O2H 2 459.5 5.036 1.7 0.0 1.0
IC3H7O2 2 459.5 5.036 1.7 0.0 1.0
NC3H7O 2 481.5 4.997 1.7 0.0 1.0
IC3H7O 2 459.5 5.036 1.7 0.0 1.0
C3H6OOH1-2 2 435.2 4.662 2.7 0.0 1.0
C3H6OOH1-3 2 435.2 4.662 2.7 0.0 1.0
C3H6OOH2-1 2 435.2 4.662 2.7 0.0 1.0
C3H6OOH1-2O2 2 435.2 4.662 2.7 0.0 1.0
C3H6OOH1-3O2 2 435.2 4.662 2.7 0.0 1.0
C3H6OOH2-1O2 2 435.2 4.662 2.7 0.0 1.0
C3KET12 2 464.2 5.009 2.6 0.0 1.0
C3KET13 2 464.2 5.009 2.6 0.0 1.0
C3H51-2,3OOH 2 549.655 5.716 0.0 0.0 0.0
C3H52-1,3OOH 2 549.655 5.716 0.0 0.0 0.0
!C3KET12[dat]
C3H5O1-2OOH-3 2 464.2 5.009 2.6 0.0 1.0
!C3KET12[dat]
C3H5O1-3OOH-2 2 464.2 5.009 2.6 0.0 1.0
C3H6O1-2 2 403.6 4.968 2.0 0.0 1.0
C3H6O1-3 2 403.6 4.968 2.0 0.0 1.0
C3H6 2 307.8 4.14 0.0 0.0 1.0
C3H5-A 2 316.0 4.22 0.0 0.0 1.0
C3H5-S 2 316.0 4.22 0.0 0.0 1.0
C3H5-T 2 316.0 4.22 0.0 0.0 1.0
!C3H6[dat]
CC3H6 2 307.8 4.14 0.0 0.0 1.0
C3H5O 2 411.0 4.82 0.0 0.0 1.0
!C3H5O[dat]
CH2CHOCH2 2 411.0 4.82 0.0 0.0 1.0
CH3CHCHO 2 387.86 4.687 0.0 0.0 0.0
AC4H7OOH 2 330.435 5.741 0.0 0.0 1.0
C3H6OH1-2 2 487.9 4.82 0.0 0.0 1.0
CH3CHCO 2 443.2 4.12 0.0 0.0 1.0
AC3H5OOH 2 481.5 4.997 1.7 0.0 1.0
C3H6OH2-1 2 487.9 4.82 0.0 0.0 1.0
!1109[dat]
HOC3H6O2 2 487.9 4.82 0.0 0.0 1.0
SC3H5OH 2 304.276 5.45 0.0 0.0 1.0
IC3H5OH 2 459.5 5.036 1.7 0.0 1.0
C3H5OH 2 481.5 4.997 1.7 0.0 1.0
CH2CCH2OH 2 481.5 4.997 1.7 0.0 1.0
C3H4-P 1 324.8 4.29 0.0 0.0 1.0
C3H4-A 1 324.8 4.29 0.0 0.0 1.0
C3H3 1 324.8 4.29 0.0 0.0 1.0
CC3H4 1 252.0 4.76 0.0 0.0 1.0
C3H2 2 209.0 4.1 0.0 0.0 1.0
H2CCC(S) 2 265.3 3.721 0.0 0.0 1.0
C3H2(S) 2 209.0 4.1 0.0 0.0 1.0
C3H2C 1 290.616 4.368 0.0 0.0 1.0
PC3H4OH-2 2 300.783 5.377 0.0 0.0 1.0
SC3H4OH 2 298.893 5.345 0.0 0.0 1.0
C3H3O 2 301.263 5.055 0.0 0.0 1.0
C3H3O2H 2 301.658 5.31 0.0 0.0 1.0
C2HCHO 2 343.033 4.884 0.0 0.0 1.0
C2H5CHO 2 435.2 4.662 2.7 0.0 1.0
C2H5CO 2 424.6 4.82 0.0 0.0 1.0
CH2CH2CHO 2 424.6 4.82 0.0 0.0 1.0
C2H3CHO 2 428.8 4.958 2.9 0.0 1.0
C2H3CO 2 443.2 4.12 0.0 0.0 1.0
CH3COCH3 2 435.5 4.86 0.0 0.0 1.0
CH3COCH2 2 435.5 4.86 0.0 0.0 1.0
CH3COCH2O2 2 502.115 5.429 0.0 0.0 0.0
CH3COCH2O 2 447.639 5.086 0.0 0.0 0.0
C3KET21 2 464.2 5.009 2.6 0.0 1.0
C4H10 2 350.9 5.206 0.0 0.0 1.0
PC4H9 2 352.0 5.24 0.0 0.0 1.0
SC4H9 2 352.0 5.24 0.0 0.0 1.0
PC4H9O 2 496.0 5.2 0.0 0.0 1.0
SC4H9O 2 496.0 5.2 0.0 0.0 1.0
PC4H9O2 2 496.0 5.2 0.0 0.0 1.0
SC4H9O2 2 496.0 5.2 0.0 0.0 1.0
PC4H9O2H 2 496.0 5.2 0.0 0.0 1.0
SC4H9O2H 2 496.0 5.2 0.0 0.0 1.0
C4H8OOH1-2 2 496.0 5.2 0.0 0.0 1.0
C4H8OOH1-3 2 496.0 5.2 0.0 0.0 1.0
C4H8OOH1-4 2 496.0 5.2 0.0 0.0 1.0
C4H8OOH2-1 2 496.0 5.2 0.0 0.0 1.0
C4H8OOH2-3 2 496.0 5.2 0.0 0.0 1.0
C4H8OOH2-4 2 496.0 5.2 0.0 0.0 1.0
C4H8O1-2 2 496.0 5.2 0.0 0.0 1.0
C4H8O1-3 2 496.0 5.2 0.0 0.0 1.0
C4H8O1-4 2 496.0 5.2 0.0 0.0 1.0
C4H8O2-3 2 496.0 5.2 0.0 0.0 1.0
C4H8OOH1-2O2 2 496.0 5.2 0.0 0.0 1.0
C4H8OOH1-3O2 2 496.0 5.2 0.0 0.0 1.0
C4H8OOH1-4O2 2 496.0 5.2 0.0 0.0 1.0
C4H8OOH2-1O2 2 496.0 5.2 0.0 0.0 1.0
C4H8OOH2-3O2 2 496.0 5.2 0.0 0.0 1.0
C4H8OOH2-4O2 2 496.0 5.2 0.0 0.0 1.0
!C4H8OOH1-2O2[dat]
C4H71-2,4OOH 2 496.0 5.2 0.0 0.0 1.0
!C4H8OOH1-2O2[dat]
C4H72-1,3OOH 2 496.0 5.2 0.0 0.0 1.0
!C4H8OOH1-2O2[dat]
C4H72-1,4OOH 2 496.0 5.2 0.0 0.0 1.0
!C4H8OOH1-2O2[dat]
C4H71-2,3OOH 2 496.0 5.2 0.0 0.0 1.0
!NC4KET12[dat]
C4H7O1-3OOH-4 2 476.0 5.778 2.6 0.0 1.0
!NC4KET12[dat]
C4H7O1-3OOH-2 2 476.0 5.778 2.6 0.0 1.0
!NC4KET12[dat]
C4H7O1-2OOH-4 2 476.0 5.778 2.6 0.0 1.0
!NC4KET12[dat]
C4H7O1-4OOH-2 2 476.0 5.778 2.6 0.0 1.0
!NC4KET12[dat]
C4H7O1-2OOH-3 2 476.0 5.778 2.6 0.0 1.0
!NC4KET12[dat]
C4H7O2-3OOH-1 2 476.0 5.778 2.6 0.0 1.0
!C4H8O2-3[dat]
C4H72-1OOH 2 496.0 5.2 0.0 0.0 1.0
NC4KET12 2 476.0 5.778 2.6 0.0 1.0
NC4KET13 2 476.0 5.778 2.6 0.0 1.0
NC4KET14 2 476.0 5.778 2.6 0.0 1.0
NC4KET21 2 476.0 5.778 2.6 0.0 1.0
NC4KET23 2 476.0 5.778 2.6 0.0 1.0
NC4KET24 2 476.0 5.778 2.6 0.0 1.0
!C4H8O2-3[dat]
C4H71-3OOH 2 496.0 5.2 0.0 0.0 1.0
!C4H8OOH1-2O2[dat]
C4H71-3,4OOH 2 496.0 5.2 0.0 0.0 1.0
!C4H8OOH1-2O2[dat]
C4H72-3,4OOH 2 496.0 5.2 0.0 0.0 1.0
!O2CH2CHO[dat]
HO2CH2CHO 2 275.049 5.428 0.0 0.0 1.0
IC4H10 2 335.7 5.208 0.1 0.0 1.0
IC4H9 2 352.0 5.24 0.0 0.0 1.0
TC4H9 2 352.0 5.24 0.0 0.0 1.0
TC4H9O 2 496.0 5.2 0.0 0.0 1.0
IC4H9O 2 496.0 5.2 0.0 0.0 1.0
IC4H8O 2 436.4 5.352 0.0 0.0 1.0
IC3H7CHO 2 436.4 5.352 0.0 0.0 1.0
IC3H7CO 2 436.4 5.352 0.0 0.0 1.0
IC3H6CHO 2 436.4 5.352 0.0 0.0 1.0
TC3H6CHO 2 436.4 5.352 0.0 0.0 1.0
IC3H5CHO 2 436.4 5.352 0.0 0.0 1.0
TC3H6O2CHO 2 436.4 5.352 0.0 0.0 1.0
IC3H5O2HCHO 2 436.4 5.352 0.0 0.0 1.0
TC3H6O2HCO 2 436.4 5.352 0.0 0.0 1.0
TC3H6OCHO 2 436.4 5.352 0.0 0.0 1.0
IC3H6CO 2 436.4 5.352 0.0 0.0 1.0
IC3H5CO 2 436.4 5.352 0.0 0.0 1.0
!IC3H5CO[dat]
IC3H4CHO-A 2 436.4 5.352 0.0 0.0 1.0
!IC4H8O[dat]
SC4H7OH-I 2 436.4 5.352 0.0 0.0 1.0
IC4H9O2 2 502.252 5.43 0.0 0.0 0.0
TC4H9O2 2 502.252 5.43 0.0 0.0 0.0
IC4H8O2H-I 2 502.2 5.356 1.8 0.0 1.0
IC4H8O2H-T 2 502.2 5.356 1.8 0.0 1.0
TC4H8O2H-I 2 502.2 5.356 1.8 0.0 1.0
CC4H8O 2 444.197 5.063 0.0 0.0 0.0
IC4H8OOH-IO2 2 600.078 6.009 0.0 0.0 0.0
IC4H8OOH-TO2 2 600.078 6.009 0.0 0.0 0.0
TC4H8OOH-IO2 2 600.078 6.009 0.0 0.0 0.0
IC4KETII 2 549.655 5.716 0.0 0.0 0.0
IC4KETIT 2 549.655 5.716 0.0 0.0 0.0
TIC4H7Q2-I 2 600.078 6.009 0.0 0.0 0.0
IIC4H7Q2-I 2 600.078 6.009 0.0 0.0 0.0
IIC4H7Q2-T 2 600.078 6.009 0.0 0.0 0.0
IC4H7OOH 2 436.4 5.352 0.0 0.0 1.0
IC4H9O2H 2 505.54 5.45 0.0 0.0 0.0
TC4H9O2H 2 505.54 5.45 0.0 0.0 0.0
IC4H8 2 344.5 5.089 0.5 0.0 1.0
IC4H7 2 355.0 4.65 0.0 0.0 1.0
IC4H7-I1 2 380.022 4.633 0.0 0.0 0.0
!TC3H6OCHO[dat]
IC4H7O2 2 436.4 5.352 0.0 0.0 1.0
!TC3H6OCHO[dat]
IC4H6OOH-I 2 436.4 5.352 0.0 0.0 1.0
!TC3H6OCHO[dat]
CCYCCOOC-T1 2 436.4 5.352 0.0 0.0 1.0
!TC3H6OCHO[dat]
C2CYCOOC-I1 2 436.4 5.352 0.0 0.0 1.0
IC4H7O 2 496.0 5.2 0.0 0.0 1.0
!IC3H6CO[dat]
CVCYCCOC 2 436.4 5.352 0.0 0.0 1.0
!TC3H6OCHO[dat]
CCYC2OCO 2 436.4 5.352 0.0 0.0 1.0
!TC3H6OCHO[dat]
CCYCCOOC-I2 2 436.4 5.352 0.0 0.0 1.0
!TC3H6OCHO[dat]
CHOIC3H6O 2 436.4 5.352 0.0 0.0 1.0
!TC3H6OCHO[dat]
IC3H5OOCH2 2 436.4 5.352 0.0 0.0 1.0
!C3H5O[dat]
CCYCCO-T1 2 411.0 4.82 0.0 0.0 1.0
!PC4H9O[dat]
IC4H8OH-IT 2 496.0 5.2 0.0 0.0 1.0
!PC4H9O[dat]
IC4H8OH-TI 2 496.0 5.2 0.0 0.0 1.0
IC4H7OH 2 502.2 5.356 1.8 0.0 1.0
IC4H8OH 2 496.0 5.2 0.0 0.0 1.0
IC4H6OH 2 502.2 5.356 1.8 0.0 1.0
!C4H8OH-1O2[dat]
TQJC4H8OH 2 502.2 5.356 1.8 0.0 1.0
!C4H8OH-1O2[dat]
TQC4H8OI 2 502.2 5.356 1.8 0.0 1.0
!C4H8OH-1O2[dat]
QC4H7OHP 2 502.2 5.356 1.8 0.0 1.0
!C4H8OH-1O2[dat]
TQC4H7OHI 2 502.2 5.356 1.8 0.0 1.0
!IC4H7OOH[dat]
CCY(CCO)COH 2 436.4 5.352 0.0 0.0 1.0
!IC4H7OOH[dat]
C2CY(COC)OH 2 436.4 5.352 0.0 0.0 1.0
!C4H8OH-1O2[dat]
IQJC4H8OH 2 502.2 5.356 1.8 0.0 1.0
!IC4H7OOH[dat]
IC3H6OHCHO 2 436.4 5.352 0.0 0.0 1.0
!C4H8OH-1O2[dat]
IQC4H8OT 2 502.2 5.356 1.8 0.0 1.0
!C4H8OH-1O2[dat]
IQC4H7OHT 2 502.2 5.356 1.8 0.0 1.0
!IC4H7OOH[dat]
CCY(CCOC)OH 2 436.4 5.352 0.0 0.0 1.0
!C3KET12[dat]
CH2COHCH2OOH 2 464.2 5.009 2.6 0.0 1.0
TC3H6OH 2 459.5 5.036 1.7 0.0 1.0
!C5H10OOH1-2O2[dat]
TQC4H7OHIO2 2 523.2 5.664 1.7 0.0 1.0
!C5H10OOH1-2O2[dat]
TQC4H7OHTO2 2 523.2 5.664 1.7 0.0 1.0
!C5H10OOH1-2O2[dat]
TQC4H7OHIQ-I 2 523.2 5.664 1.7 0.0 1.0
!C5H10OOH1-2O2[dat]
TQC4H7OHIQ-P 2 523.2 5.664 1.7 0.0 1.0
!NC4KET12[dat]
IC3H5COHQ 2 476.0 5.778 2.6 0.0 1.0
!C4H8OOH1-2O2[dat]
CH2CQCOHQ 2 496.0 5.2 0.0 0.0 1.0
!AC3H5OOH[dat]
IC3H5Q 2 481.5 4.997 1.7 0.0 1.0
!IC4H6Q2-II[dat]
COHQCYC(COC) 2 597.176 5.992 0.0 0.0 0.0
!IC4H6Q2-II[dat]
QCYC(CCOC)OH 2 597.176 5.992 0.0 0.0 0.0
!IC4H6Q2-II[dat]
HOCOCQ(CH3)2 2 597.176 5.992 0.0 0.0 0.0
!C5H10OOH1-2O2[dat]
IQC4H7OHTO2 2 523.2 5.664 1.7 0.0 1.0
!C5H10OOH1-2O2[dat]
IQC4H8OTQ-I 2 523.2 5.664 1.7 0.0 1.0
!C5H10OOH1-2O2[dat]
IQC4H7OHTQ-P 2 523.2 5.664 1.7 0.0 1.0
!IC4H6Q2-II[dat]
CHOC(CH3)OHCH2Q 2 597.176 5.992 0.0 0.0 0.0
!C4H8OOH1-2O2[dat]
CO(CH2OOH)2 2 496.0 5.2 0.0 0.0 1.0
!C3H3O2H[dat]
CH3COCHO 2 301.658 5.31 0.0 0.0 1.0
!C4H7O[dat]
IC3H5OCH2 2 496.0 5.2 0.0 0.0 1.0
!C5H10OOH1-2O2[dat]
IC4H7OOCH3 2 523.2 5.664 1.7 0.0 1.0
!C5H10OOH1-2O2[dat]
IC4H7OOIC4H7 2 523.2 5.664 1.7 0.0 1.0
C4H8-1 2 355.0 4.65 0.0 0.0 1.0
C4H8-2 2 355.0 4.65 0.0 0.0 1.0
C4H71-1 2 357.1 4.72 0.0 0.0 1.0
C4H71-2 2 357.1 4.72 0.0 0.0 1.0
C4H71-3 2 357.1 4.72 0.0 0.0 1.0
C4H71-4 2 357.1 4.72 0.0 0.0 1.0
C4H72-2 2 357.1 4.72 0.0 0.0 1.0
C4H71-O 2 496.0 5.2 0.0 0.0 1.0
!PC4H9O[dat]
PC4H8OH-2 2 496.0 5.2 0.0 0.0 1.0
!PC4H9O[dat]
SC4H8OH-1 2 496.0 5.2 0.0 0.0 1.0
!PC4H9O[dat]
SC4H8OH-3 2 496.0 5.2 0.0 0.0 1.0
!IC4H8O[dat]
C4H71-3OH 2 436.4 5.352 0.0 0.0 1.0
!IC4H8O[dat]
C4H71-4OH 2 436.4 5.352 0.0 0.0 1.0
!IC4H8O[dat]
C4H71-1OH 2 436.4 5.352 0.0 0.0 1.0
!IC4H8O[dat]
C4H71-2OH 2 436.4 5.352 0.0 0.0 1.0
!IC4H8O[dat]
C4H72-1OH 2 436.4 5.352 0.0 0.0 1.0
!IC4H8O[dat]
C4H72-2OH 2 436.4 5.352 0.0 0.0 1.0
!C4H8OH-1O2[dat]
SQC4H8OP 2 502.2 5.356 1.8 0.0 1.0
!C4H8OH-1O2[dat]
PQC4H8OS 2 502.2 5.356 1.8 0.0 1.0
!C4H8OH-1O2[dat]
PQC4H7OHS-3 2 502.2 5.356 1.8 0.0 1.0
!IC4H7OOH[dat]
NC4KET12OH 2 436.4 5.352 0.0 0.0 1.0
!C4H8OH-1O2[dat]
SQC4H7OHS-4 2 502.2 5.356 1.8 0.0 1.0
!C4H8OH-1O2[dat]
SQC4H8OS 2 502.2 5.356 1.8 0.0 1.0
!IC4H7OOH[dat]
NC4KET23OH 2 436.4 5.352 0.0 0.0 1.0
!C4H8OH-1O2[dat]
SC4H8OH-3O2 2 502.2 5.356 1.8 0.0 1.0
!IC4H7OOH[dat]
CCY(COCC)OH 2 436.4 5.352 0.0 0.0 1.0
!IC4H7OOH[dat]
C4H7O2-1 2 436.4 5.352 0.0 0.0 1.0
!C4H6[dat]
C4H6-1 2 357.0 4.72 0.0 0.0 1.0
!SC3H5OCH2[dat]
AC3H5OCH2 2 523.2 5.664 1.7 0.0 1.0
IC4H6Q2-II 2 597.176 5.992 0.0 0.0 0.0
C5H10-2 2 396.8 5.458 0.0 0.0 1.0
CC5H10 2 437.102 5.017 0.0 0.0 0.0
!C6H10[dat]
C6H10D24 2 337.788 5.608 0.0 0.0 1.0
C5H91-3 2 396.8 5.458 0.0 0.0 1.0
C5H92-4 2 396.8 5.458 0.0 0.0 1.0
C5H92-5 2 396.8 5.458 0.0 0.0 1.0
C5H91-4 2 396.8 5.458 0.0 0.0 1.0
C5H91-5 2 396.8 5.458 0.0 0.0 1.0
C5H9O2-4 2 523.2 5.664 1.7 0.0 1.0
!C4H7O[dat]
SC3H5OCH2-1 2 496.0 5.2 0.0 0.0 1.0
!C6H5OOH[dat]
C8H141-5,3-4 2 464.8 5.29 0.0 10.32 0.0
!C6H5OOH[dat]
C8H141-5,3 2 464.8 5.29 0.0 10.32 0.0
!C6H5OOH[dat]
C8H142-6 2 464.8 5.29 0.0 10.32 0.0
!O2CH2OCH2O2H[dat]
C8H131-5,3-4,TA 2 395.0 4.037 1.3 0.0 1.0
!O2CH2OCH2O2H[dat]
C8H131-5,3,TA 2 395.0 4.037 1.3 0.0 1.0
!O2CH2OCH2O2H[dat]
C8H131-5,3,SA 2 395.0 4.037 1.3 0.0 1.0
!O2CH2OCH2O2H[dat]
C8H131-5,3,PA 2 395.0 4.037 1.3 0.0 1.0
!O2CH2OCH2O2H[dat]
C8H132-6,SA 2 395.0 4.037 1.3 0.0 1.0
!O2CH2OCH2O2H[dat]
C8H132-6,PA 2 395.0 4.037 1.3 0.0 1.0
!C6H10[dat]
C6H101-3,3 2 337.788 5.608 0.0 0.0 1.0
!NC7KET12[dat]
C8H131-5,3-4,TAO 2 581.3 6.506 2.0 0.0 1.0
!NC7KET12[dat]
C8H131-5,3,TAO 2 581.3 6.506 2.0 0.0 1.0
!NC7KET12[dat]
C8H131-5,3,SAO 2 581.3 6.506 2.0 0.0 1.0
!NC7KET12[dat]
C8H131-5,3,PAO 2 581.3 6.506 2.0 0.0 1.0
!NC7KET12[dat]
C8H132-6,SAO 2 581.3 6.506 2.0 0.0 1.0
!NC7KET12[dat]
C8H132-6,PAO 2 581.3 6.506 2.0 0.0 1.0
!C6H5OH[dat]
C7H111-5,3,6P 2 450.0 5.5 0.0 0.0 1.0
!C6H5OH[dat]
C7H111-5,1P 2 450.0 5.5 0.0 0.0 1.0
!C4H7O[dat]
C4H64,2-1OH 2 496.0 5.2 0.0 0.0 1.0
!C4H7O[dat]
C4H63,1-1OH 2 496.0 5.2 0.0 0.0 1.0
!C4H7O[dat]
C4H63,1-3OH 2 496.0 5.2 0.0 0.0 1.0
!C4H7O[dat]
C4H63,1-2OH 2 496.0 5.2 0.0 0.0 1.0
!IC3H6CO[dat]
C4H5OH-13 2 436.4 5.352 0.0 0.0 1.0
!C4H8OH-1O2[dat]
SQC4H7OHP-4 2 502.2 5.356 1.8 0.0 1.0
!IC4H7OOH[dat]
CY(CCCO)COH 2 436.4 5.352 0.0 0.0 1.0
!IC4H7OOH[dat]
NC4KET21OH 2 436.4 5.352 0.0 0.0 1.0
!TC3H6OCHO[dat]
C2H5CHOHCO 2 436.4 5.352 0.0 0.0 1.0
!TC3H6OCHO[dat]
CH3COCOHCH3 2 436.4 5.352 0.0 0.0 1.0
!TC3H6OCHO[dat]
C2H4COCH2OH 2 436.4 5.352 0.0 0.0 1.0
!C3H3O2H[dat]
CH3COHCO 2 301.658 5.31 0.0 0.0 1.0
!C3H3O2H[dat]
CH2COHCHO 2 301.658 5.31 0.0 0.0 1.0
!C5H10OOH1-2O2[dat]
SQC4H7OHP-4O2 2 523.2 5.664 1.7 0.0 1.0
!C5H10OOH1-2O2[dat]
PQC4H7OHS-3O2 2 523.2 5.664 1.7 0.0 1.0
!C5H10OOH1-2O2[dat]
SQC4H7OHS-4O2 2 523.2 5.664 1.7 0.0 1.0
!C5H10OOH1-2O2[dat]
C4H7O2-1,3OOH 2 523.2 5.664 1.7 0.0 1.0
!IC4H6Q2-II[dat]
NC4KET13OH-2 2 597.176 5.992 0.0 0.0 0.0
!IC4H6Q2-II[dat]
NC4KET24OH-1 2 597.176 5.992 0.0 0.0 0.0
!IC4H6Q2-II[dat]
NC4KET24OH-3 2 597.176 5.992 0.0 0.0 0.0
!NC4KET12[dat]
C4H6OHOOH1-4-3 2 476.0 5.778 2.6 0.0 1.0
!NC4KET12[dat]
C4H6OHOOH2-2-1 2 476.0 5.778 2.6 0.0 1.0
!NC4KET12[dat]
C4H6OHOOH1-3-4 2 476.0 5.778 2.6 0.0 1.0
!NC4KET12[dat]
C4H6OHOOH1-2-3 2 476.0 5.778 2.6 0.0 1.0
!CH3OCHO[dat]
HOCH2CHO 2 395.0 4.037 1.3 0.0 1.0
!C4H8O2-3[dat]
C4H71-4OOH 2 496.0 5.2 0.0 0.0 1.0
!TC3H6OCHO[dat]
C4H71-4O2 2 436.4 5.352 0.0 0.0 1.0
!TC3H6OCHO[dat]
C4H61-3OOH4 2 436.4 5.352 0.0 0.0 1.0
!TC3H6O2CHO[dat]
C4H6O1-3OOH4 2 436.4 5.352 0.0 0.0 1.0
!TC3H6O2CHO[dat]
C4H6O2-1OOH4 2 436.4 5.352 0.0 0.0 1.0
!CH3COCH2O[dat]
HOCH2COCH2 2 447.639 5.086 0.0 0.0 0.0
!CH3CO2[dat]
HOCH2CO 2 436.0 3.97 0.0 0.0 2.0
!CH3CO2[dat]
HOCHCHO 2 436.0 3.97 0.0 0.0 2.0
!C3H5O[dat]
PC3H4OH-3 2 411.0 4.82 0.0 0.0 1.0
!C3H5O[dat]
PC3H4OH-1 2 411.0 4.82 0.0 0.0 1.0
!CH3COCH2O[dat]
CH3COCHOH 2 447.639 5.086 0.0 0.0 0.0
!CH3CO[dat]
SC2H2OH 2 436.0 3.97 0.0 0.0 2.0
!PC4H9O[dat]
PC4H8OH-1 2 496.0 5.2 0.0 0.0 1.0
!PC4H9O[dat]
PC4H8OH-3 2 496.0 5.2 0.0 0.0 1.0
C4H7O1-4 2 476.0 5.778 2.6 0.0 1.0
!PC4H9O[dat]
PC4H8OH-4 2 496.0 5.2 0.0 0.0 1.0
!PC4H9O[dat]
SC4H8OH-2 2 496.0 5.2 0.0 0.0 1.0
!HOC*CCJ*O[dat]
CH2COHCO 2 435.2 4.662 2.7 0.0 1.0
!TC3H6OCHO[dat]
C4H72-2O2 2 436.4 5.352 0.0 0.0 1.0
!TC3H6OCHO[dat]
C4H71-1O2 2 436.4 5.352 0.0 0.0 1.0
!TC3H6OCHO[dat]
C4H71-2O2 2 436.4 5.352 0.0 0.0 1.0
!NC3H7O[dat]
C3H6OH1-1 2 481.5 4.997 1.7 0.0 1.0
!C4H8OH-1O2[dat]
PC4H8OH-2O2 2 502.2 5.356 1.8 0.0 1.0
!C4H8OH-1O2[dat]
SC4H8OH-1O2 2 502.2 5.356 1.8 0.0 1.0
!C5H10OOH1-2O2[dat]
C4H71-3OOCH3 2 523.2 5.664 1.7 0.0 1.0
!C5H10OOH1-2O2[dat]
C4H72-1OOCH3 2 523.2 5.664 1.7 0.0 1.0
C4H6 2 357.0 4.72 0.0 0.0 1.0
C4H612 2 357.0 5.18 0.0 0.0 1.0
C4H6-2 2 357.0 5.18 0.0 0.0 1.0
C4H5-I 2 357.0 5.18 0.0 0.0 1.0
C4H5-N 2 357.0 5.18 0.0 0.0 1.0
C4H5-2 2 357.0 5.18 0.0 0.0 1.0
C4H4 2 357.0 5.18 0.0 0.0 1.0
C4H3-I 2 357.0 5.18 0.0 0.0 1.0
C4H3-N 2 357.0 5.18 0.0 0.0 1.0
C4H2 1 357.0 4.72 0.0 0.0 1.0
C4H6O25 1 357.0 5.18 0.0 0.0 1.0
C2H3CHOCH2 1 357.0 5.18 0.0 0.0 1.0
C4H4O 1 357.0 5.18 0.0 0.0 1.0
C4H6O23 1 357.0 5.18 0.0 0.0 1.0
CH2CHCHCHO 1 357.0 5.18 0.0 0.0 1.0
H2C4O 2 357.0 5.18 0.0 0.0 1.0
NC3H7CHO 2 464.2 5.009 2.6 0.0 1.0
NC3H7CO 2 464.2 5.009 2.6 0.0 1.0
C3H6CHO-1 2 464.2 5.009 2.6 0.0 1.0
C3H6CHO-2 2 464.2 5.009 2.6 0.0 1.0
C3H6CHO-3 2 464.2 5.009 2.6 0.0 1.0
SC3H5CHO 2 464.2 5.009 2.6 0.0 1.0
SC3H5CO 2 464.2 5.009 2.6 0.0 1.0
C2H5COCH3 2 454.0 5.413 3.3 0.0 1.0
C2H5COCH2 2 454.0 5.413 3.3 0.0 1.0
CH2CH2COCH3 2 440.584 5.04 0.0 0.0 0.0
CH3CHCOCH3 2 440.584 5.04 0.0 0.0 0.0
C2H3COCH3 2 454.0 5.413 3.3 0.0 1.0
CH3CHOOCOCH3 2 546.562 5.698 0.0 0.0 0.0
CH2CHOOHCOCH3 2 546.562 5.698 0.0 0.0 0.0
C2H5CHCO 2 436.95 5.016 0.0 0.0 0.0
C5H10-1 2 386.2 5.489 0.4 0.0 1.0
C5H81-3 2 408.0 5.2 0.0 0.0 1.0
C5H9O1-3 2 523.2 5.664 1.7 0.0 1.0
BC5H10 2 391.4 5.55 0.0 0.0 1.0
!C5H91-3[dat]
CC5H9-A 2 396.8 5.458 0.0 0.0 1.0
!C5H91-3[dat]
CC5H9-B 2 396.8 5.458 0.0 0.0 1.0
!C5H91-3[dat]
AC5H9O-C 2 396.8 5.458 0.0 0.0 1.0
!C5H91-3[dat]
CC5H9O-B 2 396.8 5.458 0.0 0.0 1.0
AC5H10 2 386.6 5.532 0.5 0.0 1.0
!C5H91-3[dat]
AC5H9-A2 2 396.8 5.458 0.0 0.0 1.0
!C5H91-3[dat]
AC5H9-C 2 396.8 5.458 0.0 0.0 1.0
!C5H91-3[dat]
AC5H9-D 2 396.8 5.458 0.0 0.0 1.0
!C5H9O1-3[dat]
B2E2M1OJ 2 523.2 5.664 1.7 0.0 1.0
!C5H81-3[dat]
B13DE2M 2 408.0 5.2 0.0 0.0 1.0
!C5H7[dat]
B13DE2MJ 2 408.0 5.2 0.0 0.0 1.0
!C5H81-3[dat]
B12DE3M 2 408.0 5.2 0.0 0.0 1.0
!C5H9O1-3[dat]
B2E3M1OJ 2 523.2 5.664 1.7 0.0 1.0
TC4H8CHO 2 476.0 5.778 2.6 0.0 1.0
O2C4H8CHO 2 588.531 5.942 0.0 0.0 0.0
O2HC4H8CO 2 588.531 5.942 0.0 0.0 0.0
!C6H10[dat]
C6H101-5 2 337.788 5.608 0.0 0.0 1.0
C6H9-A 2 346.876 5.564 0.0 0.0 1.0
!C6H5OOH[dat]
H15DE25DM 2 464.8 5.29 0.0 10.32 0.0
!O2CH2OCH2O2H[dat]
H15DE25DM-S 2 395.0 4.037 1.3 0.0 1.0
!O2CH2OCH2O2H[dat]
H15DE25DM-A 2 395.0 4.037 1.3 0.0 1.0
!C4H8OOH1-2O2[dat]
H15DE25DM-AO 2 496.0 5.2 0.0 0.0 1.0
!C4H8OOH1-2O2[dat]
H15DE25DM-SO 2 496.0 5.2 0.0 0.0 1.0
!C6H5OH[dat]
H15DE2M-T 2 450.0 5.5 0.0 0.0 1.0
IC4H7CHO 2 476.0 5.778 2.6 0.0 1.0
L-C6H4 2 412.3 5.349 0.0 0.0 1.0
C-C6H4 2 464.8 5.29 0.0 10.32 0.0
C6H3 2 357.0 5.18 0.0 0.0 1.0
C6H2 1 408.0 5.2 0.0 0.0 1.0
C6H6 2 468.5 5.23 0.0 10.3 1.0
FULVENE 2 468.5 5.23 0.0 0.0 1.0
C6H5 2 412.3 5.349 0.0 0.0 1.0
C6H5OO 2 464.8 5.29 0.0 10.32 0.0
C6H5OOH 2 464.8 5.29 0.0 10.32 0.0
C6H5OH 2 450.0 5.5 0.0 0.0 1.0
C6H5O 2 450.0 5.5 0.0 0.0 1.0
C6H4OH 2 464.8 5.29 0.0 10.32 0.0
OC6H4OH 2 621.1 5.64 0.0 0.0 1.0
O-C6H4O2 2 450.0 5.5 0.0 0.0 1.0
P-C6H4O2 2 450.0 5.5 0.0 0.0 1.0
O-OC6H5OJ 2 450.0 5.5 0.0 0.0 1.0
P-OC6H5OJ 2 450.0 5.5 0.0 0.0 1.0
P-C6H3O2 2 450.0 5.5 0.0 0.0 1.0
C5H6 1 408.0 5.2 0.0 0.0 1.0
C5H5 1 408.0 5.2 0.0 0.0 1.0
C5H6-L 2 408.0 5.2 0.0 0.0 1.0
C#CCVCCJ 2 408.0 5.2 0.0 0.0 1.0
C5H7 2 408.0 5.2 0.0 0.0 1.0
CVCCJCVC 2 408.0 5.2 0.0 0.0 1.0
CVCCVCCJ 2 408.0 5.2 0.0 0.0 1.0
CVCCJCVCOH 2 523.2 5.664 1.7 0.0 1.0
HOCVCCVO 2 435.2 4.662 2.7 0.0 1.0
CVCCVCCOH 2 523.2 5.664 1.7 0.0 1.0
OC5H7O 2 496.0 5.2 0.0 0.0 1.0
OC4H6O 2 496.0 5.2 0.0 0.0 1.0
OC4H5O 2 496.0 5.2 0.0 0.0 1.0
O2CCHOOJ 2 470.6 4.41 0.0 0.0 1.5
HOCVCCJVO 2 435.2 4.662 2.7 0.0 1.0
C5H5OH 2 450.0 5.5 0.0 0.0 1.0
C5H5O 2 450.0 5.5 0.0 0.0 1.0
C5H4OH 2 450.0 5.5 0.0 0.0 1.0
C5H4O 2 450.0 5.5 0.0 0.0 1.0
C5H3O 2 511.398 5.357 0.0 0.0 1.0
CJVCCVCCVO 2 523.2 5.664 1.7 0.0 1.0
CVCCVCCJVO 2 523.2 5.664 1.7 0.0 1.0
!C2H3CO[dat]
CJVCCVO 2 443.2 4.12 0.0 0.0 1.0
END