o2cho              2   436.000     3.970     0.000     0.000     2.000 ! wjp
ho2cho             2   436.000     3.970     0.000     0.000     2.000 ! wjp
ocho               2   498.000     3.590     0.000     0.000     2.000 ! wjp
oh*           1    80.000     2.750     0.000     0.000     0.000  !same as OH
ch                 1    80.000     2.750     0.000     0.000     0.000
c2h                1   265.300     3.721     0.000     0.000     2.500 ! nmm
c                  0    71.400     3.298     0.000     0.000     0.000 ! *
ch*                1    80.000     2.750     0.000     0.000     0.000!wkm
hoch2o             2   470.600     4.410     0.000     0.000     1.500 ! wjp
hocho              2   436.000     3.970     0.000     0.000     2.000 ! wjp
och2o2h            2   481.800     3.626     1.7       0.000     1.000 ! wjp: ch3oh
hoch2o2            2   481.800     3.626     1.7       0.000     1.000 ! wjp: ch3oh
hcoh               2   498.000     3.590     0.000     0.000     1.000
ch3o2              2   481.800     3.626     0.000     0.000     1.000 ! wjp
ch3o2h             2   481.800     3.626     0.000     0.000     1.000 ! wjp
ch2(s)             1   144.000     3.800     0.000     0.000     0.000
hoch2o2h           2   481.800     3.626     1.7       0.000     1.000 ! wjp: ch3oh
c3h5o              2   411.000     4.820     0.000     0.000     1.000 ! nmm
c2h3cho               2   428.8   4.958   2.9 0.0 1.0 !   wjp: TcPc acrolein, Poling, 4th Ed.
c2h3co             2   443.200     4.120     0.000     0.000     1.000 ! nmm
ch2cho             2   436.000     3.970     0.000     0.000     2.000
ch2                1   144.000     3.800     0.000     0.000     0.000
c2h5o2             2   470.600     4.410     0.000     0.000     1.500 ! wjp    
c2h5o              2   470.600     4.410     0.000     0.000     1.500 ! nmm
nc4h9cho              2   476.0   5.778   2.6 0.0 1.0 !   TcPc, Poling, 4th Ed.
nc4h9co               2   476.0   5.778   2.6 0.0 1.0 !   wjp
c4h8                         2   355.000     4.650     0.000     0.000     1.000 ! nmm
ic4h8                        2   344.5       5.089     0.5       0.0       1.0 
ic4h7                        2   355.0       4.650     0.0       0.0       1.000 
tc4h9oh                      2   620.840     2.370     1.670     8.880     1.000 
tc4h8oh                      2   620.840     2.370     1.670     8.880     1.000 
tc4h8oho2                    2   620.840     2.370     1.670     8.880     1.000 
tc4h7ohooh                   2   620.840     2.370     1.670     8.880     1.000 
tc4h7ohooho2                 2   620.840     2.370     1.670     8.880     1.000 
tc4ohket                     2   620.840     2.370     1.670     8.880     1.000 
ic4h9oh                      2   641.920     2.400     1.670     8.880     1.000
ic4h8oh                      2   641.920     2.400     1.670     8.880     1.000
ic4h8oho2                    2   641.920     2.400     1.670     8.880     1.000
ic4h7ohooh                   2   641.920     2.400     1.670     8.880     1.000
ic4h7ohooho2                 2   641.920     2.400     1.670     8.880     1.000
ic4ohket                     2   641.920     2.400     1.670     8.880     1.000
ch3chchoh                    2   496.000     5.200     0.000     0.000     1.000
c2h5cho                      2   435.200     4.662     2.700     0.000     1.000
c2h5co                       2   424.600     4.820     0.000     0.000     1.000
ch3cho                       2   436.000     3.970     0.000     0.000     2.000
ch3co                        2   436.000     3.970     0.000     0.000     2.000
c2h3oh                       2   384.335     4.927     0.000     0.000     1.000 
ch3coch2                     2   435.500     4.860     0.000     0.000     1.000 
ch3co                        2   436.000     3.970     0.000     0.000     2.000
sc4h9oh                      2   641.920     2.400     1.670     8.880     1.000
sc4h8oh                      2   641.920     2.400     1.670     8.880     1.000
sc4h8oho2                    2   641.920     2.400     1.670     8.880     1.000
sc4h7ohooh                   2   641.920     2.400     1.670     8.880     1.000
sc4h7ohooho2                 2   641.920     2.400     1.670     8.880     1.000
sc4ohket                     2   641.920     2.400     1.670     8.880     1.000
ic3h5oh                      2   459.500     5.036     1.700     0.000     1.000
ch3coch3                     2   435.500     4.860     0.000     0.000     1.000
c2h5coch3                    2   454.000     5.413     3.300     0.000     1.000
c4h8-1                       2   355.000     4.650     0.000     0.000     1.000
nc4h9oh                      2   503.070     5.340     1.670     8.880     1.000
nc4h8oh                      2   503.070     5.340     1.670     8.880     1.000
nc4h8oho2                    2   503.070     5.340     1.670     8.880     1.000
nc4h7ohooh                   2   503.070     5.340     1.670     8.880     1.000
nc4h7ohooho2                 2   503.070     5.340     1.670     8.880     1.000
nc4ohket                     2   503.070     5.340     1.670     8.880     1.000
c3h4                         1   324.800     4.290     0.000     0.000     1.000
c3h5                         2   316.000     4.220     0.000     0.000     1.000
c3h6                         2   307.800     4.140     0.000     0.000     1.000
c3h7                         2   303.400     4.810     0.000     0.000     1.000
h                            0   145.000     2.050     0.000     0.000     0.000
o                            0    80.000     2.750     0.000     0.000     0.000
co                           1    98.100     3.650     0.000     1.950     1.800
he                           0    10.200     2.576     0.000     0.000     0.000
n2                           1    97.530     3.621     0.000     1.760     4.000
o2                           1   107.400     3.458     0.000     1.600     3.800
oh                           1    80.000     2.750     0.000     0.000     0.000
ar                           0   136.500     3.330     0.000     0.000     0.000
h2o                          2   572.400     2.605     1.844     0.000     4.000
ch3                          1   144.000     3.800     0.000     0.000     0.000
co2                          1   244.000     3.763     0.000     2.650     2.100
ho2                          2   107.400     3.458     0.000     0.000     1.000
ch4                          2   141.400     3.746     0.000     2.600    13.000
hco                          2   498.000     3.590     0.000     0.000     0.000
c2h6                         2   247.500     4.350     0.000     0.000     1.500
hcco                         2   150.000     2.500     0.000     0.000     1.000
c2h5                         2   247.500     4.350     0.000     0.000     1.500
ch2o                         2   498.000     3.590     0.000     0.000     2.000
c2h4                         2   238.400     3.496     0.000     0.000     1.500
h2o2                         2   107.400     3.458     0.000     0.000     3.800
c2h3                         2   265.300     3.721     0.000     0.000     1.000
c2h2                         1   265.300     3.721     0.000     0.000     2.500
ch3oh                        2   481.800     3.626     0.000     0.000     1.000
ch2co                        2   436.000     3.970     0.000     0.000     2.000
h2                           1    38.000     2.920     0.000     0.790   280.000
ch3o                         2   417.000     3.690     1.700     0.000     2.000
ch2oh                        2   417.000     3.690     1.700     0.000     2.000
c5h11oh                      2   524.2       5.649     1.67      10.42     1 
c5h10oh                      2   524.2       5.649     1.67      10.42     1 
c5h10oho2                    2   524.2       5.649     1.67      10.42     1 
c5h9ohooh                    2   524.2       5.649     1.67      10.42     1 
c5h9ohooho2                  2   524.2       5.649     1.67      10.42     1 
c5ohket                      2   524.2       5.649     1.67      10.42     1 