!
! generated by KUCRS rev. 2011.01.07m14 (c) 2002-2017 by A. Miyoshi
!  on Oct 20, 2019.
!
! Transport data generated by trangen (Oct 20, 2019)
C9H20              2   451.3     6.586     0.0       0.0      1.0
C9H19a             2   451.3     6.586     0.0       0.0      1.0
C9H19b             2   451.3     6.586     0.0       0.0      1.0
C9H19c             2   451.3     6.586     0.0       0.0      1.0
C9H19d             2   451.3     6.586     0.0       0.0      1.0
C9H19e             2   451.3     6.586     0.0       0.0      1.0
C8H17a             2   433.5     6.350     0.0       0.0      1.0
C7H15a             2   415.4     6.094     0.0       0.0      1.0
nC3H7              2   339.3     4.758     0.0       0.0      1.0
C6H13a             2   397.0     5.816     0.0       0.0      1.0
nC4H9              2   359.1     5.160     0.0       0.0      1.0
C5H11a             2   378.3     5.507     0.0       0.0      1.0
C9H19OOa           2   539.3     6.733     0.0       0.0      1.0
C9H19Oa            2   521.4     6.662     0.0       0.0      1.0
C3H6               2   339.3     4.606     0.0       0.0      1.0
C9H19OOb           2   541.2     6.710     0.0       0.0      1.0
C9H19Ob            2   523.4     6.638     0.0       0.0      1.0
C8H16a             2   433.5     6.265     0.0       0.0      1.0
n1C4H8             2   359.1     5.031     0.0       0.0      1.0
C9H19OOc           2   541.2     6.710     0.0       0.0      1.0
C9H19Oc            2   523.4     6.638     0.0       0.0      1.0
C7H14a             2   415.4     6.003     0.0       0.0      1.0
C5H10a             2   378.3     5.395     0.0       0.0      1.0
C9H19OOd           2   541.2     6.710     0.0       0.0      1.0
C9H19Od            2   523.4     6.638     0.0       0.0      1.0
C6H12a             2   397.1     5.715     0.0       0.0      1.0
C9H19OOe           2   541.2     6.710     0.0       0.0      1.0
C9H19Oe            2   523.4     6.638     0.0       0.0      1.0
C8H17b             2   433.5     6.350     0.0       0.0      1.0
C8H17OOa           2   521.6     6.508     0.0       0.0      1.0
C8H17Oa            2   503.8     6.432     0.0       0.0      1.0
C7H15b             2   415.4     6.094     0.0       0.0      1.0
C7H15c             2   415.4     6.094     0.0       0.0      1.0
C7H15OOa           2   504.0     6.265     0.0       0.0      1.0
C7H15Oa            2   486.1     6.183     0.0       0.0      1.0
nC3H7OO            2   433.2     5.031     0.0       0.0      1.0
nC3H7O             2   414.7     4.902     0.0       0.0      1.0
C6H13b             2   397.0     5.816     0.0       0.0      1.0
C6H13c             2   397.0     5.816     0.0       0.0      1.0
C6H13OOa           2   486.4     6.003     0.0       0.0      1.0
C6H13Oa            2   468.5     5.913     0.0       0.0      1.0
nC4H9OO            2   451.1     5.395     0.0       0.0      1.0
nC4H9O             2   432.8     5.283     0.0       0.0      1.0
C5H11b             2   378.3     5.507     0.0       0.0      1.0
C5H11OOa           2   468.8     5.715     0.0       0.0      1.0
C5H11Oa            2   450.7     5.616     0.0       0.0      1.0
C9H18a             2   451.3     6.508     0.0       0.0      1.0
C9H18OOHa          2   539.3     6.733     0.0       0.0      1.0
C9H18OOHb          2   539.3     6.733     0.0       0.0      1.0
C9H18OOHc          2   539.3     6.733     0.0       0.0      1.0
C9H18OOHd          2   539.3     6.733     0.0       0.0      1.0
C9H19OOHa          2   539.3     6.733     0.0       0.0      1.0
aC3H5              2   339.3     4.606     0.0       0.0      1.0
C9H18b             2   461.1     6.503     0.0       0.0      1.0
C9H18OOHe          2   541.2     6.710     0.0       0.0      1.0
C9H18OOHf          2   541.2     6.710     0.0       0.0      1.0
C9H18OOHg          2   541.2     6.710     0.0       0.0      1.0
C9H18OOHh          2   541.2     6.710     0.0       0.0      1.0
C9H18OOHi          2   541.2     6.710     0.0       0.0      1.0
C9H19OOHb          2   541.2     6.710     0.0       0.0      1.0
C7H15CHOa          2   477.9     6.423     0.0       0.0      1.0
aC8H15a            2   433.5     6.265     0.0       0.0      1.0
nC4H7a             2   359.1     5.031     0.0       0.0      1.0
C9H18c             2   461.1     6.503     0.0       0.0      1.0
C9H18OOHj          2   541.2     6.710     0.0       0.0      1.0
C9H18OOHk          2   541.2     6.710     0.0       0.0      1.0
C9H18OOHl          2   541.2     6.710     0.0       0.0      1.0
C9H18OOHm          2   541.2     6.710     0.0       0.0      1.0
C9H18OOHn          2   541.2     6.710     0.0       0.0      1.0
C9H18OOHo          2   541.2     6.710     0.0       0.0      1.0
C9H19OOHc          2   541.2     6.710     0.0       0.0      1.0
C6H13CHOa          2   460.5     6.174     0.0       0.0      1.0
C2H5CHO            2   388.4     4.887     0.0       0.0      1.0
aC7H13a            2   415.4     6.003     0.0       0.0      1.0
aC5H9a             2   378.3     5.395     0.0       0.0      1.0
C9H18d             2   461.1     6.503     0.0       0.0      1.0
C9H18OOHp          2   541.2     6.710     0.0       0.0      1.0
C9H18OOHq          2   541.2     6.710     0.0       0.0      1.0
C9H18OOHr          2   541.2     6.710     0.0       0.0      1.0
C9H18OOHs          2   541.2     6.710     0.0       0.0      1.0
C9H18OOHt          2   541.2     6.710     0.0       0.0      1.0
C9H18OOHu          2   541.2     6.710     0.0       0.0      1.0
C9H18OOHv          2   541.2     6.710     0.0       0.0      1.0
C9H19OOHd          2   541.2     6.710     0.0       0.0      1.0
C5H11CHOa          2   442.9     5.903     0.0       0.0      1.0
nC3H7CHO           2   406.9     5.270     0.0       0.0      1.0
aC6H11a            2   397.1     5.715     0.0       0.0      1.0
C9H18OOHw          2   541.2     6.710     0.0       0.0      1.0
C9H18OOHx          2   541.2     6.710     0.0       0.0      1.0
C9H18OOHy          2   541.2     6.710     0.0       0.0      1.0
C9H18OOHz          2   541.2     6.710     0.0       0.0      1.0
C9H19OOHe          2   541.2     6.710     0.0       0.0      1.0
C4H9CHOa           2   425.1     5.605     0.0       0.0      1.0
C8H17c             2   433.5     6.350     0.0       0.0      1.0
C8H17OOb           2   523.7     6.483     0.0       0.0      1.0
C8H17Ob            2   505.9     6.406     0.0       0.0      1.0
C8H16OOHa          2   521.6     6.508     0.0       0.0      1.0
C8H16OOHb          2   521.6     6.508     0.0       0.0      1.0
C8H16OOHc          2   521.6     6.508     0.0       0.0      1.0
C8H16OOHd          2   521.6     6.508     0.0       0.0      1.0
C8H17OOHa          2   521.6     6.508     0.0       0.0      1.0
C7H15OOb           2   506.2     6.238     0.0       0.0      1.0
C7H15Ob            2   488.4     6.156     0.0       0.0      1.0
C7H15d             2   415.4     6.094     0.0       0.0      1.0
C7H15OOc           2   506.2     6.238     0.0       0.0      1.0
C7H15Oc            2   488.4     6.156     0.0       0.0      1.0
C7H14OOHa          2   504.0     6.265     0.0       0.0      1.0
C7H14OOHb          2   504.0     6.265     0.0       0.0      1.0
C7H14OOHc          2   504.0     6.265     0.0       0.0      1.0
C7H14OOHd          2   504.0     6.265     0.0       0.0      1.0
C7H15OOHa          2   504.0     6.265     0.0       0.0      1.0
C3H6OOHab          2   433.2     5.031     0.0       0.0      1.0
C3H6OOHac          2   433.2     5.031     0.0       0.0      1.0
nC3H7OOH           2   433.2     5.031     0.0       0.0      1.0
C6H13OOb           2   488.7     5.973     0.0       0.0      1.0
C6H13Ob            2   470.9     5.883     0.0       0.0      1.0
C6H13OOc           2   488.7     5.973     0.0       0.0      1.0
C6H13Oc            2   470.9     5.883     0.0       0.0      1.0
C6H12OOHa          2   486.4     6.003     0.0       0.0      1.0
C6H12OOHb          2   486.4     6.003     0.0       0.0      1.0
C6H12OOHc          2   486.4     6.003     0.0       0.0      1.0
C6H12OOHd          2   486.4     6.003     0.0       0.0      1.0
C6H13OOHa          2   486.4     6.003     0.0       0.0      1.0
C4H8OOHab          2   451.1     5.395     0.0       0.0      1.0
C4H8OOHac          2   451.1     5.395     0.0       0.0      1.0
C4H8OOHad          2   451.1     5.395     0.0       0.0      1.0
nC4H9OOH           2   451.1     5.395     0.0       0.0      1.0
C5H11OOb           2   471.2     5.682     0.0       0.0      1.0
C5H11Ob            2   453.2     5.582     0.0       0.0      1.0
C5H10OOHa          2   468.8     5.715     0.0       0.0      1.0
C5H10OOHb          2   468.8     5.715     0.0       0.0      1.0
C5H10OOHc          2   468.8     5.715     0.0       0.0      1.0
C5H10OOHd          2   468.8     5.715     0.0       0.0      1.0
C5H11OOHa          2   468.8     5.715     0.0       0.0      1.0
aC9H17a            2   451.3     6.508     0.0       0.0      1.0
C9H18cyOa          2   491.9     6.491     0.0       0.0      1.0
HOOC9H18OOa        2   631.1     6.852     0.0       0.0      1.0
C9H18cyOb          2   498.7     6.461     0.0       0.0      1.0
HOOC9H18OOb        2   631.1     6.852     0.0       0.0      1.0
C9H18cyOc          2   505.6     6.436     0.0       0.0      1.0
HOOC9H18OOc        2   631.1     6.852     0.0       0.0      1.0
C9H18cyOd          2   512.6     6.410     0.0       0.0      1.0
HOOC9H18OOd        2   631.1     6.852     0.0       0.0      1.0
aC9H17b            2   461.1     6.503     0.0       0.0      1.0
C8H15Oa            2   477.9     6.423     0.0       0.0      1.0
C9H18cyOe          2   494.8     6.466     0.0       0.0      1.0
HOOC9H18OOe        2   632.3     6.829     0.0       0.0      1.0
C9H18cyOf          2   501.6     6.436     0.0       0.0      1.0
HOOC9H18OOf        2   632.3     6.829     0.0       0.0      1.0
C9H18cyOg          2   508.7     6.410     0.0       0.0      1.0
HOOC9H18OOg        2   632.3     6.829     0.0       0.0      1.0
C9H18cyOh          2   515.9     6.384     0.0       0.0      1.0
HOOC9H18OOh        2   632.3     6.829     0.0       0.0      1.0
HOOC9H18OOi        2   631.1     6.852     0.0       0.0      1.0
C7H15COa           2   477.9     6.423     0.0       0.0      1.0
C7H13Oa            2   460.5     6.174     0.0       0.0      1.0
C9H18cyOi          2   494.8     6.466     0.0       0.0      1.0
HOOC9H18OOj        2   632.3     6.829     0.0       0.0      1.0
C9H18cyOj          2   501.6     6.436     0.0       0.0      1.0
HOOC9H18OOk        2   632.3     6.829     0.0       0.0      1.0
C9H18cyOk          2   508.7     6.410     0.0       0.0      1.0
HOOC9H18OOl        2   632.3     6.829     0.0       0.0      1.0
C9H18cyOl          2   515.9     6.384     0.0       0.0      1.0
HOOC9H18OOm        2   632.3     6.829     0.0       0.0      1.0
HOOC9H18OOn        2   632.3     6.829     0.0       0.0      1.0
HOOC9H18OOo        2   631.1     6.852     0.0       0.0      1.0
C6H13COa           2   460.5     6.174     0.0       0.0      1.0
C2H5CO             2   388.4     4.887     0.0       0.0      1.0
CH3CHCHO           2   388.4     4.887     0.0       0.0      1.0
aC9H17c            2   461.1     6.503     0.0       0.0      1.0
C6H11Oa            2   442.9     5.903     0.0       0.0      1.0
HOOC9H18OOp        2   631.1     6.852     0.0       0.0      1.0
HOOC9H18OOq        2   632.3     6.829     0.0       0.0      1.0
HOOC9H18OOr        2   632.3     6.829     0.0       0.0      1.0
C9H18cyOm          2   494.8     6.466     0.0       0.0      1.0
HOOC9H18OOs        2   632.3     6.829     0.0       0.0      1.0
C9H18cyOn          2   501.6     6.436     0.0       0.0      1.0
HOOC9H18OOt        2   632.3     6.829     0.0       0.0      1.0
HOOC9H18OOu        2   632.3     6.829     0.0       0.0      1.0
HOOC9H18OOv        2   632.3     6.829     0.0       0.0      1.0
C5H11COa           2   442.9     5.903     0.0       0.0      1.0
nC3H7CO            2   406.9     5.270     0.0       0.0      1.0
C3H6vCHO           2   406.9     5.270     0.0       0.0      1.0
HOOC9H18OOw        2   631.1     6.852     0.0       0.0      1.0
HOOC9H18OOx        2   632.3     6.829     0.0       0.0      1.0
HOOC9H18OOy        2   632.3     6.829     0.0       0.0      1.0
HOOC9H18OOz        2   632.3     6.829     0.0       0.0      1.0
C4H9COa            2   425.1     5.605     0.0       0.0      1.0
C4H8vCHOa          2   425.1     5.605     0.0       0.0      1.0
C8H17d             2   433.5     6.350     0.0       0.0      1.0
C8H17OOc           2   523.7     6.483     0.0       0.0      1.0
C8H17Oc            2   505.9     6.406     0.0       0.0      1.0
C8H16b             2   443.5     6.261     0.0       0.0      1.0
C8H16c             2   443.5     6.261     0.0       0.0      1.0
C8H16OOHe          2   523.7     6.483     0.0       0.0      1.0
C8H16OOHf          2   523.7     6.483     0.0       0.0      1.0
C8H16OOHg          2   523.7     6.483     0.0       0.0      1.0
C8H16OOHh          2   523.7     6.483     0.0       0.0      1.0
C8H16OOHi          2   523.7     6.483     0.0       0.0      1.0
C8H16OOHj          2   523.7     6.483     0.0       0.0      1.0
C8H16OOHk          2   523.7     6.483     0.0       0.0      1.0
C8H17OOHb          2   523.7     6.483     0.0       0.0      1.0
C8H16cyOa          2   474.8     6.247     0.0       0.0      1.0
HOOC8H16OOa        2   612.6     6.634     0.0       0.0      1.0
C8H16cyOb          2   481.7     6.215     0.0       0.0      1.0
HOOC8H16OOb        2   612.6     6.634     0.0       0.0      1.0
C8H16cyOc          2   488.9     6.188     0.0       0.0      1.0
HOOC8H16OOc        2   612.6     6.634     0.0       0.0      1.0
C8H16cyOd          2   496.1     6.160     0.0       0.0      1.0
HOOC8H16OOd        2   612.6     6.634     0.0       0.0      1.0
C7H14b             2   425.6     5.998     0.0       0.0      1.0
C7H14OOHe          2   506.2     6.238     0.0       0.0      1.0
C7H14OOHf          2   506.2     6.238     0.0       0.0      1.0
C7H14OOHg          2   506.2     6.238     0.0       0.0      1.0
C7H15OOHb          2   506.2     6.238     0.0       0.0      1.0
C7H15OOd           2   506.2     6.238     0.0       0.0      1.0
C7H15Od            2   488.4     6.156     0.0       0.0      1.0
C7H14c             2   425.6     5.998     0.0       0.0      1.0
C7H14OOHh          2   506.2     6.238     0.0       0.0      1.0
C7H14OOHi          2   506.2     6.238     0.0       0.0      1.0
C7H14OOHj          2   506.2     6.238     0.0       0.0      1.0
C7H14OOHk          2   506.2     6.238     0.0       0.0      1.0
C7H14OOHl          2   506.2     6.238     0.0       0.0      1.0
C7H14OOHm          2   506.2     6.238     0.0       0.0      1.0
C7H15OOHc          2   506.2     6.238     0.0       0.0      1.0
C7H14cyOa          2   457.6     5.983     0.0       0.0      1.0
HOOC7H14OOa        2   594.4     6.402     0.0       0.0      1.0
C7H14cyOb          2   464.7     5.948     0.0       0.0      1.0
HOOC7H14OOb        2   594.4     6.402     0.0       0.0      1.0
C7H14cyOc          2   472.0     5.918     0.0       0.0      1.0
HOOC7H14OOc        2   594.4     6.402     0.0       0.0      1.0
C7H14cyOd          2   479.5     5.888     0.0       0.0      1.0
HOOC7H14OOd        2   594.4     6.402     0.0       0.0      1.0
C3H6cyOab          2   385.6     4.572     0.0       0.0      1.0
HOOC3H6OOab        2   523.5     5.238     0.0       0.0      1.0
C3H6cyOac          2   390.0     4.564     0.0       0.0      1.0
HOOC3H6OOac        2   521.4     5.277     0.0       0.0      1.0
C6H12b             2   407.5     5.709     0.0       0.0      1.0
C6H12c             2   407.5     5.709     0.0       0.0      1.0
C6H12OOHe          2   488.7     5.973     0.0       0.0      1.0
C6H12OOHf          2   488.7     5.973     0.0       0.0      1.0
C6H12OOHg          2   488.7     5.973     0.0       0.0      1.0
C6H12OOHh          2   488.7     5.973     0.0       0.0      1.0
C6H12OOHi          2   488.7     5.973     0.0       0.0      1.0
C6H13OOHb          2   488.7     5.973     0.0       0.0      1.0
C6H12OOHj          2   488.7     5.973     0.0       0.0      1.0
C6H12OOHk          2   488.7     5.973     0.0       0.0      1.0
C6H12OOHl          2   488.7     5.973     0.0       0.0      1.0
C6H12OOHm          2   488.7     5.973     0.0       0.0      1.0
C6H12OOHn          2   488.7     5.973     0.0       0.0      1.0
C6H13OOHc          2   488.7     5.973     0.0       0.0      1.0
C6H12cyOa          2   440.1     5.693     0.0       0.0      1.0
HOOC6H12OOa        2   576.4     6.151     0.0       0.0      1.0
C6H12cyOb          2   447.4     5.655     0.0       0.0      1.0
HOOC6H12OOb        2   576.4     6.151     0.0       0.0      1.0
C6H12cyOc          2   454.9     5.621     0.0       0.0      1.0
HOOC6H12OOc        2   576.4     6.151     0.0       0.0      1.0
C6H12cyOd          2   462.6     5.588     0.0       0.0      1.0
HOOC6H12OOd        2   576.4     6.151     0.0       0.0      1.0
C4H8cyOab          2   404.2     5.003     0.0       0.0      1.0
HOOC4H8OOab        2   541.0     5.576     0.0       0.0      1.0
C4H8cyOac          2   411.9     4.953     0.0       0.0      1.0
HOOC4H8OOac        2   541.0     5.576     0.0       0.0      1.0
C4H8cyOad          2   416.2     4.953     0.0       0.0      1.0
HOOC4H8OOad        2   539.1     5.610     0.0       0.0      1.0
C5H10b             2   389.0     5.388     0.0       0.0      1.0
C5H10OOHe          2   471.2     5.682     0.0       0.0      1.0
C5H10OOHf          2   471.2     5.682     0.0       0.0      1.0
C5H10OOHg          2   471.2     5.682     0.0       0.0      1.0
C5H10OOHh          2   471.2     5.682     0.0       0.0      1.0
C5H11OOHb          2   471.2     5.682     0.0       0.0      1.0
C5H10cyOa          2   422.3     5.370     0.0       0.0      1.0
HOOC5H10OOa        2   558.6     5.878     0.0       0.0      1.0
C5H10cyOb          2   429.8     5.327     0.0       0.0      1.0
HOOC5H10OOb        2   558.6     5.878     0.0       0.0      1.0
C5H10cyOc          2   437.6     5.289     0.0       0.0      1.0
HOOC5H10OOc        2   558.6     5.878     0.0       0.0      1.0
C5H10cyOd          2   441.8     5.289     0.0       0.0      1.0
HOOC5H10OOd        2   556.9     5.908     0.0       0.0      1.0
C7H16CCOa          2   464.1     6.423     0.0       0.0      1.0
CHOC8H16OOHa       2   583.8     6.776     0.0       0.0      1.0
CHOC8H16OOHb       2   583.8     6.776     0.0       0.0      1.0
C6H13vCOa          2   468.5     6.123     0.0       0.0      1.0
CHOC8H16OOHc       2   583.8     6.776     0.0       0.0      1.0
CH2CH2CHO          2   388.4     4.887     0.0       0.0      1.0
COC6H13a           2   468.5     6.123     0.0       0.0      1.0
CHOC8H16OOHd       2   583.8     6.776     0.0       0.0      1.0
C6H14CCOa          2   446.5     6.174     0.0       0.0      1.0
CH3CHCO            2   354.0     4.433     0.0       0.0      1.0
COC8H17OOHa        2   590.7     6.733     0.0       0.0      1.0
COC8H17OOHb        2   590.7     6.733     0.0       0.0      1.0
CH3COCH2           2   397.2     4.805     0.0       0.0      1.0
C5H11vCOa          2   451.1     5.847     0.0       0.0      1.0
COC8H17OOHc        2   590.7     6.733     0.0       0.0      1.0
CH2CH2COCH3        2   415.5     5.200     0.0       0.0      1.0
COC5H11a           2   451.1     5.847     0.0       0.0      1.0
COC8H17OOHd        2   590.7     6.733     0.0       0.0      1.0
COC8H17OOHe        2   588.8     6.756     0.0       0.0      1.0
C5H12CCOa          2   428.8     5.903     0.0       0.0      1.0
C2H5CHCO           2   373.5     4.887     0.0       0.0      1.0
COC8H17OOHf        2   590.7     6.733     0.0       0.0      1.0
COC8H17OOHg        2   590.7     6.733     0.0       0.0      1.0
C2H5COCH2          2   415.5     5.200     0.0       0.0      1.0
C4H9vCOa           2   433.5     5.542     0.0       0.0      1.0
COC8H17OOHh        2   590.7     6.733     0.0       0.0      1.0
COC4H9a            2   433.5     5.542     0.0       0.0      1.0
COC8H17OOHi        2   590.7     6.733     0.0       0.0      1.0
COC8H17OOHj        2   590.7     6.733     0.0       0.0      1.0
COC8H17OOHk        2   588.8     6.756     0.0       0.0      1.0
C4H10CCOa          2   410.8     5.605     0.0       0.0      1.0
COC8H17OOHl        2   588.8     6.756     0.0       0.0      1.0
COC8H17OOHm        2   590.7     6.733     0.0       0.0      1.0
COC8H17OOHn        2   590.7     6.733     0.0       0.0      1.0
C3H8CCOa           2   392.4     5.270     0.0       0.0      1.0
COC8H17OOHo        2   590.7     6.733     0.0       0.0      1.0
COC8H17OOHp        2   590.7     6.733     0.0       0.0      1.0
COC8H17OOHq        2   590.7     6.733     0.0       0.0      1.0
COC8H17OOHr        2   590.7     6.733     0.0       0.0      1.0
COC8H17OOHs        2   588.8     6.756     0.0       0.0      1.0
COC8H17OOHt        2   590.7     6.733     0.0       0.0      1.0
COC8H17OOHu        2   590.7     6.733     0.0       0.0      1.0
COC8H17OOHv        2   590.7     6.733     0.0       0.0      1.0
C8H17OOd           2   523.7     6.483     0.0       0.0      1.0
C8H17Od            2   505.9     6.406     0.0       0.0      1.0
C8H16d             2   443.5     6.261     0.0       0.0      1.0
C8H16OOHl          2   523.7     6.483     0.0       0.0      1.0
C8H16OOHm          2   523.7     6.483     0.0       0.0      1.0
C8H16OOHn          2   523.7     6.483     0.0       0.0      1.0
C8H16OOHo          2   523.7     6.483     0.0       0.0      1.0
C8H16OOHp          2   523.7     6.483     0.0       0.0      1.0
C8H17OOHc          2   523.7     6.483     0.0       0.0      1.0
aC8H15b            2   443.5     6.261     0.0       0.0      1.0
aC8H15c            2   443.5     6.261     0.0       0.0      1.0
HOOC8H16OOe        2   612.6     6.634     0.0       0.0      1.0
C8H16cyOe          2   484.8     6.188     0.0       0.0      1.0
HOOC8H16OOf        2   614.0     6.610     0.0       0.0      1.0
C8H16cyOf          2   477.8     6.220     0.0       0.0      1.0
HOOC8H16OOg        2   614.0     6.610     0.0       0.0      1.0
C8H16cyOg          2   477.8     6.220     0.0       0.0      1.0
HOOC8H16OOh        2   614.0     6.610     0.0       0.0      1.0
C8H16cyOh          2   484.8     6.188     0.0       0.0      1.0
HOOC8H16OOi        2   614.0     6.610     0.0       0.0      1.0
C8H16cyOi          2   492.1     6.160     0.0       0.0      1.0
HOOC8H16OOj        2   614.0     6.610     0.0       0.0      1.0
HOOC8H16OOk        2   612.6     6.634     0.0       0.0      1.0
CHOC7H14OOHa       2   566.3     6.553     0.0       0.0      1.0
CHOC7H14OOHb       2   566.3     6.553     0.0       0.0      1.0
CHOC7H14OOHc       2   566.3     6.553     0.0       0.0      1.0
CHOC7H14OOHd       2   566.3     6.553     0.0       0.0      1.0
aC7H13b            2   425.6     5.998     0.0       0.0      1.0
HOOC7H14OOe        2   594.4     6.402     0.0       0.0      1.0
C7H14cyOe          2   467.9     5.918     0.0       0.0      1.0
HOOC7H14OOf        2   596.0     6.376     0.0       0.0      1.0
C7H14cyOf          2   460.6     5.953     0.0       0.0      1.0
HOOC7H14OOg        2   596.0     6.376     0.0       0.0      1.0
C7H14OOHn          2   506.2     6.238     0.0       0.0      1.0
C7H14OOHo          2   506.2     6.238     0.0       0.0      1.0
C7H14OOHp          2   506.2     6.238     0.0       0.0      1.0
C7H14OOHq          2   506.2     6.238     0.0       0.0      1.0
C7H14OOHr          2   506.2     6.238     0.0       0.0      1.0
C7H15OOHd          2   506.2     6.238     0.0       0.0      1.0
HOOC7H14OOh        2   596.0     6.376     0.0       0.0      1.0
C7H14cyOg          2   467.9     5.918     0.0       0.0      1.0
HOOC7H14OOi        2   596.0     6.376     0.0       0.0      1.0
C7H14cyOh          2   475.4     5.888     0.0       0.0      1.0
HOOC7H14OOj        2   596.0     6.376     0.0       0.0      1.0
HOOC7H14OOk        2   594.4     6.402     0.0       0.0      1.0
C7H14cyOi          2   460.6     5.953     0.0       0.0      1.0
HOOC7H14OOl        2   596.0     6.376     0.0       0.0      1.0
HOOC7H14OOm        2   594.4     6.402     0.0       0.0      1.0
CHOC6H12OOHa       2   549.0     6.314     0.0       0.0      1.0
CHOC6H12OOHb       2   549.0     6.314     0.0       0.0      1.0
CHOC6H12OOHc       2   549.0     6.314     0.0       0.0      1.0
CHOC6H12OOHd       2   549.0     6.314     0.0       0.0      1.0
CHOC2H4OOHb        2   480.3     5.107     0.0       0.0      1.0
CHOC2H4OOHc        2   477.6     5.147     0.0       0.0      1.0
aC6H11b            2   407.5     5.709     0.0       0.0      1.0
C6H12cyOe          2   443.3     5.660     0.0       0.0      1.0
HOOC6H12OOe        2   578.1     6.123     0.0       0.0      1.0
C6H12cyOf          2   450.7     5.621     0.0       0.0      1.0
HOOC6H12OOf        2   578.1     6.123     0.0       0.0      1.0
HOOC6H12OOg        2   576.4     6.151     0.0       0.0      1.0
C6H12cyOg          2   443.3     5.660     0.0       0.0      1.0
HOOC6H12OOh        2   578.1     6.123     0.0       0.0      1.0
HOOC6H12OOi        2   576.4     6.151     0.0       0.0      1.0
HOOC6H12OOj        2   578.1     6.123     0.0       0.0      1.0
HOOC6H12OOk        2   578.1     6.123     0.0       0.0      1.0
C6H12cyOh          2   458.4     5.588     0.0       0.0      1.0
HOOC6H12OOl        2   578.1     6.123     0.0       0.0      1.0
HOOC6H12OOm        2   576.4     6.151     0.0       0.0      1.0
HOOC6H12OOn        2   576.4     6.151     0.0       0.0      1.0
CHOC5H10OOHa       2   531.8     6.056     0.0       0.0      1.0
CHOC5H10OOHb       2   531.8     6.056     0.0       0.0      1.0
CHOC5H10OOHc       2   531.8     6.056     0.0       0.0      1.0
CHOC5H10OOHd       2   531.8     6.056     0.0       0.0      1.0
CHOC3H6OOHab       2   497.5     5.460     0.0       0.0      1.0
CHOC3H6OOHac       2   497.5     5.460     0.0       0.0      1.0
CHOC3H6OOHad       2   495.0     5.496     0.0       0.0      1.0
aC5H9b             2   389.0     5.388     0.0       0.0      1.0
C5H10cyOe          2   425.6     5.333     0.0       0.0      1.0
HOOC5H10OOe        2   560.5     5.847     0.0       0.0      1.0
C5H10cyOf          2   433.3     5.289     0.0       0.0      1.0
HOOC5H10OOf        2   560.5     5.847     0.0       0.0      1.0
HOOC5H10OOg        2   558.6     5.878     0.0       0.0      1.0
HOOC5H10OOh        2   558.6     5.878     0.0       0.0      1.0
CHOC4H8OOHa        2   514.6     5.774     0.0       0.0      1.0
CHOC4H8OOHb        2   514.6     5.774     0.0       0.0      1.0
CHOC4H8OOHc        2   514.6     5.774     0.0       0.0      1.0
CHOC4H8OOHd        2   512.3     5.805     0.0       0.0      1.0
C9H17O2a           2   566.1     6.706     0.0       0.0      1.0
C9H17O2b           2   566.1     6.706     0.0       0.0      1.0
C9H17O2c           2   566.1     6.706     0.0       0.0      1.0
C9H17O2d           2   566.1     6.706     0.0       0.0      1.0
C9H17O2e           2   573.1     6.662     0.0       0.0      1.0
C9H17O2f           2   573.1     6.662     0.0       0.0      1.0
C9H17O2g           2   573.1     6.662     0.0       0.0      1.0
C9H17O2h           2   573.1     6.662     0.0       0.0      1.0
C9H17O2i           2   571.1     6.686     0.0       0.0      1.0
C9H17O2j           2   573.1     6.662     0.0       0.0      1.0
C9H17O2k           2   573.1     6.662     0.0       0.0      1.0
C9H17O2l           2   573.1     6.662     0.0       0.0      1.0
C9H17O2m           2   573.1     6.662     0.0       0.0      1.0
C9H17O2n           2   573.1     6.662     0.0       0.0      1.0
C9H17O2o           2   571.1     6.686     0.0       0.0      1.0
C9H17O2p           2   571.1     6.686     0.0       0.0      1.0
C9H17O2q           2   573.1     6.662     0.0       0.0      1.0
C9H17O2r           2   573.1     6.662     0.0       0.0      1.0
C9H17O2s           2   573.1     6.662     0.0       0.0      1.0
C9H17O2t           2   573.1     6.662     0.0       0.0      1.0
C9H17O2u           2   573.1     6.662     0.0       0.0      1.0
C9H17O2v           2   573.1     6.662     0.0       0.0      1.0
C9H17O2w           2   571.1     6.686     0.0       0.0      1.0
C9H17O2x           2   573.1     6.662     0.0       0.0      1.0
C9H17O2y           2   573.1     6.662     0.0       0.0      1.0
C9H17O2z           2   573.1     6.662     0.0       0.0      1.0
C8H16OOHq          2   523.7     6.483     0.0       0.0      1.0
C8H16OOHr          2   523.7     6.483     0.0       0.0      1.0
C8H16OOHs          2   523.7     6.483     0.0       0.0      1.0
C8H16OOHt          2   523.7     6.483     0.0       0.0      1.0
C8H16OOHu          2   523.7     6.483     0.0       0.0      1.0
C8H16OOHv          2   523.7     6.483     0.0       0.0      1.0
C8H17OOHd          2   523.7     6.483     0.0       0.0      1.0
C8H16cyOj          2   477.8     6.220     0.0       0.0      1.0
HOOC8H16OOl        2   614.0     6.610     0.0       0.0      1.0
HOOC8H16OOm        2   614.0     6.610     0.0       0.0      1.0
HOOC8H16OOn        2   614.0     6.610     0.0       0.0      1.0
C8H16cyOk          2   499.6     6.132     0.0       0.0      1.0
HOOC8H16OOo        2   614.0     6.610     0.0       0.0      1.0
HOOC8H16OOp        2   612.6     6.634     0.0       0.0      1.0
COC7H15OOHa        2   571.3     6.533     0.0       0.0      1.0
COC7H15OOHb        2   573.4     6.508     0.0       0.0      1.0
COC7H15OOHc        2   573.4     6.508     0.0       0.0      1.0
COC7H15OOHd        2   573.4     6.508     0.0       0.0      1.0
COC7H15OOHe        2   573.4     6.508     0.0       0.0      1.0
COC7H15OOHf        2   573.4     6.508     0.0       0.0      1.0
COC7H15OOHg        2   571.3     6.533     0.0       0.0      1.0
C8H15O2a           2   548.8     6.478     0.0       0.0      1.0
C8H15O2b           2   548.8     6.478     0.0       0.0      1.0
C8H15O2c           2   548.8     6.478     0.0       0.0      1.0
C8H15O2d           2   548.8     6.478     0.0       0.0      1.0
COC6H13OOHa        2   554.1     6.292     0.0       0.0      1.0
COC6H13OOHb        2   556.3     6.265     0.0       0.0      1.0
COC6H13OOHc        2   556.3     6.265     0.0       0.0      1.0
HOOC7H14OOn        2   596.0     6.376     0.0       0.0      1.0
HOOC7H14OOo        2   596.0     6.376     0.0       0.0      1.0
HOOC7H14OOp        2   596.0     6.376     0.0       0.0      1.0
C7H14cyOj          2   483.1     5.857     0.0       0.0      1.0
HOOC7H14OOq        2   596.0     6.376     0.0       0.0      1.0
HOOC7H14OOr        2   594.4     6.402     0.0       0.0      1.0
COC6H13OOHd        2   556.3     6.265     0.0       0.0      1.0
COC6H13OOHe        2   556.3     6.265     0.0       0.0      1.0
COC6H13OOHf        2   556.3     6.265     0.0       0.0      1.0
COC6H13OOHg        2   554.1     6.292     0.0       0.0      1.0
COC6H13OOHh        2   556.3     6.265     0.0       0.0      1.0
COC6H13OOHi        2   554.1     6.292     0.0       0.0      1.0
C7H13O2a           2   531.5     6.234     0.0       0.0      1.0
C7H13O2b           2   531.5     6.234     0.0       0.0      1.0
C7H13O2c           2   531.5     6.234     0.0       0.0      1.0
C7H13O2d           2   531.5     6.234     0.0       0.0      1.0
C3H5O2a            2   462.5     4.982     0.0       0.0      1.0
C3H5O2b            2   459.8     5.024     0.0       0.0      1.0
COC5H11OOHa        2   539.2     6.003     0.0       0.0      1.0
COC5H11OOHb        2   539.2     6.003     0.0       0.0      1.0
COC5H11OOHc        2   536.9     6.032     0.0       0.0      1.0
COC5H11OOHd        2   539.2     6.003     0.0       0.0      1.0
COC5H11OOHe        2   536.9     6.032     0.0       0.0      1.0
COC5H11OOHf        2   539.2     6.003     0.0       0.0      1.0
COC5H11OOHg        2   539.2     6.003     0.0       0.0      1.0
COC5H11OOHh        2   539.2     6.003     0.0       0.0      1.0
COC5H11OOHi        2   536.9     6.032     0.0       0.0      1.0
COC5H11OOHj        2   536.9     6.032     0.0       0.0      1.0
C6H11O2a           2   514.3     5.968     0.0       0.0      1.0
C6H11O2b           2   514.3     5.968     0.0       0.0      1.0
C6H11O2c           2   514.3     5.968     0.0       0.0      1.0
C6H11O2d           2   514.3     5.968     0.0       0.0      1.0
C4H7O2a            2   479.9     5.352     0.0       0.0      1.0
C4H7O2b            2   479.9     5.352     0.0       0.0      1.0
C4H7O2c            2   477.2     5.388     0.0       0.0      1.0
COC4H9OOHa         2   522.2     5.715     0.0       0.0      1.0
COC4H9OOHb         2   522.2     5.715     0.0       0.0      1.0
COC4H9OOHc         2   519.7     5.747     0.0       0.0      1.0
COC4H9OOHd         2   519.7     5.747     0.0       0.0      1.0
C5H9O2a            2   497.1     5.677     0.0       0.0      1.0
C5H9O2b            2   497.1     5.677     0.0       0.0      1.0
C5H9O2c            2   497.1     5.677     0.0       0.0      1.0
C5H9O2d            2   494.6     5.709     0.0       0.0      1.0
C3H5OCHOa          2   452.8     5.376     0.0       0.0      1.0
C4H7OCHOa          2   470.1     5.699     0.0       0.0      1.0
C3H6qCHOa          2   406.9     5.270     0.0       0.0      1.0
C3H7COCHOa         2   478.4     5.638     0.0       0.0      1.0
C4H9COCHOa         2   495.3     5.933     0.0       0.0      1.0
COC4H9b            2   433.5     5.542     0.0       0.0      1.0
C4H9COCHOb         2   495.3     5.933     0.0       0.0      1.0
C5H11COCHOa        2   512.2     6.202     0.0       0.0      1.0
COC5H11b           2   451.1     5.847     0.0       0.0      1.0
C7H15vCOa          2   485.8     6.376     0.0       0.0      1.0
COC7H15a           2   485.8     6.376     0.0       0.0      1.0
C5H11COCHOb        2   512.2     6.202     0.0       0.0      1.0
C6H13COCHOa        2   529.0     6.449     0.0       0.0      1.0
COC6H13b           2   468.5     6.123     0.0       0.0      1.0
COC7H15b           2   485.8     6.376     0.0       0.0      1.0
C6H13COCHOb        2   529.0     6.449     0.0       0.0      1.0
HOOC8H16OOq        2   614.0     6.610     0.0       0.0      1.0
HOOC8H16OOr        2   614.0     6.610     0.0       0.0      1.0
C8H16cyOl          2   492.1     6.160     0.0       0.0      1.0
HOOC8H16OOs        2   614.0     6.610     0.0       0.0      1.0
HOOC8H16OOt        2   614.0     6.610     0.0       0.0      1.0
HOOC8H16OOu        2   614.0     6.610     0.0       0.0      1.0
HOOC8H16OOv        2   612.6     6.634     0.0       0.0      1.0
COC7H15OOHh        2   573.4     6.508     0.0       0.0      1.0
COC7H15OOHi        2   573.4     6.508     0.0       0.0      1.0
COC7H15OOHj        2   573.4     6.508     0.0       0.0      1.0
COC7H15OOHk        2   573.4     6.508     0.0       0.0      1.0
COC7H15OOHl        2   571.3     6.533     0.0       0.0      1.0
C8H15O2e           2   553.8     6.457     0.0       0.0      1.0
C8H15O2f           2   556.0     6.432     0.0       0.0      1.0
C8H15O2g           2   556.0     6.432     0.0       0.0      1.0
C8H15O2h           2   556.0     6.432     0.0       0.0      1.0
C8H15O2i           2   556.0     6.432     0.0       0.0      1.0
C8H15O2j           2   556.0     6.432     0.0       0.0      1.0
C8H15O2k           2   553.8     6.457     0.0       0.0      1.0
C7H13O2e           2   536.6     6.211     0.0       0.0      1.0
C7H13O2f           2   538.9     6.183     0.0       0.0      1.0
C7H13O2g           2   538.9     6.183     0.0       0.0      1.0
COC6H13OOHj        2   556.3     6.265     0.0       0.0      1.0
COC6H13OOHk        2   556.3     6.265     0.0       0.0      1.0
COC6H13OOHl        2   556.3     6.265     0.0       0.0      1.0
COC6H13OOHm        2   556.3     6.265     0.0       0.0      1.0
COC6H13OOHn        2   554.1     6.292     0.0       0.0      1.0
C7H13O2h           2   538.9     6.183     0.0       0.0      1.0
C7H13O2i           2   538.9     6.183     0.0       0.0      1.0
C7H13O2j           2   538.9     6.183     0.0       0.0      1.0
C7H13O2k           2   536.6     6.211     0.0       0.0      1.0
C7H13O2l           2   538.9     6.183     0.0       0.0      1.0
C7H13O2m           2   536.6     6.211     0.0       0.0      1.0
C6H11O2e           2   521.9     5.913     0.0       0.0      1.0
C6H11O2f           2   521.9     5.913     0.0       0.0      1.0
C6H11O2g           2   519.4     5.943     0.0       0.0      1.0
C6H11O2h           2   521.9     5.913     0.0       0.0      1.0
C6H11O2i           2   519.4     5.943     0.0       0.0      1.0
C6H11O2j           2   521.9     5.913     0.0       0.0      1.0
C6H11O2k           2   521.9     5.913     0.0       0.0      1.0
C6H11O2l           2   521.9     5.913     0.0       0.0      1.0
C6H11O2m           2   519.4     5.943     0.0       0.0      1.0
C6H11O2n           2   519.4     5.943     0.0       0.0      1.0
C5H9O2e            2   504.8     5.616     0.0       0.0      1.0
C5H9O2f            2   504.8     5.616     0.0       0.0      1.0
C5H9O2g            2   502.3     5.649     0.0       0.0      1.0
C5H9O2h            2   502.3     5.649     0.0       0.0      1.0
C3H5OCOa           2   452.8     5.376     0.0       0.0      1.0
C3H4OvCHOa         2   452.8     5.376     0.0       0.0      1.0
C4H7OCOa           2   470.1     5.699     0.0       0.0      1.0
C4H6OvCHOa         2   470.1     5.699     0.0       0.0      1.0
COC3H7COa          2   478.4     5.638     0.0       0.0      1.0
COC4H9COa          2   495.3     5.933     0.0       0.0      1.0
COC4H9COb          2   495.3     5.933     0.0       0.0      1.0
COC5H11COa         2   512.2     6.202     0.0       0.0      1.0
COC5H11COb         2   512.2     6.202     0.0       0.0      1.0
COC6H13COa         2   529.0     6.449     0.0       0.0      1.0
COC6H13COb         2   529.0     6.449     0.0       0.0      1.0
COC7H15OOHm        2   573.4     6.508     0.0       0.0      1.0
COC7H15OOHn        2   573.4     6.508     0.0       0.0      1.0
COC7H15OOHo        2   573.4     6.508     0.0       0.0      1.0
COC7H15OOHp        2   573.4     6.508     0.0       0.0      1.0
COC7H15OOHq        2   573.4     6.508     0.0       0.0      1.0
COC7H15OOHr        2   571.3     6.533     0.0       0.0      1.0
C8H15O2l           2   556.0     6.432     0.0       0.0      1.0
C8H15O2m           2   556.0     6.432     0.0       0.0      1.0
C8H15O2n           2   556.0     6.432     0.0       0.0      1.0
C8H15O2o           2   556.0     6.432     0.0       0.0      1.0
C8H15O2p           2   553.8     6.457     0.0       0.0      1.0
C7H13O2n           2   538.9     6.183     0.0       0.0      1.0
C7H13O2o           2   538.9     6.183     0.0       0.0      1.0
C7H13O2p           2   538.9     6.183     0.0       0.0      1.0
C7H13O2q           2   538.9     6.183     0.0       0.0      1.0
C7H13O2r           2   536.6     6.211     0.0       0.0      1.0
OCCCH3CHOa         2   421.4     5.010     0.0       0.0      1.0
C2H3OCHOa          2   435.3     5.010     0.0       0.0      1.0
OCCC2H5CHOa        2   439.2     5.376     0.0       0.0      1.0
C8H15O2q           2   556.0     6.432     0.0       0.0      1.0
C8H15O2r           2   556.0     6.432     0.0       0.0      1.0
C8H15O2s           2   556.0     6.432     0.0       0.0      1.0
C8H15O2t           2   556.0     6.432     0.0       0.0      1.0
C8H15O2u           2   556.0     6.432     0.0       0.0      1.0
C8H15O2v           2   553.8     6.457     0.0       0.0      1.0
OCCCH3COa          2   421.4     5.010     0.0       0.0      1.0
C2H3OCOa           2   435.3     5.010     0.0       0.0      1.0
OCCC2H5COa         2   439.2     5.376     0.0       0.0      1.0
C2H3CO             2   354.0     4.433     0.0       0.0      1.0
OCCC2H5a           2   373.5     4.887     0.0       0.0      1.0
C2HO2a             2   417.4     4.580     0.0       0.0      1.0
C2H4CCOa           2   373.9     4.743     0.0       0.0      1.0
C2H3CHO            2   388.7     4.743     0.0       0.0      1.0
! Transport data for base mechanism species
He                 0    10.2     2.576     0.000     0.00     0.0
Ar                 0   136.5     3.330     0.000     0.00     0.0
H                  0   145.0     2.050     0.000     0.00     0.0
H2                 1    38.0     2.920     0.000     0.79   280.0
O                  0    80.0     2.750     0.000     0.00     0.0
OH                 1    80.0     2.750     0.000     0.00     0.0
H2O                2   572.4     2.605     1.844     0.00     4.0
O2                 1   107.4     3.458     0.000     1.60     3.8
HO2                2   107.4     3.458     0.000     0.00     1.0
H2O2               2   107.4     3.458     0.000     0.00     3.8
N2                 1    97.53    3.621     0.000     1.76     4.0
CH                 1    80.0     2.750     0.000     0.00     0.0
CH2                1   144.0     3.800     0.000     0.00     0.0
CH2(S)             1   144.0     3.800     0.000     0.00     0.0
CH3                1   144.0     3.800     0.000     0.00     0.0
CH4                2   141.4     3.746     0.000     2.60    13.0
CO                 1    98.1     3.650     0.000     1.95     1.8
HCO                2   498.0     3.590     0.000     0.00     0.0
CH2O               2   498.0     3.590     0.000     0.00     2.0
CH2OH              2   417.0     3.690     1.700     0.00     2.0
CH3O               2   417.0     3.690     1.700     0.00     2.0
CH3OH              2   481.8     3.626     0.000     0.00     1.0 ! SVE
CO2                1   244.0     3.763     0.000     2.65     2.1
HOCO               2   436.0     3.970     0.000     0.00     2.0 ! =HOCHO
HOCHO              2   436.0     3.970     0.000     0.00     2.0 ! WJP
CH3OO              2   481.8     3.626     0.000     0.00     1.0 ! WJP
CH3OOH             2   481.8     3.626     0.000     0.00     1.0 ! WJP
C2H                1   265.3     3.721     0.000     0.00     2.5 ! NMM
C2H2               1   265.3     3.721     0.000     0.00     2.5 ! NMM
C2H3               2   265.3     3.721     0.000     0.00     1.0 ! NMM
C2H4               2   238.4     3.496     0.000     0.00     1.5 ! NMM
C2H5               2   247.5     4.350     0.000     0.00     1.5 ! NMM
C2H6               2   247.5     4.350     0.000     0.00     1.5 ! NMM
HCCO               2   150.0     2.500     0.000     0.00     1.0 ! *
CH2CO              2   314.3     4.191     1.4       0.0      2.0 ! WJP
CH3CO              2   436.0     3.970     0.000     0.00     2.0
CH2CHO             2   436.0     3.970     0.000     0.00     2.0
C2H4cyO            2   387.3     4.349     0.000     0.00     1.5 ! WJP
CH3CHO             2   436.0     3.970     0.000     0.00     2.0
C2H5O              2   470.6     4.410     0.000     0.00     1.5 ! NMM
pC2H4OH            2   470.6     4.410     0.000     0.00     1.5 ! NMM
sC2H4OH            2   470.6     4.410     0.000     0.00     1.5 ! NMM
C2H5OH             2   470.6     4.410     0.000     0.00     1.5 ! NMM
CH3CO2             2   436.0     3.970     0.000     0.00     2.0 ! WJP
C2H4OOH            2   470.6     4.410     0.000     0.00     1.5 ! WJP
C2H5OO             2   470.6     4.410     0.000     0.00     1.5 ! WJP
C2H5OOH            2   470.6     4.410     0.000     0.00     1.5 ! WJP
CH3C(O)OO          2   436.0     3.970     0.000     0.00     2.0 ! WJP
CH3C(O)OOH         2   436.0     3.970     0.000     0.00     2.0 ! WJP
O2C2H4OH           2   523.2     5.664     1.7       0.0      1.0 ! WJP
!
! Added species for SL improvement
!
aC3H4              2   340.4     4.442     0.0       0.0      1.0
aC3H5O             2   414.7     4.758     0.0       0.0      1.0
v2C3H5             2   339.3     4.606     0.0       0.0      1.0
C3H3               1   324.8     4.290     0.0       0.0      1.0 ! nmm
C3H2               2   209.0     4.100     0.0       0.0      1.0 ! *
d13C4H6            2   359.3     4.895     0.0       0.0      1.0
!-----
