                                                                                
AR                 0   136.500     3.330     0.000     0.000     0.000          
C                  0    71.400     3.298     0.000     0.000     0.000 ! *      
CH                 1    80.000     2.750     0.000     0.000     0.000          
CH2                1   144.000     3.800     0.000     0.000     0.000          
CH2*               1   144.000     3.800     0.000     0.000     0.000          
CH3                1   144.000     3.800     0.000     0.000     0.000          
CH4                2   141.400     3.746     0.000     2.600    13.000          
CO                 1    98.100     3.650     0.000     1.950     1.800          
CO2                1   244.000     3.763     0.000     2.650     2.100          
HCO                2   498.000     3.590     0.000     0.000     0.000          
CH2O               2   498.000     3.590     0.000     0.000     2.000          
CH2OH              2   417.000     3.690     1.700     0.000     2.000          
CH3O               2   417.000     3.690     1.700     0.000     2.000          
CH3OH              2   481.800     3.626     0.000     0.000     1.000 ! SVE    
                                                                                
C2                 1    97.530     3.621     0.000     1.760     4.000          
C2O                1   232.400     3.828     0.000     0.000     1.000 ! *      
C2H                1   209.000     4.100     0.000     0.000     2.500          
C2H2               1   209.000     4.100     0.000     0.000     2.500          
C2H3               2   209.000     4.100     0.000     0.000     1.000 ! *      
C2H4               2   280.800     3.971     0.000     0.000     1.500          
C2H5               2   252.300     4.302     0.000     0.000     1.500          
C2H6               2   252.300     4.302     0.000     0.000     1.500          
HCCO               2   150.000     2.500     0.000     0.000     1.000 ! *      
HCCOH              2   436.000     3.970     0.000     0.000     2.000          
CH2CO              2   436.000     3.970     0.000     0.000     2.000          
C2H3O              2   436.000     3.970     0.000     0.000     2.000          
CH2CHO             2   436.000     3.970     0.000     0.000     2.000          
C2H2OH             2   224.700     4.162     0.000     0.000     1.000 ! *      
                                                                                
C3H2               2   209.000     4.100     0.000     0.000     1.000 ! *      
C3H3               2   252.000     4.760     0.000     0.000     1.000 ! JAM    
AC3H4              1   252.000     4.760     0.000     0.000     1.000          
PC3H4              1   252.000     4.760     0.000     0.000     1.000          
CC3H4              1   252.000     4.760     0.000     0.000     1.000          
                                                                                
C4H                1   357.000     5.180     0.000     0.000     1.000          
C4H2               1   357.000     5.180     0.000     0.000     1.000          
H2C4O              2   357.000     5.180     0.000     0.000     1.000 ! JAM    
C4H2OH             2   224.700     4.162     0.000     0.000     1.000 ! *      
I-C4H3             2   357.000     5.180     0.000     0.000     1.000 ! JAM    
N-C4H3             2   357.000     5.180     0.000     0.000     1.000 ! JAM    
C4H4               2   357.000     5.180     0.000     0.000     1.000 ! JAM    
I-C4H5             2   357.000     5.180     0.000     0.000     1.000 ! JAM    
N-C4H5             2   357.000     5.180     0.000     0.000     1.000 ! JAM    
C4H6               2   357.000     5.180     0.000     0.000     1.000         
C4H612             2   357.000     5.180     0.000     0.000     1.000 
                                                                                
C5H2               1   357.000     5.180     0.000     0.000     1.000          
C5H3               1   357.000     5.180     0.000     0.000     1.000          
C5H5               1   357.000     5.180     0.000     0.000     1.000          
C5H6               1   357.000     5.180     0.000     0.000     1.000          
                                                                                
C6H                1   357.000     5.180     0.000     0.000     1.000          
C6H2               1   357.000     5.180     0.000     0.000     1.000          
C6H3               2   357.000     5.180     0.000     0.000     1.000  !       
L-C6H4             2   412.300     5.349     0.000     0.000     1.000  !(JAM)  
N-C6H5             2   412.300     5.349     0.000     0.000     1.000  !(JAM)  
I-C6H5             2   412.300     5.349     0.000     0.000     1.000  !(JAM)  
L-C6H6             2   412.300     5.349     0.000     0.000     1.000  !(SVE)  
N-C6H7             2   412.300     5.349     0.000     0.000     1.000  !(JAM)  
I-C6H7             2   412.300     5.349     0.000     0.000     1.000  !(JAM)  
C6H8               2   412.300     5.349     0.000     0.000     1.000  !(JAM)  
                                                                                
HE                 0    10.200     2.576     0.000     0.000     0.000 ! *      
H                  0   145.000     2.050     0.000     0.000     0.000          
H2                 1    38.000     2.920     0.000     0.790   280.000          
H2O                2   572.400     2.605     1.844     0.000     4.000          
H2O2               2   107.400     3.458     0.000     0.000     3.800          
HO2                2   107.400     3.458     0.000     0.000     1.000 ! *      
N2                 1    97.530     3.621     0.000     1.760     4.000          
O                  0    80.000     2.750     0.000     0.000     0.000          
O2                 1   107.400     3.458     0.000     1.600     3.800          
OH                 1    80.000     2.750     0.000     0.000     0.000          
                                                                                
                                                                                
THE LENNARD-JONES PARAMETERS OF POLYCYCLIC AROMATIC HYDROCARBONS WERE ESTIMATED 
BASED ON THE CRITICAL TEMPERATURE AND PRESSURE. SEE H. WANG AND M. FRENKLACH,   
"TRANSPORT PROPERTIES OF POLYCYCLIC AROMATIC HYDROCARBONS FOR FLAME MODELING."  
COMBUSTION AND FLAME, 96:163-170 (1994)                                         
                                                                                
C-C6H4             2   464.8       5.29      0.00     10.32      0.000  !  BENZE
A1                 2   464.8       5.29      0.00     10.32      0.000  !  BENZE
A1-                2   464.8       5.29      0.00     10.32      0.000  !  BENZE
C-C6H7             2   464.8       5.29      0.00     10.32      0.000  !  BENZE
C5H4O              2   464.8       5.29      0.00     10.32      0.000  !  BENZE
C5H5O              2   464.8       5.29      0.00     10.32      0.000  !  BENZE
C5H4OH             2   464.8       5.29      0.00     10.32      0.000  !  BENZE
C6H5O              2   464.8       5.29      0.00     10.32      0.000  !  BENZE
C6H5OH             2   464.8       5.29      0.00     10.32      0.000  !  BENZE

AC3H5              2   266.800     4.982     0.000     0.000     1.000
TC3H5              2   266.800     4.982     0.000     0.000     1.000
CH3CHCH            2   266.800     4.982     0.000     0.000     1.000
SC3H5              2   266.800     4.982     0.000     0.000     1.000
CH3CCH2            2   266.800     4.982     0.000     0.000     1.000
C3H6               2   266.800     4.982     0.000     0.000     1.000
C3H7               2   266.800     4.982     0.000     0.000     1.000
C4H6               2   357.000     5.180     0.000     0.000     1.000
IC3H7              2   266.800     4.982     0.000     0.000     1.000
NC3H7              2   266.800     4.982     0.000     0.000     1.000
C3H8               2   266.800     4.982     0.000     0.000     1.000
C4H                1   357.000     5.180     0.000     0.000     1.000
C4H2               1   357.000     5.180     0.000     0.000     1.000
C4H2OH             2   224.700     4.162     0.000     0.000     1.000 ! *
IC4H5              2   357.000     5.176     0.000     0.000     1.000
C4H6               2   357.000     5.176     0.000     0.000     1.000
C4H7               2   357.000     5.176     0.000     0.000     1.000
IC4H7              2   357.000     5.176     0.000     0.000     1.000
C4H81              2   357.000     5.176     0.000     0.000     1.000
C4H82              2   357.000     5.176     0.000     0.000     1.000
IC4H8              2   357.000     5.176     0.000     0.000     1.000
TC4H9              2   357.000     5.176     0.000     0.000     1.000
IC4H9              2   357.000     5.176     0.000     0.000     1.000
PC4H9              2   357.000     5.176     0.000     0.000     1.000
SC4H9              2   357.000     5.176     0.000     0.000     1.000
C4H10              2   357.000     5.176     0.000     0.000     1.000
IC4H10             2   357.000     5.176     0.000     0.000     1.000
CH3COCH3           2   357.000     5.176     0.000     0.000     1.000
C2H3CHO            2   357.000     5.176     0.000     0.000     1.000
IC4H7O             2   450.000     5.500     0.000     0.000     1.000 ! JAM
CH3CHO             2   436.000     3.970     0.000     0.000     2.000
CH3CO              2   436.000     3.970     0.000     0.000     2.000
                                                                                
 1-15: Species name                                                             
 16-80: Molecular parameters                                                    
        molecule index: 0 = atom, 1= linear molec.                              
                        2 = nonlinear molec.                                    
        L-J potential well depth, e/kb (K)                                      
        L-J collision diameter, s,                                             
        Dipole moment, f, Debye                                                 
        Polarizability, `, 2                                                   
        Rotational relaxation number, Zrot at 298K                              
        Comments                                                                
                                                                                

