!-----------------------------------Supplementary Material------------------------------------------------------------------------------------!
!Synergistic suppression of magnesium dust explosions by montmorillonite/ammonium polyphosphate composites: Experimental and kinetic modeling insights       !
!Dongyang Qiu, Mohammad Zaid Kamil, Mohammad Alauddin, Lijuan Liu*, Xianfeng Chen*, Chuyuan Huang*, Paul Amyotte                                                      !
!---------------------------------------------------------------------------------------------------------------------------------------------!

THERMO ALL
  300.000  1000.000  5000.000
Mg                J-9-83Mg  1               G     200.0    6000.0  1000.0      1
   2.31664484E0  3.65866339E-4 -2.33227803E-7  5.3711757E-11-2.99513065E-15    2
   1.70119233E4   4.63449516E0          2.5E0          0.0E0          0.0E0    3
          0.0E0          0.0E0   1.69465876E4   3.63433014E0                   4
MgO               tpis96Mg  1O   1          G     200.0    6000.0  1000.0      1
   6.63657954E0   7.0721883E-4 -1.01743532E-6 2.70917496E-10-2.13820667E-14    2
   7.96793985E2  -1.45650642E1   2.74583621E0  7.32623098E-3 -2.06147455E-5    3
  3.38241822E-8-1.67056054E-11   2.85899646E3   8.47751582E0                   4
MgO(L)            J12-74Mg  1O   1          L    3105.0    5000.0  3105.0      1
    8.0516715E0          0.0E0          0.0E0          0.0E0          0.0E0    2
   -6.9879451E4   -4.4343825E1    8.0516715E0          0.0E0          0.0E0    3
          0.0E0          0.0E0   -6.9879451E4   -4.4343825E1                   4
MgO(S)            J12-74Mg  1O   1          S     500.0    3105.0  1000.0      1
    5.0448681E0   1.6898201E-3  -7.5617695E-7  2.0286893E-10 -2.0591271E-14    2
   -7.4029285E4   -2.6328892E1  -4.5403953E-1   2.7873269E-2  -4.9062247E-5    3
   4.0474151E-8 -1.2670344E-11   -7.3057948E4   -6.355202E-1                   4
O                 L-1-90O   1               G     200.0    6000.0  1000.0      1
   2.54363697E0 -2.73162486E-5  -4.1902952E-9 4.95481845E-12-4.79553694E-16    2
    2.9226012E4   4.92229457E0    3.1682671E0 -3.27931884E-3  6.64306396E-6    3
 -6.12806624E-9 2.11265971E-12   2.91222592E4   2.05193346E0                   4
O2                RUS-89O   2               G     200.0    6000.0  1000.0      1
   3.66096065E0  6.56365811E-4 -1.41149627E-7 2.05797935E-11-1.29913436E-15    2
  -1.21597718E3   3.41536279E0   3.78245636E0 -2.99673416E-3  9.84730201E-6    3
 -9.68129509E-9 3.24372837E-12  -1.06394356E3   3.65767573E0                   4
H                 L-6-94H   1               G     200.0    6000.0  1000.0      1
          2.5E0          0.0E0          0.0E0          0.0E0          0.0E0    2
     2.547366E4  -4.4668285E-1          2.5E0          0.0E0          0.0E0    3
          0.0E0          0.0E0     2.547366E4  -4.4668285E-1                   4
H2                RUS.78H   2               G     200.0    6000.0  1000.0      1
    2.9328305E0   8.2659802E-4  -1.4640057E-7  1.5409851E-11 -6.8879615E-16    2
   -8.1305582E2   -1.0243164E0    2.3443029E0   7.9804248E-3  -1.9477917E-5    3
   2.0156967E-8 -7.3760289E-12   -9.1792413E2   6.8300218E-1                   4
H2O               L-5-89H   2O   1          G     200.0    6000.0  1000.0      1
    2.6770389E0   2.9731816E-3  -7.7376889E-7  9.4433514E-11 -4.2689991E-15    2
   -2.9885894E4      6.88255E0    4.1986352E0  -2.0364017E-3   6.5203416E-6    3
  -5.4879269E-9   1.771968E-12   -3.0293726E4  -8.4900901E-1                   4
OH                IU3-03H   1O   1          G     200.0    6000.0  1000.0      1
   2.83853033E0  1.10741289E-3 -2.94000209E-7 4.20698729E-11 -2.4228989E-15    2
   3.69780808E3   5.84494652E0   3.99198424E0 -2.40106655E-3  4.61664033E-6    3
 -3.87916306E-9 1.36319502E-12   3.36889836E3 -1.03998477E-1                   4
HO2               T-1-09H   1O   2          G     200.0    5000.0  1000.0      1
   4.17228741E0  1.88117627E-3 -3.46277286E-7 1.94657549E-11 1.76256905E-16    2
   3.10206839E1   2.95767672E0   4.30179807E0 -4.74912097E-3  2.11582905E-5    3
 -2.42763914E-8 9.29225225E-12   2.64018485E2    3.7166622E0                   4
H2O2              T-8-03H   2O   2          G     200.0    6000.0  1000.0      1
   4.57977305E0  4.05326003E-3  -1.2984473E-6   1.982114E-10-1.13968792E-14    2
  -1.80071775E4  6.64970694E-1   4.31515149E0 -8.47390622E-4  1.76404323E-5    3
 -2.26762944E-8 9.08950158E-12  -1.77067437E4   3.27373319E0                   4
N2                G-8-02N   2               G     200.0    6000.0  1000.0      1
   2.95257637E0   1.3969004E-3 -4.92631603E-7 7.86010195E-11-4.60755204E-15    2
  -9.23948688E2   5.87188762E0   3.53100528E0 -1.23660988E-4 -5.02999433E-7    3
  2.43530612E-9-1.40881235E-12  -1.04697628E3   2.96747038E0                   4
NO                RUS-89O   1N   1          G     200.0    6000.0  1000.0      1
   3.26071234E0  1.19101135E-3 -4.29122646E-7 6.94481463E-11-4.03295681E-15    2
   9.92143132E3   6.36900518E0   4.21859896E0 -4.63988124E-3  1.10443049E-5    3
 -9.34055507E-9 2.80554874E-12   9.84509964E3   2.28061001E0                   4
NO2               L-7-88O   2N   1          G     200.0    6000.0  1000.0      1
     4.884754E0   2.1723955E-3  -8.2806909E-7   1.574751E-10 -1.0510895E-14    2
    2.3164982E3  -1.1741695E-1    3.9440312E0   -1.585429E-3   1.6657812E-5    3
  -2.0475426E-8  7.8350564E-12     2.896618E3    6.3119919E0                   4
AR                L.6.88AR  1               G     200.0    6000.0  1000.0      1
          2.5E0          0.0E0          0.0E0          0.0E0          0.0E0    2
     -7.45375E2    4.3796749E0          2.5E0          0.0E0          0.0E0    3
          0.0E0          0.0E0     -7.45375E2    4.3796749E0                   4
P                 g-5-97P   1               G     200.0    6000.0  1000.0      1
   2.84887484E0 -6.01832614E-4  2.80616108E-7 -2.7818307E-11 2.11318457E-16    2
   3.71860272E4   3.44511877E0   2.50004371E0 -4.53972684E-7  1.64417443E-9    3
-2.42831947E-12 1.24575064E-15   3.73206053E4   5.38414422E0                   4
PO                .wErNEP   1O   1          G     300.0    5000.0  1392.0      1
    3.8136416E0  6.77688682E-4  -2.4649489E-7  3.9643409E-11-2.31582325E-15    2
  -2.80028936E3   4.01971609E0   2.78732755E0  3.38661782E-3 -3.03070796E-6    3
  1.35235791E-9-2.39451539E-13  -2.47722884E3   9.41764627E0                   4
PO2               .wErNEP   1O   2          G     300.0    5000.0  1417.0      1
   5.88792712E0  1.03179483E-3 -3.76732599E-7  6.1094358E-11-3.65379942E-15    2
  -3.61698056E4  -3.99920962E0   3.15414123E0  7.75861465E-3 -6.55982025E-6    3
  2.57292529E-9-3.83098659E-13  -3.52835354E4   1.05137681E1                   4
HPO               .wErNEP   1H   1O   1     G     300.0    5000.0  1484.0      1
   4.82140513E0  1.95364785E-3 -6.98247845E-7 1.11645424E-10-6.61191416E-15    2
  -1.09258456E4 -4.55629166E-1   3.03612826E0  4.55085531E-3  -1.0270052E-6    3
-7.87725156E-10 3.22116674E-13  -1.01609302E4   9.67027775E0                   4
HOPO              .wErNEP   1H   1O   2     G     300.0    5000.0  1411.0      1
   7.42091232E0  2.23271091E-3 -7.82792835E-7 1.23761911E-10-7.27804391E-15    2
   -5.7196246E4  -1.26320839E1   2.69126455E0  1.41786492E-2 -1.21784508E-5    3
  4.98616107E-9-7.88756958E-13  -5.56877793E4   1.23770517E1                   4
HPO3              .wErNEP   1H   1O   3     G     300.0    5000.0  1397.0      1
   9.55859497E0  3.12412315E-3 -1.12640116E-6 1.81236401E-10-1.07825185E-14    2
  -8.68674846E4  -2.35653983E1   2.20425911E0  2.16738995E-2 -1.88966901E-5    3
  7.84373317E-9 -1.2631592E-12  -8.45082492E4   1.53504327E1                   4
H3PO4             .wEr.gP   1H   3O   4     G     300.0    5000.0  1407.0      1
   1.09641289E1  9.77867548E-3 -4.54263644E-6 9.11398105E-10-6.26110888E-14    2
  -1.40514695E5  -2.52081299E1   6.20188458E0  2.36000032E-2 -1.97858113E-5    3
  8.43563748E-9-1.45735452E-12  -1.39176054E5 -6.63553739E-1                   4
PO3               .wErNEP   1O   3          G     300.0    5000.0  1385.0      1
   7.50191595E0  2.25996423E-3 -8.12291841E-7  1.3037161E-10-7.74134828E-15    2
  -5.45624887E4  -1.25276286E1   3.65142254E0  1.13762298E-2 -8.95202227E-6    3
  3.38650474E-9-5.00299647E-13  -5.32579612E4   8.07516782E0                   4
P2O3               BACG2P   2O   3          G     300.0    3000.0  1000.0      1
     8.502751E0   6.8059505E-3  -4.4982937E-6   1.2943537E-9 -1.3843932E-13    2
   -8.2155913E4   -9.8718714E0    4.6753674E0   2.0306654E-2   -2.347286E-5    3
   1.4050913E-8  -3.593751E-12   -8.1252103E4    9.1649802E0                   4
P2O4               BACG2P   2O   4          G     300.0    3000.0  1000.0      1
     9.893753E0   9.0879256E-3  -5.7987209E-6   1.6371645E-9 -1.7306518E-13    2
   -1.1277818E5   -1.6534077E1    4.8550607E0   2.6990353E-2  -3.1001919E-5    3
    1.849105E-8 -4.6874867E-12   -1.1160022E5    8.4817916E0                   4
P2O5               BACG2P   2O   5          G     300.0    3000.0  1000.0      1
    1.3654491E1   7.2700557E-3  -4.7059756E-6   1.3655235E-9 -1.4829849E-13    2
   -1.4140792E5   -3.7267141E1    3.4434411E0   4.4575959E-2  -5.7860881E-5    3
   3.6601824E-8 -9.3245468E-12   -1.3910535E5     1.308847E1                   4
HPO2              .wErNEP   1H   1O   2     G     300.0    5000.0  1383.0      1
   6.65631154E0  2.99195746E-3 -1.06801376E-6 1.70637261E-10-1.01004612E-14    2
  -5.15786749E4  -9.11924571E0   2.40302398E0   1.2597273E-2 -9.09491644E-6    3
  3.10305172E-9-4.02320498E-13   -5.0089731E4   1.38059737E1                   4
H2POH             T11-12H   3P   1O   1     G     200.0    6000.0  1000.0      1
   6.15922994E0  5.46647072E-3 -1.92690009E-6  3.0738163E-10-1.82564639E-14    2
  -2.76911446E4  -6.55338354E0   2.39504082E0  1.05844681E-2  8.84484556E-6    3
 -2.30430925E-8 1.12066638E-11  -2.64839015E4   1.39221049E1                   4
PO[OH]2           -werg2H   2P   1O   3     G     300.0    5000.0  1416.0      1
   8.18330651E0  7.38250349E-3 -3.53276392E-6 7.11701012E-10-4.87252736E-14    2
  -8.24056491E4  -1.09212172E1   5.10194663E0  1.69655715E-2 -1.45791001E-5    3
  6.31035541E-9-1.10219547E-12  -8.16232195E4    4.7008202E0                   4
PO[H][OH]         -melg2H   2P   1O   2     G     300.0    5000.0  1380.0      1
   9.31519144E0  3.39204365E-3 -1.23246018E-6 1.99221687E-10-1.18879539E-14    2
  -4.83409483E4  -2.23764707E1    2.4698856E0  1.89618241E-2 -1.41150176E-5    3
  4.73017085E-9-5.67506861E-13  -4.59865212E4   1.44290121E1                   4
PO[OH]2O          -pagg2H   2P   1O   4     G     300.0    5000.0  1327.0      1
    1.0063899E1   6.8094532E-3   -1.967286E-6 1.81042882E-10 1.55461665E-16    2
  -1.08763807E5  -1.99803914E1   5.84304731E0  2.16130106E-2 -1.84243185E-5    3
  7.63909073E-9-1.24820673E-12  -1.08132317E5  3.74445464E-1                   4
PH                tpis89H   1P   1          G     200.0    6000.0  1000.0      1
   3.19038459E0  9.44379562E-4 -1.75369338E-7 2.21554014E-11-1.74345542E-15    2
   2.67435431E4    5.1413163E0   3.55305265E0 -2.82506559E-4 -3.86398145E-8    3
   2.0250872E-9-1.27718672E-12   2.67030973E4   3.44583231E0                   4
PH2               A-5-05H   2P   1          G     200.0    6000.0  1000.0      1
   3.21773792E0  3.49542717E-3 -1.29980152E-6 2.17194645E-10-1.32490322E-14    2
     1.513167E4    6.1541596E0   4.16964428E0 -2.45830485E-3  1.00971169E-5    3
 -8.78319734E-9 2.59205016E-12    1.5086695E4   2.18270208E0                   4
PH3               A-6-05H   3P   1          G     200.0    6000.0  1000.0      1
   3.71229298E0  5.85959002E-3 -2.16607791E-6 3.56195511E-10-2.15913467E-14    2
  -1.88863997E2   1.92781913E0   4.17009763E0 -5.06487157E-3  2.86027846E-5    3
 -3.13123782E-8 1.13447768E-11   2.03144445E2   2.02004617E0                   4
P2                tpis89P   2               G     200.0    6000.0  1000.0      1
   4.03697036E0  6.51554887E-4 -3.19761319E-7 6.73955764E-11-3.88513853E-15    2
   1.60308763E4   2.91119457E0   2.96059558E0  3.85561096E-3 -2.87397939E-6    3
-3.19975727E-10 8.10022949E-13   1.62906903E4   8.34522787E0                   4
HPOH              T11-12H   2P   1O   1     G     200.0    6000.0  1000.0      1
   5.92320121E0  3.20816143E-3 -1.16290506E-6 1.89203705E-10-1.13985373E-14    2
  -1.45045236E4  -4.42324448E0   2.73904336E0  7.58978157E-3  6.74887605E-6    3
 -1.70992402E-8 8.16780196E-12  -1.34621653E4   1.29526425E1                   4
NH3  AMONIA       RUS 89N   1H   3    0    0G   200.000  6000.00  1000.0       1
 2.71709692E+00 5.56856338E-03-1.76886396E-06 2.67417260E-10-1.52731419E-14    2
-6.58451989E+03 6.09289837E+00 4.30177808E+00-4.77127330E-03 2.19341619E-05    3
-2.29856489E-08 8.28992268E-12-6.74806394E+03-6.90644393E-01-5.52528050E+03    4
N                 L 6/88N   1    0    0    0G   200.000  6000.00  1000.0       1
 0.24159429E+01 0.17489065E-03-0.11902369E-06 0.30226244E-10-0.20360983E-14    2
 0.56133775E+05 0.46496095E+01 0.25000000E+01 0.00000000E+00 0.00000000E+00    3
 0.00000000E+00 0.00000000E+00 0.56104638E+05 0.41939088E+01 0.56850013E+05    4
NH2               L12/89N   1H   2    0    0G   200.000  6000.00  1000.0       1
 0.28476611E+01 0.31428453E-02-0.89866557E-06 0.13032357E-09-0.74885356E-14    2
 0.21823916E+05 0.64718133E+01 0.42055601E+01-0.21355282E-02 0.72682021E-05    3
-0.59302799E-08 0.18067218E-11 0.21535223E+05-0.14663231E+00 0.22747541E+05    4
NH                      H   1N   1          G     200.0    6000.0  1000.0      1
    2.7836929E0   1.3298429E-3  -4.2478047E-7  7.8348504E-11  -5.504447E-15    2
    4.2134514E4    5.7407798E0    3.4929084E0   3.1179197E-4  -1.4890484E-6    3
   2.4816442E-9 -1.0356967E-12    4.1894294E4    1.8483277E0                   4
H2NO              102290H   2N   1O   1     G     300.0    4000.0  1500.0      1
     5.673346E0    2.298837E-3   -1.774446E-7  -1.103482E-10   1.859762E-14    2
     5.569325E3     -6.15354E0      2.53059E0    8.596035E-3    -5.47103E-6    3
    2.276249E-9  -4.648073E-13      6.86803E3     1.126651E1                   4
NNH               T07/93N   2H   1    0    0G   200.000  6000.00  1000.0       1
 0.37667545E+01 0.28915081E-02-0.10416620E-05 0.16842594E-09-0.10091896E-13    2
 0.28650697E+05 0.44705068E+01 0.43446927E+01-0.48497072E-02 0.20059459E-04    3
-0.21726464E-07 0.79469538E-11 0.28791973E+05 0.29779411E+01 0.30009829E+05    4
N2O               L 7/88N   2O   1    0    0G   200.000  6000.00  1000.0       1
 0.48230729E+01 0.26270251E-02-0.95850872E-06 0.16000712E-09-0.97752302E-14    2
 0.80734047E+04-0.22017208E+01 0.22571502E+01 0.11304728E-01-0.13671319E-04    3
 0.96819803E-08-0.29307182E-11 0.87417746E+04 0.10757992E+02 0.98141682E+04    4
NH2OH  WRA032798        N   1H   3O   1    0G   200.000  6000.000  1000.0      1
 3.98241375E+00 7.99825642E-03-2.74883544E-06 4.22874218E-10-2.42498273E-14    2
-6.44279418E+03 3.22666600E+00 2.67285464E+00 1.13645347E-02-4.92179546E-06    3
-9.18041765E-11 6.06669407E-13-6.08956846E+03 1.00068112E+01-4.83091791E+00    4
HNO               ATcT-AH   1O   1N   1     G     200.0    6000.0  1000.0      1
   3.16598124E0  2.99958892E-3 -3.94376786E-7-3.85344089E-11 7.07602668E-15    2
   1.17726311E4   7.64511172E0   4.53525574E0 -5.68543377E-3   1.8519854E-5    3
 -1.71881225E-8 5.55818157E-12   1.16183003E4   1.74315886E0                   4
HNO2              T-9-11H   1O   2N   1     G     200.0    6000.0  1000.0      1
   5.79182717E0  3.65162554E-3  -1.2929339E-6 2.06892796E-10-1.23154749E-14    2
  -1.15953895E4  -4.05538852E0   3.21415915E0  8.12778066E-3  1.65998916E-6    3
 -9.52814708E-9 4.87131424E-12  -1.07830727E4   9.82200056E0                   4
NO3               ATcT-AO   3N   1          G     200.0    6000.0  1000.0      1
   7.48347702E0  2.57772064E-3 -1.00945831E-6 1.72314063E-10-1.07154008E-14    2
   6.12990474E3  -1.41618136E1    2.1735933E0  1.04902685E-2  1.10472669E-5    3
 -2.81561867E-8  1.3658396E-11   7.81290905E3    1.4602209E1                   4
N2O3              L 4/90N   2O   3    0    0G   200.000  6000.000  1000.0      1
 9.08583845E+00 3.37756330E-03-1.31583890E-06 2.30762329E-10-1.47151267E-14    2
 7.27160146E+03-1.55361904E+01 5.81083964E+00 1.43330962E-02-1.96208597E-05    3
 1.73060735E-08-6.46553954E-12 8.19184453E+03 1.20461321E+00 1.04192062E+04    4
N2H2              L 5/90N   2H   2    0    0G   200.000  6000.00  1000.0       1
 0.13111509E+01 0.90018727E-02-0.31491187E-05 0.48144969E-09-0.27189798E-13    2
 0.24786417E+05 0.16409109E+02 0.49106602E+01-0.10779187E-01 0.38651644E-04    3
-0.38650163E-07 0.13485210E-10 0.24224273E+05 0.91027970E-01 0.25480756E+05    4
HONO         HNO2 RUS 89H   1N   1O   2    0G   200.000  6000.000  1000.0      1
 0.57919018E+01 0.36515212E-02-0.12928936E-05 0.20688716E-09-0.12315254E-13    2
-0.11565589E+05-0.40558233E+01 0.32141709E+01 0.81276869E-02 0.16602559E-05    3
-0.95285182E-08 0.48715058E-11-0.10753237E+05 0.98219504E+01-0.94355439E+04    4
HNO3              L 4/90H   1N   1O   3    0G   200.000  6000.00  1000.0       1
 0.80037397E+01 0.44984461E-02-0.17365219E-05 0.29369198E-09-0.18148285E-13    2
-0.19256280E+05-0.16098258E+02 0.17449337E+01 0.18804057E-01-0.81595875E-05    3
-0.57859036E-08 0.44377077E-11-0.17380530E+05 0.16954532E+02-0.16105924E+05    4
N2H3              T 7/93H   3N   2    0    0G   200.000  6000.00  1000.0       1
 0.43414654E+01 0.75280979E-02-0.27478351E-05 0.44688178E-09-0.26846990E-13    2
 0.25176779E+05 0.98835045E+00 0.33151120E+01 0.21514763E-02 0.21849694E-04    3
-0.29813376E-07 0.12038856E-10 0.25844190E+05 0.82263324E+01 0.27068024E+05    4
N2H4 HYDRAZINE    L 5/90N   2H   4    0    0G   200.000  6000.00  1000.0       1
 4.93957357E+00 8.75017187E-03-2.99399058E-06 4.67278418E-10-2.73068599E-14    2
 9.28265548E+03-2.69439772E+00 3.83472149E+00-6.49129555E-04 3.76848463E-05    3
-5.00709182E-08 2.03362064E-11 1.00893925E+04 5.75272030E+00 1.14474575E+04    4
N2O4              RUS 89N   2O   4    0    0G   200.000  6000.000  1000.0      1
 1.15752899E+01 4.01616086E-03-1.57178323E-06 2.68274309E-10-1.66922019E-14    2
-2.92191226E+03-3.19488439E+01 3.02002308E+00 2.95904321E-02-3.01342458E-05    3
 1.42360407E-08-2.44100049E-12-6.40040162E+02 1.18059606E+01 1.33632866E+03    4
NH2OH  WRA032798        N   1H   3O   1    0G   200.000  6000.000  1000.0      1
 3.98241375E+00 7.99825642E-03-2.74883544E-06 4.22874218E-10-2.42498273E-14    2
-6.44279418E+03 3.22666600E+00 2.67285464E+00 1.13645347E-02-4.92179546E-06    3
-9.18041765E-11 6.06669407E-13-6.08956846E+03 1.00068112E+01-4.83091791E+00    4
HNOH              102290H   2N   1O   1     G  0300.00   4000.00  1500.00      1
 0.06396134E+02 0.01821067E-01-0.01870891E-05-0.07844471E-09 0.14448555E-13    2
 0.07859615E+05-0.10404785E+02 0.02125274E+02 0.10662818E-01-0.07602588E-04    3
 0.03081641E-07-0.05726498E-11 0.09553544E+05 0.13096718E+02                   4
HNNO              103190H   1N   2O   1     G  0300.00   4000.00  1500.00      1
 0.06991217E+02 0.01875970E-01-0.02124584E-05-0.06710472E-09 0.12305080E-13    2
 0.02497566E+06-0.11235229E+02 0.02238298E+02 0.13591997E-01-0.11798728E-04    3
 0.05392970E-07-0.10108589E-11 0.02660258E+06 0.14136789E+02                   4
END