AR               0 1.276970E+02 3.462000E+00 0.000000E+00 1.609000E+00 2.000000E+00
N2               1 9.783900E+01 3.610000E+00 0.000000E+00 1.756000E+00 4.000000E+00
HE               0 1.144200E+01 2.715000E+00 0.000000E+00 2.040000E-01 2.000000E+00
H2               1 3.046900E+02 2.190000E+00 0.000000E+00 7.750000E-01 2.800000E+02
H                0 5.416720E+02 1.530000E+00 0.000000E+00 6.660000E-01 0.000000E+00
O2               1 6.764240E+02 3.069000E+00 0.000000E+00 1.487000E+00 3.800000E+00
O                0 2.356860E+02 2.485000E+00 0.000000E+00 7.440000E-01 0.000000E+00
H2O              2 6.370560E+02 2.943000E+00 1.851000E+00 1.407000E+00 4.000000E+00
OH               1 5.145980E+02 2.582000E+00 1.635000E+00 1.077000E+00 0.000000E+00
OHV              1 5.145980E+02 2.582000E+00 1.635000E+00 1.077000E+00 0.000000E+00
H2O2             2 1.361148E+03 3.179000E+00 1.702000E+00 2.239000E+00 3.800000E+00
HO2              2 9.630030E+02 3.129000E+00 2.146000E+00 1.959000E+00 3.800000E+00
HOCO             2 4.980000E+02 3.590000E+00 0.000000E+00 0.000000E+00 2.000000E+00
CO               1 9.810000E+01 3.650000E+00 0.000000E+00 1.950000E+00 1.800000E+00
CO2              1 2.440000E+02 3.763000E+00 0.000000E+00 2.650000E+00 2.100000E+00
CH3O2H           2 4.818000E+02 3.626000E+00 0.000000E+00 0.000000E+00 1.000000E+00
CH3O2            2 4.706000E+02 4.410000E+00 0.000000E+00 0.000000E+00 1.500000E+00
CH2O2H           2 4.706000E+02 4.410000E+00 0.000000E+00 0.000000E+00 1.500000E+00
CH4              2 1.414000E+02 3.746000E+00 0.000000E+00 2.600000E+00 1.300000E+01
CH3              1 1.440000E+02 3.800000E+00 0.000000E+00 0.000000E+00 0.000000E+00
CH2              1 1.440000E+02 3.800000E+00 0.000000E+00 0.000000E+00 0.000000E+00
CH2(S)           1 1.440000E+02 3.800000E+00 0.000000E+00 0.000000E+00 0.000000E+00
C                0 7.140000E+01 3.298000E+00 0.000000E+00 0.000000E+00 0.000000E+00
CH               1 8.000000E+01 2.750000E+00 0.000000E+00 0.000000E+00 0.000000E+00
CHV              1 8.000000E+01 2.750000E+00 0.000000E+00 0.000000E+00 0.000000E+00
CH3OH            2 4.818000E+02 3.626000E+00 0.000000E+00 0.000000E+00 1.000000E+00
CH3O             2 4.170000E+02 3.690000E+00 1.700000E+00 0.000000E+00 2.000000E+00
CH2OH            2 4.170000E+02 3.690000E+00 1.700000E+00 0.000000E+00 2.000000E+00
HO2CHO           2 4.360000E+02 3.970000E+00 0.000000E+00 0.000000E+00 2.000000E+00
HOCH2O2H         2 4.818000E+02 3.626000E+00 1.700000E+00 0.000000E+00 1.000000E+00
HOCH2O2          2 4.818000E+02 3.626000E+00 1.700000E+00 0.000000E+00 1.000000E+00
OCH2O2H          2 4.818000E+02 3.626000E+00 1.700000E+00 0.000000E+00 1.000000E+00
HOCH2O           2 2.384000E+02 3.496000E+00 0.000000E+00 0.000000E+00 1.500000E+00
O2CHO            2 4.360000E+02 3.970000E+00 0.000000E+00 0.000000E+00 2.000000E+00
HOCHO            2 4.360000E+02 3.970000E+00 0.000000E+00 0.000000E+00 2.000000E+00
OCHO             2 4.980000E+02 3.590000E+00 0.000000E+00 0.000000E+00 2.000000E+00
CH2O             2 4.980000E+02 3.590000E+00 0.000000E+00 0.000000E+00 1.000000E+00
HCO              2 4.980000E+02 3.590000E+00 0.000000E+00 0.000000E+00 0.000000E+00
HCOH             2 4.980000E+02 3.590000E+00 0.000000E+00 0.000000E+00 2.000000E+00
C3H6O3           2 4.642000E+02 5.009000E+00 2.600000E+00 0.000000E+00 1.000000E+00
C2H5O2H          2 4.706000E+02 4.410000E+00 0.000000E+00 0.000000E+00 1.500000E+00
C2H5O2           2 3.950000E+02 4.037000E+00 1.300000E+00 0.000000E+00 1.000000E+00
C2H6             2 2.475000E+02 4.350000E+00 0.000000E+00 0.000000E+00 1.500000E+00
C2H5             2 2.475000E+02 4.350000E+00 0.000000E+00 0.000000E+00 1.500000E+00
CHOCHO           1 4.402000E+02 4.010000E+00 0.000000E+00 0.000000E+00 2.000000E+00
C2H3OOH          2 4.360000E+02 3.970000E+00 0.000000E+00 0.000000E+00 2.000000E+00
C2H3OO           2 3.950000E+02 4.037000E+00 1.300000E+00 0.000000E+00 1.000000E+00
CHCHO            2 4.360000E+02 3.970000E+00 0.000000E+00 0.000000E+00 2.000000E+00
C2H4             2 2.384000E+02 3.496000E+00 0.000000E+00 0.000000E+00 1.500000E+00
C2H3             2 2.653000E+02 3.721000E+00 0.000000E+00 0.000000E+00 1.000000E+00
C2O              1 2.324000E+02 3.828000E+00 0.000000E+00 0.000000E+00 1.000000E+00
C2H2             2 2.090000E+02 4.100000E+00 0.000000E+00 0.000000E+00 2.500000E+00
C2H              1 2.653000E+02 3.721000E+00 0.000000E+00 0.000000E+00 2.500000E+00
H2CC             2 2.090000E+02 4.100000E+00 0.000000E+00 0.000000E+00 2.500000E+00
C2               1 9.753000E+01 3.621000E+00 0.000000E+00 1.760000E+00 4.000000E+00
O2C2H4OH         2 5.232000E+02 5.664000E+00 1.700000E+00 0.000000E+00 1.000000E+00
C2H4O2H          2 4.706000E+02 4.410000E+00 0.000000E+00 0.000000E+00 1.500000E+00
C2H4O1-2         2 4.706000E+02 4.410000E+00 0.000000E+00 0.000000E+00 1.500000E+00
C2H3O1-2         2 4.360000E+02 3.970000E+00 0.000000E+00 0.000000E+00 2.000000E+00
C2H5OH           2 4.706000E+02 4.410000E+00 0.000000E+00 0.000000E+00 1.500000E+00
C2H5O            2 4.706000E+02 4.410000E+00 0.000000E+00 0.000000E+00 1.500000E+00
PC2H4OH          2 4.706000E+02 4.410000E+00 0.000000E+00 0.000000E+00 1.500000E+00
SC2H4OH          2 4.706000E+02 4.410000E+00 0.000000E+00 0.000000E+00 1.500000E+00
O2CH2CHO         2 3.950000E+02 4.037000E+00 1.300000E+00 0.000000E+00 1.000000E+00
HO2CH2CO         2 3.950000E+02 4.037000E+00 1.300000E+00 0.000000E+00 1.000000E+00
CH2CO2           1 4.402000E+02 4.010000E+00 0.000000E+00 0.000000E+00 2.000000E+00
CH3CHO           2 4.706000E+02 4.410000E+00 0.000000E+00 0.000000E+00 1.500000E+00
CH3CO            2 2.247000E+02 4.162000E+00 0.000000E+00 0.000000E+00 1.000000E+00
CH2CHO           2 4.360000E+02 3.970000E+00 0.000000E+00 0.000000E+00 2.000000E+00
CH2COHCO         2 4.352000E+02 4.662000E+00 2.700000E+00 0.000000E+00 1.000000E+00
C2H3OH           2 4.706000E+02 4.410000E+00 0.000000E+00 0.000000E+00 1.500000E+00
C2H2OH           2 4.360000E+02 3.970000E+00 0.000000E+00 0.000000E+00 2.000000E+00
SC2H2OH          2 4.360000E+02 3.970000E+00 0.000000E+00 0.000000E+00 2.000000E+00
CH2CO            2 4.360000E+02 3.970000E+00 0.000000E+00 0.000000E+00 2.000000E+00
HCCO             2 1.500000E+02 2.500000E+00 0.000000E+00 0.000000E+00 1.000000E+00
HCCOH            2 4.360000E+02 3.970000E+00 0.000000E+00 0.000000E+00 2.000000E+00
CH2COOH          2 4.360000E+02 3.970000E+00 0.000000E+00 0.000000E+00 2.000000E+00
CH3CCO           2 7.495960E+02 5.140000E+00 0.000000E+00 0.000000E+00 0.000000E+00
CH3COH           2 4.360000E+02 3.970000E+00 0.000000E+00 0.000000E+00 2.000000E+00
CH3CO3H          2 2.750490E+02 5.428000E+00 0.000000E+00 0.000000E+00 1.000000E+00
CH3CO3           2 3.950000E+02 4.037000E+00 1.300000E+00 0.000000E+00 1.000000E+00
CH3CO2           2 4.360000E+02 3.970000E+00 0.000000E+00 0.000000E+00 2.000000E+00
CH3OCH2O2H       2 3.950000E+02 4.037000E+00 1.300000E+00 0.000000E+00 1.000000E+00
CH3OCH2O2        2 5.232000E+02 5.664000E+00 1.700000E+00 0.000000E+00 1.000000E+00
CH2OCH2O2H       2 5.232000E+02 5.664000E+00 1.700000E+00 0.000000E+00 1.000000E+00
O2CH2OCH2O2H     2 3.950000E+02 4.037000E+00 1.300000E+00 0.000000E+00 1.000000E+00
HO2CH2OCHO       2 3.950000E+02 4.037000E+00 1.300000E+00 0.000000E+00 1.000000E+00
OCH2OCHO         2 3.950000E+02 4.037000E+00 1.300000E+00 0.000000E+00 1.000000E+00
HOCH2OCO         2 3.950000E+02 4.037000E+00 1.300000E+00 0.000000E+00 1.000000E+00
CH3OCH2OH        2 4.706000E+02 4.410000E+00 0.000000E+00 0.000000E+00 1.500000E+00
CH3OCH2O         2 3.950000E+02 4.037000E+00 1.300000E+00 0.000000E+00 1.000000E+00
CH3OCH3          2 4.706000E+02 4.410000E+00 0.000000E+00 0.000000E+00 1.500000E+00
CH3OCH2          2 4.706000E+02 4.410000E+00 0.000000E+00 0.000000E+00 1.500000E+00
CH3OCHO          2 4.360000E+02 3.970000E+00 0.000000E+00 0.000000E+00 2.000000E+00
CH3OCO           2 4.360000E+02 3.970000E+00 0.000000E+00 0.000000E+00 2.000000E+00
CH2OCHO          2 4.360000E+02 3.970000E+00 0.000000E+00 0.000000E+00 2.000000E+00
CH3COCH          2 3.345980E+02 5.640000E+00 0.000000E+00 0.000000E+00 0.000000E+00
CH2COCH2         2 3.345980E+02 5.640000E+00 0.000000E+00 0.000000E+00 0.000000E+00
CH3CCHO          2 3.345980E+02 5.640000E+00 0.000000E+00 0.000000E+00 0.000000E+00
CH2CCO           2 4.195570E+02 4.557000E+00 0.000000E+00 0.000000E+00 1.000000E+00
NC3H7O2H         2 4.595000E+02 5.036000E+00 1.700000E+00 0.000000E+00 1.000000E+00
NC3H7O2          2 4.352000E+02 4.662000E+00 2.700000E+00 0.000000E+00 1.000000E+00
IC3H7O2H         2 4.595000E+02 5.036000E+00 1.700000E+00 0.000000E+00 1.000000E+00
IC3H7O2          2 4.352000E+02 4.662000E+00 2.700000E+00 0.000000E+00 1.000000E+00
C3H6OOH1-2       2 4.815000E+02 4.997000E+00 1.700000E+00 0.000000E+00 1.000000E+00
C3H6OOH1-3       2 4.815000E+02 4.997000E+00 1.700000E+00 0.000000E+00 1.000000E+00
C3H6OOH2-1       2 4.595000E+02 5.036000E+00 1.700000E+00 0.000000E+00 1.000000E+00
C3H6OOH1-2O2     2 5.496550E+02 5.716000E+00 0.000000E+00 0.000000E+00 0.000000E+00
C3H6OOH1-3O2     2 5.496550E+02 5.716000E+00 0.000000E+00 0.000000E+00 0.000000E+00
C3H6OOH2-1O2     2 5.496550E+02 5.716000E+00 0.000000E+00 0.000000E+00 0.000000E+00
C3KET12          2 4.642000E+02 5.009000E+00 2.600000E+00 0.000000E+00 1.000000E+00
C3KET13          2 4.642000E+02 5.009000E+00 2.600000E+00 0.000000E+00 1.000000E+00
C3H51-2,3OOH     2 5.496550E+02 5.716000E+00 0.000000E+00 0.000000E+00 0.000000E+00
C3H5O1-2OOH-3    2 4.642000E+02 5.009000E+00 2.600000E+00 0.000000E+00 1.000000E+00
C3H6O1-2         2 4.595000E+02 5.036000E+00 1.700000E+00 0.000000E+00 1.000000E+00
C3H6O1-3         2 4.595000E+02 5.036000E+00 1.700000E+00 0.000000E+00 1.000000E+00
C3H5-SOOH        2 8.877400E+02 6.280000E+00 0.000000E+00 0.000000E+00 0.000000E+00
SC3H5OO          2 9.315170E+02 5.960000E+00 0.000000E+00 0.000000E+00 0.000000E+00
TC3H5OO          2 9.315170E+02 5.960000E+00 0.000000E+00 0.000000E+00 0.000000E+00
CH3COCHO         2 9.208030E+02 6.250000E+00 0.000000E+00 0.000000E+00 0.000000E+00
CH2CHOCHO        2 9.208030E+02 6.250000E+00 0.000000E+00 0.000000E+00 0.000000E+00
OCHCH2CH2O       2 8.398000E+02 5.840000E+00 0.000000E+00 0.000000E+00 0.000000E+00
CH2CHOCO         2 4.352000E+02 4.662000E+00 2.700000E+00 0.000000E+00 1.000000E+00
C3H52-1,3OOH     2 5.496550E+02 5.716000E+00 0.000000E+00 0.000000E+00 0.000000E+00
C3H8             2 3.034000E+02 4.810000E+00 0.000000E+00 0.000000E+00 1.000000E+00
IC3H7            2 3.034000E+02 4.810000E+00 0.000000E+00 0.000000E+00 1.000000E+00
NC3H7            2 3.034000E+02 4.810000E+00 0.000000E+00 0.000000E+00 1.000000E+00
CH3CHCHO         2 4.173000E+02 4.800000E+00 0.000000E+00 0.000000E+00 1.000000E+00
CH3CHCO          2 3.197170E+02 4.854000E+00 0.000000E+00 6.100000E+00 1.000000E+00
C3H5O            2 4.110000E+02 4.820000E+00 0.000000E+00 0.000000E+00 1.000000E+00
CH2CHOCH2        2 4.110000E+02 4.820000E+00 0.000000E+00 0.000000E+00 1.000000E+00
AC4H7OOH         2 4.364000E+02 5.352000E+00 0.000000E+00 0.000000E+00 1.000000E+00
AC3H5OOH         2 8.877400E+02 6.280000E+00 0.000000E+00 0.000000E+00 0.000000E+00
C3H6             2 3.078000E+02 4.140000E+00 0.000000E+00 0.000000E+00 1.000000E+00
C3H5-A           2 3.160000E+02 4.220000E+00 0.000000E+00 0.000000E+00 1.000000E+00
C3H5-S           2 3.160000E+02 4.220000E+00 0.000000E+00 0.000000E+00 1.000000E+00
C3H5-T           2 3.160000E+02 4.220000E+00 0.000000E+00 0.000000E+00 1.000000E+00
CC3H6            2 3.078000E+02 4.140000E+00 0.000000E+00 0.000000E+00 1.000000E+00
PC3H4OH-1        2 4.110000E+02 4.820000E+00 0.000000E+00 0.000000E+00 1.000000E+00
PC3H4OH-2        2 4.110000E+02 4.820000E+00 0.000000E+00 0.000000E+00 1.000000E+00
SC3H4OH          2 4.173000E+02 4.800000E+00 0.000000E+00 0.000000E+00 1.000000E+00
C3H3O            2 7.495960E+02 5.140000E+00 0.000000E+00 0.000000E+00 0.000000E+00
C3H4O            2 3.197170E+02 4.854000E+00 0.000000E+00 6.100000E+00 1.000000E+00
C3H3O2H          2 3.630220E+02 5.230000E+00 0.000000E+00 6.670000E+00 1.000000E+00
C2HCHO           2 4.195570E+02 4.557000E+00 0.000000E+00 0.000000E+00 1.000000E+00
C3H5O31          2 9.739500E+02 6.530000E+00 0.000000E+00 0.000000E+00 0.000000E+00
C3H5O32          2 9.739500E+02 6.530000E+00 0.000000E+00 0.000000E+00 0.000000E+00
C3H4-P           1 3.248000E+02 4.290000E+00 0.000000E+00 0.000000E+00 1.000000E+00
C3H4-A           1 3.248000E+02 4.290000E+00 0.000000E+00 0.000000E+00 1.000000E+00
C3H3             1 3.248000E+02 4.290000E+00 0.000000E+00 0.000000E+00 1.000000E+00
CC3H4            1 3.248000E+02 4.290000E+00 0.000000E+00 0.000000E+00 1.000000E+00
C3H2             2 2.653000E+02 3.721000E+00 0.000000E+00 0.000000E+00 1.000000E+00
H2CCC(S)         2 2.653000E+02 3.721000E+00 0.000000E+00 0.000000E+00 1.000000E+00
C3H2(S)          2 2.653000E+02 3.721000E+00 0.000000E+00 0.000000E+00 1.000000E+00
C3H2C            2 2.653000E+02 3.721000E+00 0.000000E+00 0.000000E+00 1.000000E+00
TQJC3H6OH        2 4.642000E+02 5.009000E+00 2.600000E+00 0.000000E+00 1.000000E+00
TQC3H6OI         2 4.642000E+02 5.009000E+00 2.600000E+00 0.000000E+00 1.000000E+00
QC3H5OHP         2 4.642000E+02 5.009000E+00 2.600000E+00 0.000000E+00 1.000000E+00
TQC3H5OHI        2 4.642000E+02 5.009000E+00 2.600000E+00 0.000000E+00 1.000000E+00
QC3H5OHPO2       2 4.960000E+02 5.200000E+00 0.000000E+00 0.000000E+00 1.000000E+00
C3H4OHOOH1-3-2   2 4.642000E+02 5.009000E+00 2.600000E+00 0.000000E+00 1.000000E+00
C3H4OH1KT2-3     2 5.022000E+02 5.356000E+00 1.800000E+00 0.000000E+00 1.000000E+00
C(OH)CY(COC)     2 8.877400E+02 6.280000E+00 0.000000E+00 0.000000E+00 0.000000E+00
CCY(COC)OH       2 8.877400E+02 6.280000E+00 0.000000E+00 0.000000E+00 0.000000E+00
CY(COC)COH       2 8.877400E+02 6.280000E+00 0.000000E+00 0.000000E+00 0.000000E+00
IQJC3H6OH        2 4.642000E+02 5.009000E+00 2.600000E+00 0.000000E+00 1.000000E+00
IQC3H6OT         2 4.642000E+02 5.009000E+00 2.600000E+00 0.000000E+00 1.000000E+00
IQC3H5OHPJ       2 4.642000E+02 5.009000E+00 2.600000E+00 0.000000E+00 1.000000E+00
IQC3H5OHPJC      2 4.642000E+02 5.009000E+00 2.600000E+00 0.000000E+00 1.000000E+00
CY(CCOC)OH       2 8.877400E+02 6.280000E+00 0.000000E+00 0.000000E+00 0.000000E+00
CHOCOHCH3        2 8.877400E+02 6.280000E+00 0.000000E+00 0.000000E+00 0.000000E+00
TQC3H5OHIO2      2 4.960000E+02 5.200000E+00 0.000000E+00 0.000000E+00 1.000000E+00
TQC3H5OHIQ-I     2 4.960000E+02 5.200000E+00 0.000000E+00 0.000000E+00 1.000000E+00
TQC3H5OHIQ-P     2 4.960000E+02 5.200000E+00 0.000000E+00 0.000000E+00 1.000000E+00
C2H3COHOOH       2 4.642000E+02 5.009000E+00 2.600000E+00 0.000000E+00 1.000000E+00
COHOOHCY(COC)    2 5.022000E+02 5.356000E+00 1.800000E+00 0.000000E+00 1.000000E+00
OHCY(COCC)OOH    2 5.022000E+02 5.356000E+00 1.800000E+00 0.000000E+00 1.000000E+00
IQC3H5OHPJO2     2 4.960000E+02 5.200000E+00 0.000000E+00 0.000000E+00 1.000000E+00
IQC3H5OTQ-I      2 4.960000E+02 5.200000E+00 0.000000E+00 0.000000E+00 1.000000E+00
IQC3H5OHQ-SJ     2 4.960000E+02 5.200000E+00 0.000000E+00 0.000000E+00 1.000000E+00
CHOCOHCH2OOH     2 5.022000E+02 5.356000E+00 1.800000E+00 0.000000E+00 1.000000E+00
TQC3H5OHTO2      2 4.960000E+02 5.200000E+00 0.000000E+00 0.000000E+00 1.000000E+00
OHCOCOOHCH3      2 5.022000E+02 5.356000E+00 1.800000E+00 0.000000E+00 1.000000E+00
HO2CH2CHO        2 2.750490E+02 5.428000E+00 0.000000E+00 0.000000E+00 1.000000E+00
CJCYCCO          2 4.110000E+02 4.820000E+00 0.000000E+00 0.000000E+00 1.000000E+00
CCYCCJO          2 4.110000E+02 4.820000E+00 0.000000E+00 0.000000E+00 1.000000E+00
CH3OCHCH2        2 4.595000E+02 5.036000E+00 1.700000E+00 0.000000E+00 1.000000E+00
NC3H7OH          2 4.815000E+02 4.997000E+00 1.700000E+00 0.000000E+00 1.000000E+00
C3H6OH1-1        2 4.879000E+02 4.820000E+00 0.000000E+00 0.000000E+00 1.000000E+00
C3H6OH1-2        2 4.879000E+02 4.820000E+00 0.000000E+00 0.000000E+00 1.000000E+00
C3H6OH1-3        2 4.879000E+02 4.820000E+00 0.000000E+00 0.000000E+00 1.000000E+00
NC3H7O           2 4.879000E+02 4.820000E+00 0.000000E+00 0.000000E+00 1.000000E+00
C3H5OH           2 4.595000E+02 5.036000E+00 1.700000E+00 0.000000E+00 1.000000E+00
SC3H5OH          2 4.595000E+02 5.036000E+00 1.700000E+00 0.000000E+00 1.000000E+00
CH2CCH2OH        2 4.110000E+02 4.820000E+00 0.000000E+00 0.000000E+00 1.000000E+00
IC3H7OH          2 4.815000E+02 4.997000E+00 1.700000E+00 0.000000E+00 1.000000E+00
C3H6OH2-1        2 4.879000E+02 4.820000E+00 0.000000E+00 0.000000E+00 1.000000E+00
TC3H6OH          2 4.879000E+02 4.820000E+00 0.000000E+00 0.000000E+00 1.000000E+00
IC3H7O           2 4.879000E+02 4.820000E+00 0.000000E+00 0.000000E+00 1.000000E+00
IC3H5OH          2 4.595000E+02 5.036000E+00 1.700000E+00 0.000000E+00 1.000000E+00
CH3COCH2O2       2 9.739500E+02 6.530000E+00 0.000000E+00 0.000000E+00 0.000000E+00
CH3COCH2O        2 8.398000E+02 5.840000E+00 0.000000E+00 0.000000E+00 0.000000E+00
C3KET21          2 4.642000E+02 5.009000E+00 2.600000E+00 0.000000E+00 1.000000E+00
CH3COCH3         2 4.595000E+02 5.036000E+00 1.700000E+00 0.000000E+00 1.000000E+00
CH3COCH2         2 4.173000E+02 4.800000E+00 0.000000E+00 0.000000E+00 1.000000E+00
C2H3CHO          2 3.197170E+02 4.854000E+00 0.000000E+00 6.100000E+00 1.000000E+00
C2H3CO           2 7.495960E+02 5.140000E+00 0.000000E+00 0.000000E+00 0.000000E+00
QCH3CHCO3H       2 9.739500E+02 6.530000E+00 0.000000E+00 0.000000E+00 0.000000E+00
CH3CHCOO         2 9.208030E+02 6.250000E+00 0.000000E+00 0.000000E+00 0.000000E+00
QCH2CH2CO3H      2 9.739500E+02 6.530000E+00 0.000000E+00 0.000000E+00 0.000000E+00
CCH2COOCH2       2 9.208030E+02 6.250000E+00 0.000000E+00 0.000000E+00 0.000000E+00
O2CH2CH2CO3H     2 1.073052E+03 6.990000E+00 0.000000E+00 0.000000E+00 0.000000E+00
C2H5CO2          2 8.398000E+02 5.840000E+00 0.000000E+00 0.000000E+00 0.000000E+00
CH3CH(OO)CO3H    2 1.073052E+03 6.990000E+00 0.000000E+00 0.000000E+00 0.000000E+00
CH2CH(OOH)CO3H   2 1.073052E+03 6.990000E+00 0.000000E+00 0.000000E+00 0.000000E+00
KCH3COCO3H       2 9.761304E+02 6.390000E+00 0.000000E+00 0.000000E+00 0.000000E+00
HO2CH2CH2CO3     2 1.073052E+03 6.990000E+00 0.000000E+00 0.000000E+00 0.000000E+00
CCH2OCHCO3H      2 9.761304E+02 6.390000E+00 0.000000E+00 0.000000E+00 0.000000E+00
CH3CH(OOH)CO3    2 1.073052E+03 6.990000E+00 0.000000E+00 0.000000E+00 0.000000E+00
KCHOCH2CO3H      2 9.761304E+02 6.390000E+00 0.000000E+00 0.000000E+00 0.000000E+00
CH3CH(OO)CHO     2 9.739500E+02 6.530000E+00 0.000000E+00 0.000000E+00 0.000000E+00
QCH2CH(OOH)CHO   2 9.739500E+02 6.530000E+00 0.000000E+00 0.000000E+00 0.000000E+00
QCH3CH(OOH)CO    2 9.739500E+02 6.530000E+00 0.000000E+00 0.000000E+00 0.000000E+00
O2CH2CH(OOH)CHO  2 1.073052E+03 6.990000E+00 0.000000E+00 0.000000E+00 0.000000E+00
KHO2CH2COCHO     2 9.761304E+02 6.390000E+00 0.000000E+00 0.000000E+00 0.000000E+00
HO2CH2CH(OOH)CO  2 1.073052E+03 6.990000E+00 0.000000E+00 0.000000E+00 0.000000E+00
HO2CH2CCHOCO     2 9.761304E+02 6.390000E+00 0.000000E+00 0.000000E+00 0.000000E+00
HO2CH2CH(OO)CHO  2 1.073052E+03 6.990000E+00 0.000000E+00 0.000000E+00 0.000000E+00
HCOCH(OOH)CHO    2 9.761304E+02 6.390000E+00 0.000000E+00 0.000000E+00 0.000000E+00
O2CH2CH2CHO      2 9.739500E+02 6.530000E+00 0.000000E+00 0.000000E+00 0.000000E+00
QHO2CH2CH2CO     2 9.739500E+02 6.530000E+00 0.000000E+00 0.000000E+00 0.000000E+00
QHO2CH2CHCHO     2 9.739500E+02 6.530000E+00 0.000000E+00 0.000000E+00 0.000000E+00
CYC2H3OCHO       2 9.208030E+02 6.250000E+00 0.000000E+00 0.000000E+00 0.000000E+00
C2H5CHO          2 4.595000E+02 5.036000E+00 1.700000E+00 0.000000E+00 1.000000E+00
C2H5CO           2 4.173000E+02 4.800000E+00 0.000000E+00 0.000000E+00 1.000000E+00
CH2CH2CHO        2 4.110000E+02 4.820000E+00 0.000000E+00 0.000000E+00 1.000000E+00
CH2CHCHOH        2 4.110000E+02 4.820000E+00 0.000000E+00 0.000000E+00 1.000000E+00
CH3C(OH)CH       2 4.110000E+02 4.820000E+00 0.000000E+00 0.000000E+00 1.000000E+00
PC4H9O           2 4.960000E+02 5.200000E+00 0.000000E+00 0.000000E+00 1.000000E+00
SC4H9O           2 4.960000E+02 5.200000E+00 0.000000E+00 0.000000E+00 1.000000E+00
PC4H9O2          2 4.960000E+02 5.200000E+00 0.000000E+00 0.000000E+00 1.000000E+00
SC4H9O2          2 4.960000E+02 5.200000E+00 0.000000E+00 0.000000E+00 1.000000E+00
PC4H9O2H         2 5.055400E+02 5.450000E+00 0.000000E+00 0.000000E+00 0.000000E+00
SC4H9O2H         2 5.055400E+02 5.450000E+00 0.000000E+00 0.000000E+00 0.000000E+00
C4H8OOH1-2       2 4.960000E+02 5.200000E+00 0.000000E+00 0.000000E+00 1.000000E+00
C4H8OOH1-3       2 4.960000E+02 5.200000E+00 0.000000E+00 0.000000E+00 1.000000E+00
C4H8OOH1-4       2 4.960000E+02 5.200000E+00 0.000000E+00 0.000000E+00 1.000000E+00
C4H8OOH2-1       2 4.960000E+02 5.200000E+00 0.000000E+00 0.000000E+00 1.000000E+00
C4H8OOH2-3       2 4.960000E+02 5.200000E+00 0.000000E+00 0.000000E+00 1.000000E+00
C4H8OOH2-4       2 4.960000E+02 5.200000E+00 0.000000E+00 0.000000E+00 1.000000E+00
C4H8O1-2         2 4.364000E+02 5.352000E+00 0.000000E+00 0.000000E+00 1.000000E+00
C4H8O1-3         2 4.364000E+02 5.352000E+00 0.000000E+00 0.000000E+00 1.000000E+00
C4H8O1-4         2 4.364000E+02 5.352000E+00 0.000000E+00 0.000000E+00 1.000000E+00
C4H8O2-3         2 4.364000E+02 5.352000E+00 0.000000E+00 0.000000E+00 1.000000E+00
C4H8OOH1-2O2     2 4.960000E+02 5.200000E+00 0.000000E+00 0.000000E+00 1.000000E+00
C4H8OOH1-3O2     2 4.960000E+02 5.200000E+00 0.000000E+00 0.000000E+00 1.000000E+00
C4H8OOH1-4O2     2 4.960000E+02 5.200000E+00 0.000000E+00 0.000000E+00 1.000000E+00
C4H8OOH2-1O2     2 4.960000E+02 5.200000E+00 0.000000E+00 0.000000E+00 1.000000E+00
C4H8OOH2-3O2     2 4.960000E+02 5.200000E+00 0.000000E+00 0.000000E+00 1.000000E+00
C4H8OOH2-4O2     2 4.960000E+02 5.200000E+00 0.000000E+00 0.000000E+00 1.000000E+00
C4H71-2,4OOH     2 4.960000E+02 5.200000E+00 0.000000E+00 0.000000E+00 1.000000E+00
C4H72-1,3OOH     2 4.960000E+02 5.200000E+00 0.000000E+00 0.000000E+00 1.000000E+00
C4H72-1,4OOH     2 4.960000E+02 5.200000E+00 0.000000E+00 0.000000E+00 1.000000E+00
C4H71-2,3OOH     2 4.960000E+02 5.200000E+00 0.000000E+00 0.000000E+00 1.000000E+00
C4H7O1-3OOH-4    2 4.760000E+02 5.778000E+00 2.600000E+00 0.000000E+00 1.000000E+00
C4H7O1-3OOH-2    2 4.760000E+02 5.778000E+00 2.600000E+00 0.000000E+00 1.000000E+00
C4H7O1-2OOH-4    2 4.760000E+02 5.778000E+00 2.600000E+00 0.000000E+00 1.000000E+00
C4H7O1-4OOH-2    2 4.760000E+02 5.778000E+00 2.600000E+00 0.000000E+00 1.000000E+00
C4H7O1-2OOH-3    2 4.760000E+02 5.778000E+00 2.600000E+00 0.000000E+00 1.000000E+00
C4H7O2-3OOH-1    2 4.760000E+02 5.778000E+00 2.600000E+00 0.000000E+00 1.000000E+00
C4H72-1OOH       2 4.364000E+02 5.352000E+00 0.000000E+00 0.000000E+00 1.000000E+00
NC4KET12         2 4.760000E+02 5.778000E+00 2.600000E+00 0.000000E+00 1.000000E+00
NC4KET13         2 4.760000E+02 5.778000E+00 2.600000E+00 0.000000E+00 1.000000E+00
NC4KET14         2 4.760000E+02 5.778000E+00 2.600000E+00 0.000000E+00 1.000000E+00
NC4KET21         2 4.760000E+02 5.778000E+00 2.600000E+00 0.000000E+00 1.000000E+00
NC4KET23         2 4.760000E+02 5.778000E+00 2.600000E+00 0.000000E+00 1.000000E+00
NC4KET24         2 4.760000E+02 5.778000E+00 2.600000E+00 0.000000E+00 1.000000E+00
C4H71-3OOH       2 4.364000E+02 5.352000E+00 0.000000E+00 0.000000E+00 1.000000E+00
C4H71-4OOH       2 4.364000E+02 5.352000E+00 0.000000E+00 0.000000E+00 1.000000E+00
C4H71-3,4OOH     2 4.960000E+02 5.200000E+00 0.000000E+00 0.000000E+00 1.000000E+00
C4H72-3,4OOH     2 4.960000E+02 5.200000E+00 0.000000E+00 0.000000E+00 1.000000E+00
C4H71-O          2 7.363000E+02 5.440000E+00 0.000000E+00 0.000000E+00 0.000000E+00
C4H10            2 3.357000E+02 5.208000E+00 1.000000E-01 0.000000E+00 1.000000E+00
PC4H9            2 3.520000E+02 5.240000E+00 0.000000E+00 0.000000E+00 1.000000E+00
SC4H9            2 3.520000E+02 5.240000E+00 0.000000E+00 0.000000E+00 1.000000E+00
TC4H9O           2 4.960000E+02 5.200000E+00 0.000000E+00 0.000000E+00 1.000000E+00
IC4H9O           2 4.960000E+02 5.200000E+00 0.000000E+00 0.000000E+00 1.000000E+00
IC3H7CHO         2 4.364000E+02 5.352000E+00 0.000000E+00 0.000000E+00 1.000000E+00
SC4H7OH-I        2 4.364000E+02 5.352000E+00 0.000000E+00 0.000000E+00 1.000000E+00
SC4H7OH-IP       2 7.363000E+02 5.440000E+00 0.000000E+00 0.000000E+00 0.000000E+00
SC4H7OOH-I       2 4.760000E+02 5.778000E+00 2.600000E+00 0.000000E+00 1.000000E+00
SC4H7O-I         2 9.872000E+02 6.720000E+00 0.000000E+00 0.000000E+00 0.000000E+00
IC4H6OH          2 4.960000E+02 5.200000E+00 0.000000E+00 0.000000E+00 1.000000E+00
IC3H7CO          2 4.960000E+02 5.200000E+00 0.000000E+00 0.000000E+00 1.000000E+00
IC3H6CHO         2 4.960000E+02 5.200000E+00 0.000000E+00 0.000000E+00 1.000000E+00
TC3H6CHO         2 4.960000E+02 5.200000E+00 0.000000E+00 0.000000E+00 1.000000E+00
IC3H5CHO         2 4.369500E+02 5.016000E+00 0.000000E+00 0.000000E+00 0.000000E+00
IC3H6CO          2 4.369500E+02 5.016000E+00 0.000000E+00 0.000000E+00 0.000000E+00
IC3H5CO          2 5.361250E+02 5.088000E+00 0.000000E+00 0.000000E+00 1.000000E+00
IC3H4CHO-A       2 5.361250E+02 5.088000E+00 0.000000E+00 0.000000E+00 1.000000E+00
IC4H8O           2 4.364000E+02 5.352000E+00 0.000000E+00 0.000000E+00 1.000000E+00
TC3H6O2HCO       2 4.364000E+02 5.352000E+00 0.000000E+00 0.000000E+00 1.000000E+00
TC3H6OCHO        2 9.872000E+02 6.720000E+00 0.000000E+00 0.000000E+00 0.000000E+00
IC4H9O2          2 4.960000E+02 5.200000E+00 0.000000E+00 0.000000E+00 1.000000E+00
TC4H9O2          2 4.960000E+02 5.200000E+00 0.000000E+00 0.000000E+00 1.000000E+00
IC4H8O2H-I       2 4.960000E+02 5.200000E+00 0.000000E+00 0.000000E+00 1.000000E+00
IC4H8O2H-T       2 4.960000E+02 5.200000E+00 0.000000E+00 0.000000E+00 1.000000E+00
TC4H8O2H-I       2 4.960000E+02 5.200000E+00 0.000000E+00 0.000000E+00 1.000000E+00
CC4H8O           2 4.364000E+02 5.352000E+00 0.000000E+00 0.000000E+00 1.000000E+00
IC4H8OOH-IO2     2 4.960000E+02 5.200000E+00 0.000000E+00 0.000000E+00 1.000000E+00
IC4H8OOH-TO2     2 4.960000E+02 5.200000E+00 0.000000E+00 0.000000E+00 1.000000E+00
TC4H8OOH-IO2     2 4.960000E+02 5.200000E+00 0.000000E+00 0.000000E+00 1.000000E+00
IC4KETII         2 4.760000E+02 5.778000E+00 2.600000E+00 0.000000E+00 1.000000E+00
IC4KETIT         2 4.760000E+02 5.778000E+00 2.600000E+00 0.000000E+00 1.000000E+00
TIC4H7Q2-I       2 4.960000E+02 5.200000E+00 0.000000E+00 0.000000E+00 1.000000E+00
IIC4H7Q2-I       2 4.960000E+02 5.200000E+00 0.000000E+00 0.000000E+00 1.000000E+00
IIC4H7Q2-T       2 4.960000E+02 5.200000E+00 0.000000E+00 0.000000E+00 1.000000E+00
IC4H7OOH         2 4.364000E+02 5.352000E+00 0.000000E+00 0.000000E+00 1.000000E+00
IC4H9O2H         2 5.055400E+02 5.450000E+00 0.000000E+00 0.000000E+00 0.000000E+00
TC4H9O2H         2 5.055400E+02 5.450000E+00 0.000000E+00 0.000000E+00 0.000000E+00
IC4H10           2 3.357000E+02 5.208000E+00 1.000000E-01 0.000000E+00 1.000000E+00
IC4H9            2 3.520000E+02 5.240000E+00 0.000000E+00 0.000000E+00 1.000000E+00
TC4H9            2 3.520000E+02 5.240000E+00 0.000000E+00 0.000000E+00 1.000000E+00
IC4H7O2          2 4.815000E+02 4.997000E+00 1.700000E+00 0.000000E+00 1.000000E+00
IC4H6OOH-I       2 4.815000E+02 4.997000E+00 1.700000E+00 0.000000E+00 1.000000E+00
CCYCCOOC-T1      2 4.815000E+02 4.997000E+00 1.700000E+00 0.000000E+00 1.000000E+00
C2CYCOOC-I1      2 4.815000E+02 4.997000E+00 1.700000E+00 0.000000E+00 1.000000E+00
CCYCCOOC-I2      2 4.815000E+02 4.997000E+00 1.700000E+00 0.000000E+00 1.000000E+00
IC3H5OOCH2       2 4.815000E+02 4.997000E+00 1.700000E+00 0.000000E+00 1.000000E+00
CHOIC3H6O        2 9.872000E+02 6.720000E+00 0.000000E+00 0.000000E+00 0.000000E+00
CVCYCCOC         2 4.369500E+02 5.016000E+00 0.000000E+00 0.000000E+00 0.000000E+00
CCYC2OCO         2 9.872000E+02 6.720000E+00 0.000000E+00 0.000000E+00 0.000000E+00
CCYCCO-T1        2 4.110000E+02 4.820000E+00 0.000000E+00 0.000000E+00 1.000000E+00
IC4H7O           2 7.363000E+02 5.440000E+00 0.000000E+00 0.000000E+00 0.000000E+00
IC4H7-I1OO       2 4.815000E+02 4.997000E+00 1.700000E+00 0.000000E+00 1.000000E+00
IC4H7O-1         2 7.363000E+02 5.440000E+00 0.000000E+00 0.000000E+00 0.000000E+00
IC4YAA           2 8.764000E+02 5.710000E+00 0.000000E+00 0.000000E+00 0.000000E+00
IC4YAA-R         2 3.900840E+02 5.455000E+00 0.000000E+00 8.010000E+00 1.000000E+00
OVCC(VC)COOH     2 4.777960E+02 5.386000E+00 0.000000E+00 0.000000E+00 1.000000E+00
OVCC(VC)COJ      2 4.960000E+02 5.200000E+00 0.000000E+00 0.000000E+00 1.000000E+00
CVC(COOJ)COOH    2 5.566040E+02 5.647000E+00 0.000000E+00 0.000000E+00 1.000000E+00
IC4QA-AOJ        2 4.364000E+02 5.352000E+00 0.000000E+00 0.000000E+00 1.000000E+00
IC4H8            2 3.445000E+02 5.089000E+00 5.000000E-01 0.000000E+00 1.000000E+00
IC4H7            2 3.571000E+02 4.720000E+00 0.000000E+00 0.000000E+00 1.000000E+00
IC4H7-I1         2 3.571000E+02 4.720000E+00 0.000000E+00 0.000000E+00 1.000000E+00
SC3H5CHO         2 4.369500E+02 5.016000E+00 0.000000E+00 0.000000E+00 0.000000E+00
SC3H5CO          2 5.361250E+02 5.088000E+00 0.000000E+00 0.000000E+00 1.000000E+00
AC3H5OCH2        2 7.363000E+02 5.440000E+00 0.000000E+00 0.000000E+00 0.000000E+00
C4H7O1-4         2 7.363000E+02 5.440000E+00 0.000000E+00 0.000000E+00 0.000000E+00
C4H7O2-1         2 7.363000E+02 5.440000E+00 0.000000E+00 0.000000E+00 0.000000E+00
SC3H5OCH2-1      2 7.363000E+02 5.440000E+00 0.000000E+00 0.000000E+00 0.000000E+00
C4H71-1O2        2 4.815000E+02 4.997000E+00 1.700000E+00 0.000000E+00 1.000000E+00
C4H71-2O2        2 4.815000E+02 4.997000E+00 1.700000E+00 0.000000E+00 1.000000E+00
C4H71-3O2        2 4.815000E+02 4.997000E+00 1.700000E+00 0.000000E+00 1.000000E+00
C4H72-1O2        2 4.815000E+02 4.997000E+00 1.700000E+00 0.000000E+00 1.000000E+00
C4H71-4O2        2 4.815000E+02 4.997000E+00 1.700000E+00 0.000000E+00 1.000000E+00
C4H61OOH4-3O2    2 5.566040E+02 5.647000E+00 0.000000E+00 0.000000E+00 1.000000E+00
C4H61KET43       2 4.777960E+02 5.386000E+00 0.000000E+00 0.000000E+00 1.000000E+00
C4H61KET43O      2 4.960000E+02 5.200000E+00 0.000000E+00 0.000000E+00 1.000000E+00
C4H61-3OOH4      2 4.815000E+02 4.997000E+00 1.700000E+00 0.000000E+00 1.000000E+00
C4H6O1-3OOH4     2 4.364000E+02 5.352000E+00 0.000000E+00 0.000000E+00 1.000000E+00
C4H8-1           2 3.445000E+02 5.089000E+00 5.000000E-01 0.000000E+00 1.000000E+00
C4H71-1          2 3.571000E+02 4.720000E+00 0.000000E+00 0.000000E+00 1.000000E+00
C4H71-2          2 3.571000E+02 4.720000E+00 0.000000E+00 0.000000E+00 1.000000E+00
C4H71-3          2 3.571000E+02 4.720000E+00 0.000000E+00 0.000000E+00 1.000000E+00
C4H71-4          2 3.571000E+02 4.720000E+00 0.000000E+00 0.000000E+00 1.000000E+00
C4H6-1           2 3.570000E+02 5.180000E+00 0.000000E+00 0.000000E+00 1.000000E+00
C4H5-1           2 3.570000E+02 5.180000E+00 0.000000E+00 0.000000E+00 1.000000E+00
C4H5-3           2 3.570000E+02 5.180000E+00 0.000000E+00 0.000000E+00 1.000000E+00
C3H4O1-2         2 3.345980E+02 5.640000E+00 0.000000E+00 0.000000E+00 0.000000E+00
C4H5-4           2 3.570000E+02 5.180000E+00 0.000000E+00 0.000000E+00 1.000000E+00
C4H72-2O2        2 4.815000E+02 4.997000E+00 1.700000E+00 0.000000E+00 1.000000E+00
C4H8-2           2 3.445000E+02 5.089000E+00 5.000000E-01 0.000000E+00 1.000000E+00
C4H72-2          2 3.571000E+02 4.720000E+00 0.000000E+00 0.000000E+00 1.000000E+00
SC4H8OH-1O2      2 5.022000E+02 5.356000E+00 1.800000E+00 0.000000E+00 1.000000E+00
SC4H8OH-3O2      2 5.022000E+02 5.356000E+00 1.800000E+00 0.000000E+00 1.000000E+00
PQC4H8OS         2 5.022000E+02 5.356000E+00 1.800000E+00 0.000000E+00 1.000000E+00
PQC4H7OHS-3      2 5.022000E+02 5.356000E+00 1.800000E+00 0.000000E+00 1.000000E+00
SQC4H7OHS-4      2 5.022000E+02 5.356000E+00 1.800000E+00 0.000000E+00 1.000000E+00
SQC4H8OS         2 5.022000E+02 5.356000E+00 1.800000E+00 0.000000E+00 1.000000E+00
NC4KET12OH       2 4.364000E+02 5.352000E+00 0.000000E+00 0.000000E+00 1.000000E+00
NC4KET23OH       2 4.364000E+02 5.352000E+00 0.000000E+00 0.000000E+00 1.000000E+00
CH3COCOHCH3      2 9.872000E+02 6.720000E+00 0.000000E+00 0.000000E+00 0.000000E+00
CH3COHCO         2 9.208030E+02 6.250000E+00 0.000000E+00 0.000000E+00 0.000000E+00
CH2COHCHO        2 9.208030E+02 6.250000E+00 0.000000E+00 0.000000E+00 0.000000E+00
C4H71-3OH        2 4.364000E+02 5.352000E+00 0.000000E+00 0.000000E+00 1.000000E+00
C4H72-2OH        2 4.364000E+02 5.352000E+00 0.000000E+00 0.000000E+00 1.000000E+00
C4H63,1-3OH      2 4.960000E+02 5.200000E+00 0.000000E+00 0.000000E+00 1.000000E+00
CCY(COCC)OH      2 4.364000E+02 5.352000E+00 0.000000E+00 0.000000E+00 1.000000E+00
SQC4H7OHS-4O2    2 5.232000E+02 5.664000E+00 1.700000E+00 0.000000E+00 1.000000E+00
C4H7O2-1,3OOH    2 5.232000E+02 5.664000E+00 1.700000E+00 0.000000E+00 1.000000E+00
NC4KET13OH-2     2 5.971760E+02 5.992000E+00 0.000000E+00 0.000000E+00 0.000000E+00
C4H6OHOOH1-2-3   2 4.760000E+02 5.778000E+00 2.600000E+00 0.000000E+00 1.000000E+00
CH2(OH)OCH2      2 8.398000E+02 5.840000E+00 0.000000E+00 0.000000E+00 0.000000E+00
ET12IC4-1OOH     2 4.760000E+02 5.778000E+00 2.600000E+00 0.000000E+00 1.000000E+00
SQC4H7OHS-3      2 5.022000E+02 5.356000E+00 1.800000E+00 0.000000E+00 1.000000E+00
CCY(COC)OHC      2 4.364000E+02 5.352000E+00 0.000000E+00 0.000000E+00 1.000000E+00
SC4H8OH-1        2 4.960000E+02 5.200000E+00 0.000000E+00 0.000000E+00 1.000000E+00
SC4H8OH-2        2 4.960000E+02 5.200000E+00 0.000000E+00 0.000000E+00 1.000000E+00
SC4H8OH-3        2 4.960000E+02 5.200000E+00 0.000000E+00 0.000000E+00 1.000000E+00
PC4H8OH-2O2      2 5.022000E+02 5.356000E+00 1.800000E+00 0.000000E+00 1.000000E+00
SQC4H8OP         2 5.022000E+02 5.356000E+00 1.800000E+00 0.000000E+00 1.000000E+00
SQC4H7OHP-4      2 5.022000E+02 5.356000E+00 1.800000E+00 0.000000E+00 1.000000E+00
SQC4H7OHP-1      2 5.022000E+02 5.356000E+00 1.800000E+00 0.000000E+00 1.000000E+00
SQC4H7OHP-3      2 5.022000E+02 5.356000E+00 1.800000E+00 0.000000E+00 1.000000E+00
PQC4H7OHS-2      2 5.022000E+02 5.356000E+00 1.800000E+00 0.000000E+00 1.000000E+00
PQC4H7OHS-4      2 5.022000E+02 5.356000E+00 1.800000E+00 0.000000E+00 1.000000E+00
CY(CCCO)COH      2 4.364000E+02 5.352000E+00 0.000000E+00 0.000000E+00 1.000000E+00
C4H7OH1O1-2      2 4.364000E+02 5.352000E+00 0.000000E+00 0.000000E+00 1.000000E+00
C4H7OH1O2-3      2 4.364000E+02 5.352000E+00 0.000000E+00 0.000000E+00 1.000000E+00
C4H7OH2O1-2      2 4.364000E+02 5.352000E+00 0.000000E+00 0.000000E+00 1.000000E+00
C4H7OH2O1-4      2 4.364000E+02 5.352000E+00 0.000000E+00 0.000000E+00 1.000000E+00
NC4KET21OH       2 4.364000E+02 5.352000E+00 0.000000E+00 0.000000E+00 1.000000E+00
C2H5CHOHCO       2 9.872000E+02 6.720000E+00 0.000000E+00 0.000000E+00 0.000000E+00
C2H4COCH2OH      2 9.872000E+02 6.720000E+00 0.000000E+00 0.000000E+00 0.000000E+00
C4H71-1OH        2 4.364000E+02 5.352000E+00 0.000000E+00 0.000000E+00 1.000000E+00
C4H71-4OH        2 4.364000E+02 5.352000E+00 0.000000E+00 0.000000E+00 1.000000E+00
C4H72-1OH        2 4.364000E+02 5.352000E+00 0.000000E+00 0.000000E+00 1.000000E+00
C4H71-2OH        2 4.364000E+02 5.352000E+00 0.000000E+00 0.000000E+00 1.000000E+00
C4H63,1-2OH      2 4.960000E+02 5.200000E+00 0.000000E+00 0.000000E+00 1.000000E+00
C4H64,2-1OH      2 4.960000E+02 5.200000E+00 0.000000E+00 0.000000E+00 1.000000E+00
C4H63,1-1OH      2 4.960000E+02 5.200000E+00 0.000000E+00 0.000000E+00 1.000000E+00
C4H5OH-13        2 4.369500E+02 5.016000E+00 0.000000E+00 0.000000E+00 0.000000E+00
SQC4H7OHP-4O2    2 5.232000E+02 5.664000E+00 1.700000E+00 0.000000E+00 1.000000E+00
PQC4H7OHS-3O2    2 5.232000E+02 5.664000E+00 1.700000E+00 0.000000E+00 1.000000E+00
SQC4H7OHP-3O2    2 5.232000E+02 5.664000E+00 1.700000E+00 0.000000E+00 1.000000E+00
PQC4H7OHS-4O2    2 5.232000E+02 5.664000E+00 1.700000E+00 0.000000E+00 1.000000E+00
C4H6OH1KET2-3    2 5.971760E+02 5.992000E+00 0.000000E+00 0.000000E+00 0.000000E+00
C4H6OH2KET1-4    2 5.971760E+02 5.992000E+00 0.000000E+00 0.000000E+00 0.000000E+00
NC4KET24OH-1     2 5.971760E+02 5.992000E+00 0.000000E+00 0.000000E+00 0.000000E+00
NC4KET24OH-3     2 5.971760E+02 5.992000E+00 0.000000E+00 0.000000E+00 0.000000E+00
C4H6OHOOH1-4-3   2 4.760000E+02 5.778000E+00 2.600000E+00 0.000000E+00 1.000000E+00
C4H6OHOOH2-2-1   2 4.760000E+02 5.778000E+00 2.600000E+00 0.000000E+00 1.000000E+00
C4H6OHOOH1-3-4   2 4.760000E+02 5.778000E+00 2.600000E+00 0.000000E+00 1.000000E+00
HOCH2COCH2       2 8.398000E+02 5.840000E+00 0.000000E+00 0.000000E+00 0.000000E+00
HOCH2CHO         2 4.360000E+02 3.970000E+00 0.000000E+00 0.000000E+00 2.000000E+00
HOCH2CO          2 4.360000E+02 3.970000E+00 0.000000E+00 0.000000E+00 2.000000E+00
HOCHCHO          2 4.360000E+02 3.970000E+00 0.000000E+00 0.000000E+00 2.000000E+00
CH3COCHOH        2 8.398000E+02 5.840000E+00 0.000000E+00 0.000000E+00 0.000000E+00
PC4H8OH-1        2 4.960000E+02 5.200000E+00 0.000000E+00 0.000000E+00 1.000000E+00
PC4H8OH-2        2 4.960000E+02 5.200000E+00 0.000000E+00 0.000000E+00 1.000000E+00
PC4H8OH-3        2 4.960000E+02 5.200000E+00 0.000000E+00 0.000000E+00 1.000000E+00
PC4H8OH-4        2 4.960000E+02 5.200000E+00 0.000000E+00 0.000000E+00 1.000000E+00
TQJC4H8OH        2 5.022000E+02 5.356000E+00 1.800000E+00 0.000000E+00 1.000000E+00
TQC4H7OHI        2 5.022000E+02 5.356000E+00 1.800000E+00 0.000000E+00 1.000000E+00
IQJC4H8OH        2 5.022000E+02 5.356000E+00 1.800000E+00 0.000000E+00 1.000000E+00
TQC4H8OI         2 5.022000E+02 5.356000E+00 1.800000E+00 0.000000E+00 1.000000E+00
QC4H7OHP         2 5.022000E+02 5.356000E+00 1.800000E+00 0.000000E+00 1.000000E+00
IQC4H8OT         2 5.022000E+02 5.356000E+00 1.800000E+00 0.000000E+00 1.000000E+00
IQC4H7OHT        2 5.022000E+02 5.356000E+00 1.800000E+00 0.000000E+00 1.000000E+00
IC4H7OH          2 4.364000E+02 5.352000E+00 0.000000E+00 0.000000E+00 1.000000E+00
IC4H8OH          2 4.960000E+02 5.200000E+00 0.000000E+00 0.000000E+00 1.000000E+00
CCY(CCOC)OH      2 4.364000E+02 5.352000E+00 0.000000E+00 0.000000E+00 1.000000E+00
CCY(CCO)COH      2 4.364000E+02 5.352000E+00 0.000000E+00 0.000000E+00 1.000000E+00
C2CY(COC)OH      2 4.364000E+02 5.352000E+00 0.000000E+00 0.000000E+00 1.000000E+00
IC3H6OHCHO       2 4.364000E+02 5.352000E+00 0.000000E+00 0.000000E+00 1.000000E+00
CH2COHCH2O       2 8.398000E+02 5.840000E+00 0.000000E+00 0.000000E+00 0.000000E+00
CH2COHCH2OOH     2 4.642000E+02 5.009000E+00 2.600000E+00 0.000000E+00 1.000000E+00
TQC4H7OHIO2      2 5.232000E+02 5.664000E+00 1.700000E+00 0.000000E+00 1.000000E+00
TQC4H7OHTO2      2 5.232000E+02 5.664000E+00 1.700000E+00 0.000000E+00 1.000000E+00
TQC4H7OHIQ-I     2 5.232000E+02 5.664000E+00 1.700000E+00 0.000000E+00 1.000000E+00
TQC4H7OHIQ-P     2 5.232000E+02 5.664000E+00 1.700000E+00 0.000000E+00 1.000000E+00
IQC4H7OHTO2      2 5.232000E+02 5.664000E+00 1.700000E+00 0.000000E+00 1.000000E+00
IQC4H8OTQ-I      2 5.232000E+02 5.664000E+00 1.700000E+00 0.000000E+00 1.000000E+00
IQC4H7OHTQ-P     2 5.232000E+02 5.664000E+00 1.700000E+00 0.000000E+00 1.000000E+00
CH2CQCOHQ        2 4.960000E+02 5.200000E+00 0.000000E+00 0.000000E+00 1.000000E+00
IC3H5COHQ        2 4.760000E+02 5.778000E+00 2.600000E+00 0.000000E+00 1.000000E+00
IC3H5Q           2 8.877400E+02 6.280000E+00 0.000000E+00 0.000000E+00 0.000000E+00
COHQCYC(COC)     2 5.971760E+02 5.992000E+00 0.000000E+00 0.000000E+00 0.000000E+00
QCYC(CCOC)OH     2 5.971760E+02 5.992000E+00 0.000000E+00 0.000000E+00 0.000000E+00
HOCOCQ(CH3)2     2 5.971760E+02 5.992000E+00 0.000000E+00 0.000000E+00 0.000000E+00
CHOC(CH3)OHCH2Q  2 5.971760E+02 5.992000E+00 0.000000E+00 0.000000E+00 0.000000E+00
CO(CH2OOH)2      2 4.960000E+02 5.200000E+00 0.000000E+00 0.000000E+00 1.000000E+00
IC4H8OH-IT       2 4.960000E+02 5.200000E+00 0.000000E+00 0.000000E+00 1.000000E+00
IC4H8OH-TI       2 4.960000E+02 5.200000E+00 0.000000E+00 0.000000E+00 1.000000E+00
CH2CHCHCHO       2 5.361250E+02 5.088000E+00 0.000000E+00 0.000000E+00 1.000000E+00
NC4H5O2          2 3.948460E+02 7.972000E+00 0.000000E+00 8.350000E+00 1.000000E+00
C3H3CH2OOH       2 4.960000E+02 5.200000E+00 0.000000E+00 0.000000E+00 1.000000E+00
C3H3CH2O         2 5.361250E+02 5.088000E+00 0.000000E+00 0.000000E+00 1.000000E+00
C3H3CHO          1 3.570000E+02 5.180000E+00 0.000000E+00 0.000000E+00 1.000000E+00
C2H3CHOHCH2      2 7.363000E+02 5.440000E+00 0.000000E+00 0.000000E+00 0.000000E+00
C2H3CHOHCH2OO    2 4.364000E+02 5.352000E+00 0.000000E+00 0.000000E+00 1.000000E+00
C2H3CHOHCH2O     2 9.872000E+02 6.720000E+00 0.000000E+00 0.000000E+00 0.000000E+00
C4H51,3OH2       2 4.369500E+02 5.016000E+00 0.000000E+00 0.000000E+00 0.000000E+00
C2H3CHOHCHO      2 4.727490E+02 5.501000E+00 0.000000E+00 0.000000E+00 1.000000E+00
C4H5OH1-4OOH     2 4.364000E+02 5.352000E+00 0.000000E+00 0.000000E+00 1.000000E+00
C4H5OH1-4OOH-2OO 2 6.402650E+02 5.489000E+00 0.000000E+00 0.000000E+00 1.000000E+00
C3H3OHCHO1-2OOH  2 4.715890E+02 5.435000E+00 0.000000E+00 0.000000E+00 1.000000E+00
C4H5OJ1-2,4OOH   2 6.402650E+02 5.489000E+00 0.000000E+00 0.000000E+00 1.000000E+00
CDY(COCC)OH      2 4.727490E+02 5.501000E+00 0.000000E+00 0.000000E+00 1.000000E+00
C3H2OHCH2Q       2 4.777960E+02 5.386000E+00 0.000000E+00 0.000000E+00 1.000000E+00
C3H4CH2OH-3O     2 9.872000E+02 6.720000E+00 0.000000E+00 0.000000E+00 0.000000E+00
C2H3COCH2Q       2 4.777960E+02 5.386000E+00 0.000000E+00 0.000000E+00 1.000000E+00
C2H3COCH2OH      2 4.727490E+02 5.501000E+00 0.000000E+00 0.000000E+00 1.000000E+00
C3H4CH2OH-1OOH   2 4.760000E+02 5.778000E+00 2.600000E+00 0.000000E+00 1.000000E+00
C3H4CH2OH-1O     2 9.872000E+02 6.720000E+00 0.000000E+00 0.000000E+00 0.000000E+00
CHOC3H4OH        2 4.727490E+02 5.501000E+00 0.000000E+00 0.000000E+00 1.000000E+00
C4H61OOH3-4      2 4.815000E+02 4.997000E+00 1.700000E+00 0.000000E+00 1.000000E+00
C4H61-OOH3-OO4   2 5.566040E+02 5.647000E+00 0.000000E+00 0.000000E+00 1.000000E+00
C4H61-2OOH34     2 5.646580E+02 5.468000E+00 0.000000E+00 0.000000E+00 1.000000E+00
C4H61-OOH34-OO2  2 6.466670E+02 5.567000E+00 0.000000E+00 0.000000E+00 1.000000E+00
C4H412-OOH34     2 4.715890E+02 5.435000E+00 0.000000E+00 0.000000E+00 1.000000E+00
C3H3CHO-OOH23    2 5.137280E+02 6.142000E+00 0.000000E+00 0.000000E+00 1.000000E+00
C4H4O-OOH24      2 5.137280E+02 6.142000E+00 0.000000E+00 0.000000E+00 1.000000E+00
C4H512-OO4       2 3.948460E+02 7.972000E+00 0.000000E+00 8.350000E+00 1.000000E+00
C4H513-OO2       2 3.948460E+02 7.972000E+00 0.000000E+00 8.350000E+00 1.000000E+00
CYCCCOO-3J       2 3.948460E+02 7.972000E+00 0.000000E+00 8.350000E+00 1.000000E+00
CH2CYCOO-CH2     2 3.948460E+02 7.972000E+00 0.000000E+00 8.350000E+00 1.000000E+00
C2H3COOCH2       2 4.960000E+02 5.200000E+00 0.000000E+00 0.000000E+00 1.000000E+00
CYCOOC-CH2       2 3.948460E+02 7.972000E+00 0.000000E+00 8.350000E+00 1.000000E+00
C4H6O25          2 4.369500E+02 5.016000E+00 0.000000E+00 0.000000E+00 0.000000E+00
C2H3CHOCH2       1 3.570000E+02 5.180000E+00 0.000000E+00 0.000000E+00 1.000000E+00
C4H4O            2 5.361250E+02 5.088000E+00 0.000000E+00 0.000000E+00 1.000000E+00
C4H6O23          2 4.369500E+02 5.016000E+00 0.000000E+00 0.000000E+00 0.000000E+00
C4H6             2 3.570000E+02 5.180000E+00 0.000000E+00 0.000000E+00 1.000000E+00
C4H5-I           2 3.570000E+02 5.180000E+00 0.000000E+00 0.000000E+00 1.000000E+00
C4H5-N           2 3.570000E+02 5.180000E+00 0.000000E+00 0.000000E+00 1.000000E+00
C4H5-2           2 3.570000E+02 5.180000E+00 0.000000E+00 0.000000E+00 1.000000E+00
C4H4             2 3.570000E+02 5.180000E+00 0.000000E+00 0.000000E+00 1.000000E+00
C4H3-I           2 3.570000E+02 5.180000E+00 0.000000E+00 0.000000E+00 1.000000E+00
C4H3-N           2 3.570000E+02 5.180000E+00 0.000000E+00 0.000000E+00 1.000000E+00
C4H2             1 3.570000E+02 4.720000E+00 0.000000E+00 0.000000E+00 1.000000E+00
C4H612           2 3.570000E+02 5.180000E+00 0.000000E+00 0.000000E+00 1.000000E+00
C4H6-2           2 3.570000E+02 5.180000E+00 0.000000E+00 0.000000E+00 1.000000E+00
H2C4O            2 3.570000E+02 5.180000E+00 0.000000E+00 0.000000E+00 1.000000E+00
C3H6CHO-1O2      2 4.364000E+02 5.352000E+00 0.000000E+00 0.000000E+00 1.000000E+00
C3H6CHO-2O2      2 4.364000E+02 5.352000E+00 0.000000E+00 0.000000E+00 1.000000E+00
C3H6CHO-3O2      2 4.364000E+02 5.352000E+00 0.000000E+00 0.000000E+00 1.000000E+00
C3H6COQ1         2 4.364000E+02 5.352000E+00 0.000000E+00 0.000000E+00 1.000000E+00
C3H5CHOQ1-3      2 4.364000E+02 5.352000E+00 0.000000E+00 0.000000E+00 1.000000E+00
C3H6COQ2         2 4.364000E+02 5.352000E+00 0.000000E+00 0.000000E+00 1.000000E+00
C3H5CHOQ2-1      2 4.364000E+02 5.352000E+00 0.000000E+00 0.000000E+00 1.000000E+00
C3H6COQ3         2 4.364000E+02 5.352000E+00 0.000000E+00 0.000000E+00 1.000000E+00
C3H5CHOQ3-1      2 4.364000E+02 5.352000E+00 0.000000E+00 0.000000E+00 1.000000E+00
C3H5CHOQ3-2      2 4.364000E+02 5.352000E+00 0.000000E+00 0.000000E+00 1.000000E+00
CH3CYC2H2OCHO    2 4.727490E+02 5.501000E+00 0.000000E+00 0.000000E+00 1.000000E+00
CYC3H5OCHO       2 4.727490E+02 5.501000E+00 0.000000E+00 0.000000E+00 1.000000E+00
CYC2H3OCH2CHO    2 4.727490E+02 5.501000E+00 0.000000E+00 0.000000E+00 1.000000E+00
C3H5CHOQ1-3O2    2 6.402650E+02 5.489000E+00 0.000000E+00 0.000000E+00 1.000000E+00
C3H5CHOQ2-1O2    2 6.402650E+02 5.489000E+00 0.000000E+00 0.000000E+00 1.000000E+00
C3H5CHOQ3-1O2    2 6.402650E+02 5.489000E+00 0.000000E+00 0.000000E+00 1.000000E+00
C2H4COCHOQ3      2 4.715890E+02 5.435000E+00 0.000000E+00 0.000000E+00 1.000000E+00
CH3COCHCHOQ1     2 4.715890E+02 5.435000E+00 0.000000E+00 0.000000E+00 1.000000E+00
CHOCH2CHCHOQ1    2 4.715890E+02 5.435000E+00 0.000000E+00 0.000000E+00 1.000000E+00
NC3H7CHO         2 4.364000E+02 5.352000E+00 0.000000E+00 0.000000E+00 1.000000E+00
NC3H7CO          2 4.960000E+02 5.200000E+00 0.000000E+00 0.000000E+00 1.000000E+00
C3H6CHO-1        2 4.960000E+02 5.200000E+00 0.000000E+00 0.000000E+00 1.000000E+00
C3H6CHO-2        2 4.960000E+02 5.200000E+00 0.000000E+00 0.000000E+00 1.000000E+00
C3H6CHO-3        2 4.960000E+02 5.200000E+00 0.000000E+00 0.000000E+00 1.000000E+00
CH3CHOOCOCH3     2 4.364000E+02 5.352000E+00 0.000000E+00 0.000000E+00 1.000000E+00
CH2CHOOHCOCH3    2 4.364000E+02 5.352000E+00 0.000000E+00 0.000000E+00 1.000000E+00
C2H5COCH3        2 4.364000E+02 5.352000E+00 0.000000E+00 0.000000E+00 1.000000E+00
C2H5COCH2        2 4.960000E+02 5.200000E+00 0.000000E+00 0.000000E+00 1.000000E+00
CH2CH2COCH3      2 4.960000E+02 5.200000E+00 0.000000E+00 0.000000E+00 1.000000E+00
CH3CHCOCH3       2 4.960000E+02 5.200000E+00 0.000000E+00 0.000000E+00 1.000000E+00
C2H3COCH3        2 4.369500E+02 5.016000E+00 0.000000E+00 0.000000E+00 0.000000E+00
C2H5CHCO         2 4.369500E+02 5.016000E+00 0.000000E+00 0.000000E+00 0.000000E+00
CVOCVCCOOH       2 4.777960E+02 5.386000E+00 0.000000E+00 0.000000E+00 1.000000E+00
OVCCVCCOJ        2 4.960000E+02 5.200000E+00 0.000000E+00 0.000000E+00 1.000000E+00
OVCCVCCJVO       2 3.900840E+02 5.455000E+00 0.000000E+00 8.010000E+00 1.000000E+00
OVCCVCCVO        2 8.764000E+02 5.710000E+00 0.000000E+00 0.000000E+00 0.000000E+00
OCH2CHO          2 4.360000E+02 3.970000E+00 0.000000E+00 0.000000E+00 2.000000E+00
CH2OCH2CHO       2 8.398000E+02 5.840000E+00 0.000000E+00 0.000000E+00 0.000000E+00
C2H4OCHO         2 8.398000E+02 5.840000E+00 0.000000E+00 0.000000E+00 0.000000E+00
IC4H6Q2-II       2 5.971760E+02 5.992000E+00 0.000000E+00 0.000000E+00 0.000000E+00
CH3COCOHCH2      2 4.727490E+02 5.501000E+00 0.000000E+00 0.000000E+00 1.000000E+00
AC3H5CHO         2 4.369500E+02 5.016000E+00 0.000000E+00 0.000000E+00 0.000000E+00
CH3COOH          2 4.360000E+02 3.970000E+00 0.000000E+00 0.000000E+00 2.000000E+00
C2H5COOH         2 8.877400E+02 6.280000E+00 0.000000E+00 0.000000E+00 0.000000E+00
C4H7O23-1        2 7.363000E+02 5.440000E+00 0.000000E+00 0.000000E+00 0.000000E+00
C4H7O12-4        2 7.363000E+02 5.440000E+00 0.000000E+00 0.000000E+00 0.000000E+00
C4H7O13-4        2 7.363000E+02 5.440000E+00 0.000000E+00 0.000000E+00 0.000000E+00
CC4H7O-IJ        2 7.363000E+02 5.440000E+00 0.000000E+00 0.000000E+00 0.000000E+00
C2H5CO3          2 9.739500E+02 6.530000E+00 0.000000E+00 0.000000E+00 0.000000E+00
C2H5CO3H         2 4.642000E+02 5.009000E+00 2.600000E+00 0.000000E+00 1.000000E+00
OVCCCJVO         2 4.352000E+02 4.662000E+00 2.700000E+00 0.000000E+00 1.000000E+00
OVCCCVO          2 9.208030E+02 6.250000E+00 0.000000E+00 0.000000E+00 0.000000E+00
C4Y1-3OR         2 9.872000E+02 6.720000E+00 0.000000E+00 0.000000E+00 0.000000E+00
CJVCCVO          2 7.495960E+02 5.140000E+00 0.000000E+00 0.000000E+00 0.000000E+00
HOCVCCVO         2 9.208030E+02 6.250000E+00 0.000000E+00 0.000000E+00 0.000000E+00
HOCVCCJVO        2 4.352000E+02 4.662000E+00 2.700000E+00 0.000000E+00 1.000000E+00
OC4H6O           2 4.727490E+02 5.501000E+00 0.000000E+00 0.000000E+00 1.000000E+00
OC4H5O           2 4.960000E+02 5.200000E+00 0.000000E+00 0.000000E+00 1.000000E+00
O2CCHOOJ         2 4.706000E+02 4.410000E+00 0.000000E+00 0.000000E+00 1.500000E+00
NO               1 1.393200E+02 3.339000E+00 2.000000E-01 1.760000E+00 4.000000E+00
HCN              1 5.690000E+02 3.630000E+00 0.000000E+00 0.000000E+00 1.000000E+00
NH3              2 4.810000E+02 2.920000E+00 1.470000E+00 0.000000E+00 1.000000E+01
NH2              2 8.000000E+01 2.650000E+00 0.000000E+00 2.260000E+00 4.000000E+00
NH               1 8.000000E+01 2.650000E+00 0.000000E+00 0.000000E+00 4.000000E+00
N                0 7.140000E+01 3.298000E+00 0.000000E+00 0.000000E+00 0.000000E+00
NNH              2 7.140000E+01 3.798000E+00 0.000000E+00 0.000000E+00 1.000000E+00
N2H4             2 2.050000E+02 4.230000E+00 0.000000E+00 4.260000E+00 1.500000E+00
N2H3             2 2.000000E+02 3.900000E+00 0.000000E+00 0.000000E+00 1.000000E+00
N2H2             2 7.140000E+01 3.798000E+00 0.000000E+00 0.000000E+00 1.000000E+00
H2NN             2 7.140000E+01 3.798000E+00 0.000000E+00 0.000000E+00 1.000000E+00
NH2OH            2 1.167000E+02 3.492000E+00 0.000000E+00 0.000000E+00 1.000000E+00
H2NO             2 1.167000E+02 3.492000E+00 0.000000E+00 0.000000E+00 1.000000E+00
HNOH             2 1.167000E+02 3.492000E+00 0.000000E+00 0.000000E+00 1.000000E+00
HNO              2 1.700000E+02 3.430000E+00 1.620000E+00 0.000000E+00 1.000000E+00
HON              2 1.700000E+02 3.430000E+00 1.620000E+00 0.000000E+00 1.000000E+00
NO2              2 3.335900E+02 3.852000E+00 4.000000E-01 0.000000E+00 1.000000E+00
HONO             2 3.500000E+02 3.950000E+00 1.639000E+00 0.000000E+00 1.000000E+00
HNO2             2 3.500000E+02 3.950000E+00 1.639000E+00 0.000000E+00 1.000000E+00
NO3              2 4.000000E+02 4.200000E+00 2.000000E-01 0.000000E+00 1.000000E+00
HONO2            2 3.000000E+02 3.500000E+00 0.000000E+00 0.000000E+00 1.000000E+00
N2O              1 2.324000E+02 3.828000E+00 0.000000E+00 0.000000E+00 1.000000E+00
HNC              1 5.690000E+02 3.630000E+00 0.000000E+00 0.000000E+00 1.000000E+00
CN               1 7.500000E+01 3.856000E+00 0.000000E+00 0.000000E+00 1.000000E+00
HNCO             2 2.324000E+02 3.828000E+00 0.000000E+00 0.000000E+00 1.000000E+00
HOCN             2 2.324000E+02 3.828000E+00 0.000000E+00 0.000000E+00 1.000000E+00
HCNO             2 2.324000E+02 3.828000E+00 0.000000E+00 0.000000E+00 1.000000E+00
NCO              1 2.324000E+02 3.828000E+00 0.000000E+00 0.000000E+00 1.000000E+00
HNO3             2 3.000000E+02 3.500000E+00 0.000000E+00 0.000000E+00 1.000000E+00
NCN              1 4.222200E+02 5.329000E+00 2.000000E+00 0.000000E+00 1.000000E+00
HNCN             1 4.222200E+02 5.329000E+00 2.000000E+00 0.000000E+00 1.000000E+00
NCNO             2 2.324000E+02 3.828000E+00 0.000000E+00 0.000000E+00 1.000000E+00
NCNOH            2 2.324000E+02 3.828000E+00 0.000000E+00 0.000000E+00 1.000000E+00
HNCNH            1 4.222200E+02 5.329000E+00 2.000000E+00 0.000000E+00 1.000000E+00
NCCN             1 3.490000E+02 4.361000E+00 0.000000E+00 0.000000E+00 1.000000E+00
CH3NO            2 4.360000E+02 3.970000E+00 0.000000E+00 0.000000E+00 2.000000E+00
CH2NO            2 3.078000E+02 4.140000E+00 0.000000E+00 0.000000E+00 1.000000E+00
C2H5NO           1 2.520000E+02 4.760000E+00 0.000000E+00 0.000000E+00 1.000000E+00
CH3CHNO          1 2.520000E+02 4.760000E+00 0.000000E+00 0.000000E+00 1.000000E+00
CH2CHNO          2 3.570000E+02 5.176000E+00 0.000000E+00 0.000000E+00 1.000000E+00
CHCHNO           1 3.570000E+02 5.180000E+00 0.000000E+00 0.000000E+00 1.000000E+00
CH3NO2           2 2.324000E+02 3.828000E+00 0.000000E+00 0.000000E+00 1.000000E+00
CH2NO2           2 2.324000E+02 3.828000E+00 0.000000E+00 0.000000E+00 1.000000E+00
C2H5NO2          2 5.030720E+02 5.340000E+00 1.670000E+00 8.880000E+00 1.000000E+00
CH2CH2NO2        2 5.030720E+02 5.340000E+00 1.670000E+00 8.880000E+00 1.000000E+00
CH3CHNO2         2 5.030720E+02 5.340000E+00 1.670000E+00 8.880000E+00 1.000000E+00
CH3ONO           2 2.324000E+02 3.828000E+00 0.000000E+00 0.000000E+00 1.000000E+00
CH3ONO2          2 4.595000E+02 5.036000E+00 1.700000E+00 0.000000E+00 1.000000E+00
CH3CH2ONO        2 5.030720E+02 5.340000E+00 1.670000E+00 8.880000E+00 1.000000E+00
CH3CH2ONO2       2 4.960000E+02 5.200000E+00 0.000000E+00 0.000000E+00 1.000000E+00
CH3NH2           2 4.818000E+02 3.626000E+00 0.000000E+00 0.000000E+00 1.000000E+00
CH2NH2           2 4.818000E+02 3.626000E+00 0.000000E+00 0.000000E+00 1.000000E+00
CH3NH            2 4.818000E+02 3.626000E+00 0.000000E+00 0.000000E+00 1.000000E+00
CH2NH            2 4.170000E+02 3.690000E+00 1.700000E+00 0.000000E+00 2.000000E+00
H2CN             1 5.690000E+02 3.630000E+00 0.000000E+00 0.000000E+00 1.000000E+00
HCNH             1 5.690000E+02 3.630000E+00 0.000000E+00 0.000000E+00 1.000000E+00
CH3CH2NH2        2 4.360000E+02 3.970000E+00 0.000000E+00 0.000000E+00 2.000000E+00
CH2CH2NH2        2 4.360000E+02 3.970000E+00 0.000000E+00 0.000000E+00 2.000000E+00
CH3CHNH2         2 4.360000E+02 3.970000E+00 0.000000E+00 0.000000E+00 2.000000E+00
CH3CH2NH         2 4.360000E+02 3.970000E+00 0.000000E+00 0.000000E+00 2.000000E+00
CH2CHNH2         2 3.034000E+02 4.810000E+00 0.000000E+00 0.000000E+00 1.000000E+00
CH3CHNH          2 3.034000E+02 4.810000E+00 0.000000E+00 0.000000E+00 1.000000E+00
CH2CHNH          2 3.078000E+02 4.140000E+00 0.000000E+00 0.000000E+00 1.000000E+00
CH2CNH2          2 3.078000E+02 4.140000E+00 0.000000E+00 0.000000E+00 1.000000E+00
CH3CNH           2 3.078000E+02 4.140000E+00 0.000000E+00 0.000000E+00 1.000000E+00
CH3CHN           2 3.078000E+02 4.140000E+00 0.000000E+00 0.000000E+00 1.000000E+00
CHCHNH2          2 3.078000E+02 4.140000E+00 0.000000E+00 0.000000E+00 1.000000E+00
CH3CN            2 4.222200E+02 5.329000E+00 3.500000E+00 0.000000E+00 1.000000E+00
CHCNH2           2 4.222200E+02 5.329000E+00 3.500000E+00 0.000000E+00 1.000000E+00
CH2CNH           2 4.222200E+02 5.329000E+00 3.500000E+00 0.000000E+00 1.000000E+00
CH2CHN           2 4.222200E+02 5.329000E+00 3.500000E+00 0.000000E+00 1.000000E+00
CH2CHN(S)        2 4.222200E+02 5.329000E+00 3.500000E+00 0.000000E+00 1.000000E+00
C-C2H3N          2 4.222200E+02 5.329000E+00 3.500000E+00 0.000000E+00 1.000000E+00
CH2CN            2 4.222200E+02 5.329000E+00 3.500000E+00 0.000000E+00 1.000000E+00
CHCNH            2 4.222200E+02 5.329000E+00 3.500000E+00 0.000000E+00 1.000000E+00
H2NCHO           2 3.078000E+02 4.140000E+00 0.000000E+00 0.000000E+00 1.000000E+00
H2NCO            2 2.324000E+02 3.828000E+00 0.000000E+00 0.000000E+00 1.000000E+00
CH3NHCH3         2 4.360000E+02 3.970000E+00 0.000000E+00 0.000000E+00 2.000000E+00
CH3NHCH2         2   333.888     4.361     0.000     0.000     1.000
CH3NCH3          2 4.360000E+02 3.970000E+00 0.000000E+00 0.000000E+00 2.000000E+00
CH3NCH2          2 3.034000E+02 4.810000E+00 0.000000E+00 0.000000E+00 1.000000E+00
CH2NCH2          2 3.078000E+02 4.140000E+00 0.000000E+00 0.000000E+00 1.000000E+00
CH3NCH           2 3.078000E+02 4.140000E+00 0.000000E+00 0.000000E+00 1.000000E+00
BUTA123TRIENE    2 3.570000E+02 5.180000E+00 0.000000E+00 0.000000E+00 1.000000E+00
MCP              2 3.570000E+02 5.180000E+00 0.000000E+00 0.000000E+00 1.000000E+00
TMEDA            2 415.4 6.0 0.000 0.000 1.000
TMEDA-1          2 415.4 6.0 0.000 0.000 1.000
TMEDA-3          2 415.4 6.0 0.000 0.000 1.000
TMEDA-2          2 433.2 5.8 0.000 0.000 1.000
TMEDA-0-5        2 457.3 5.8 0.000 0.000 1.000
TMEDA-0-4        2 467.6 5.8 0.000 0.000 1.000
TMEDA-0-3        2 425.5 5.9 0.000 0.000 1.000
TMEDA-1-3        2 425.5 5.9 0.000 0.000 1.000
TMEDA-1-4        2 467.6 5.8 0.000 0.000 1.000
TMEDA-1-5        2 457.3 5.8 0.000 0.000 1.000
TMEDA-3-5        2 457.3 5.8 0.000 0.000 1.000
TMEDA-4-5        2 457.3 5.8 0.000 0.000 1.000
TMEDA-3-4        2 467.6 5.8 0.000 0.000 1.000
TMEDA-1-OO       2 504.3 6.2 0.000 0.000 1.000
TMEDA-3-OO       2 506.4 6.1 0.000 0.000 1.000
TMEDA-1-O        2 486.3 6.1 0.000 0.000 1.000
TMEDA-3-O        2 488.6 6.1 0.000 0.000 1.000
TMEDA-3-OOH      2 506.4 6.1 0.000 0.000 1.000
TMEDA-1-OOH      2 504.3 6.2 0.000 0.000 1.000
TMEDA-1-OOH-D    2 504.3 6.2 0.000 0.000 1.000
TMEDA-1-OOH-C    2 504.3 6.2 0.000 0.000 1.000
TMEDA-1-OOH-A    2 504.3 6.2 0.000 0.000 1.000
TMEDA-3-OOH-F    2 506.4 6.1 0.000 0.000 1.000
TMEDA-3-OOH-D    2 506.4 6.1 0.000 0.000 1.000
TMEDA-3-OOH-A    2 506.4 6.1 0.000 0.000 1.000
TMEDA-O34        2 450.4 5.9 0.000 0.000 1.000
TMEDA-O13        2 449.1 5.8 0.000 0.000 1.000
TMEDA-O11        2 453.3 5.8 0.000 0.000 1.000
TMEDA-O14        2 458.6 5.8 0.000 0.000 1.000
TMEDA-1OOH-3     2 513.0 6.1 0.000 0.000 1.000
TMEDA-CHO-1      2 460.5 6.1 0.000 0.000 1.000
TMEDA-CHO-3      2 468.4 6.0 0.000 0.000 1.000
TMEDA-CHO-1A     2 460.5 6.1 0.000 0.000 1.000
TMEDA-CHO-1C     2 460.5 6.1 0.000 0.000 1.000
TMEDA-OOH1-OO3   2 595.1 6.3 0.000 0.000 1.000
TMEDA-OOH1-OO1   2 593.7 6.3 0.000 0.000 1.000
TMEDA-OOH1-OO4   2 595.1 6.3 0.000 0.000 1.000
TMEDA-OOH3-OO6   2 595.1 6.3 0.000 0.000 1.000
TMEDA-OOH3-OO4   2 596.5 6.3 0.000 0.000 1.000
TMEDA-OOH3-OO1   2 595.1 6.3 0.000 0.000 1.000
TMEDAOOH1OOH3-A  2 595.1 6.3 0.000 0.000 1.000
TMEDAOOH1OOH3-F  2 595.1 6.3 0.000 0.000 1.000
TMEDAOOH1OOH1-C  2 593.7 6.3 0.000 0.000 1.000
TMEDAOOH1OOH4-F  2 595.1 6.3 0.000 0.000 1.000
TMEDAOOH1OOH4-C  2 595.1 6.3 0.000 0.000 1.000
TMEDAOOH1OOH4-A  2 595.1 6.3 0.000 0.000 1.000
TMEDAOOH3OOH4-F  2 596.5 6.3 0.000 0.000 1.000
TMEDA1O1-3OOH    2 540.8 6.0 0.000 0.000 1.000
TMEDA3O6-1OOH    2 542.6 6.0 0.000 0.000 1.000
TMEDA1O3-1OOH    2 534.3 6.0 0.000 0.000 1.000
TMEDA4O6-3OOH    2 536.8 6.0 0.000 0.000 1.000
C6N2KET1-3       2 549.3 6.2 0.000 0.000 1.000
C6N2KET1-1       2 547.2 6.3 0.000 0.000 1.000
C6N2KET1-4       2 549.3 6.2 0.000 0.000 1.000
C6N2KET3-6       2 554.3 6.2 0.000 0.000 1.000
C6N2KET3-4       2 556.4 6.2 0.000 0.000 1.000
C6N2KET3-1       2 554.3 6.2 0.000 0.000 1.000
C5H11N2KET6-E    2 477.8 5.9 0.000 0.000 1.000
C5H11N2KET3-E    2 485.8 5.8 0.000 0.000 1.000
C5H11N2KET4-E    2 485.8 5.8 0.000 0.000 1.000
C5H11N2-5-F      2 457.3 5.8 0.000 0.000 1.000
CH3NCHCHNCH3     2 521.4 5.5 0.000 0.000 1.000
N(CH3)2C2H5      2 368.8 5.3 0.000 0.000 1.000
N(CH3)2CHCH3     2 368.8 5.3 0.000 0.000 1.000
N(CH3)2CH2CH2    2 368.8 5.3 0.000 0.000 1.000
N(CH3)2CH3       2 349.3 4.9 0.000 0.000 1.000
N(CH3)2CH2       2 349.3 4.9 0.000 0.000 1.000
N(CH3)2CHCH2     2 368.8 5.2 0.000 0.000 1.000
N(CH3)2CHCH      2 368.8 5.2 0.000 0.000 1.000
N(CH3)2C2H3O     2 416.0 5.4 0.000 0.000 1.000
N(CH3)2CH2CO     2 416.0 5.4 0.000 0.000 1.000
N(CH3)2CHCO      2 440.6 5.1 0.000 0.000 1.000
N(CH3)2CO        2 397.7 5.0 0.000 0.000 1.000
N(CH3)2CH2OO     2 442.2 5.2 0.000 0.000 1.000
N(CH3)2CHO       2 397.7 5.0 0.000 0.000 1.000
N(CH3)2C2H4OO    2 460.0 5.5 0.000 0.000 1.000
CN(C)CJCOOH      2 460.0 5.5 0.000 0.000 1.000
CN(C)C(OO)COOH   2 550.0 5.7 0.000 0.000 1.000
CN(C)C(OOH)CHO   2 506.1 5.6 0.000 0.000 1.000
CH3N(CH2)CH2CH3  2 368.8 5.3 0.000 0.000 1.000
CH3N(CH2)CHCO    2 440.6 5.1 0.000 0.000 1.000
CH3N(CH2)C2H3O   2 416.0 5.4 0.000 0.000 1.000
CH3N(CH2)CHO     2 397.7 5.0 0.000 0.000 1.000
CH3N(CH2)COOH    2 442.2 5.2 0.000 0.000 1.000
CH3N(COO)COOH    2 530.4 5.4 0.000 0.000 1.000
CH3N(COOH)CHO    2 486.4 5.3 0.000 0.000 1.000
CH3N(COO)CHO     2 486.4 5.3 0.000 0.000 1.000
CH2N(COOH)CHO    2 486.4 5.3 0.000 0.000 1.000
CH3N(CH2)C2H3    2 368.8 5.2 0.000 0.000 1.000
CH3N(CH2)C2H4OOH 2 460.0 5.5 0.000 0.000 1.000
CN(COO)CCOOH     2 548.2 5.7 0.000 0.000 1.000
CN(COOH)CCHO     2 503.7 5.6 0.000 0.000 1.000
CH2CHN(CH3)COO   2 459.9 5.4 0.000 0.000 1.000
CH2CHN(CH2)COOH  2 459.9 5.4 0.000 0.000 1.000
CH2CHN(COO)COOH  2 547.5 5.6 0.000 0.000 1.000
CH2CHN(COOH)CHO  2 503.6 5.5 0.000 0.000 1.000
CH2CHN(CH3)CHO   2 416.3 5.3 0.000 0.000 1.000
CH2CHN(CH2)CHO   2 416.3 5.3 0.000 0.000 1.000
CH2CHN*COC*      2 409.7 4.9 0.000 0.000 1.000
CH2NCH2CH2       2 413.2 5.0 0.000 0.000 1.000
CH2NHC2H3        2 387.8 4.9 0.000 0.000 1.000
CH3NC2H3         2 387.8 4.9 0.000 0.000 1.000
CH2NC2H3         2 413.8 4.8 0.000 0.000 1.000
CH2NCHO          2 3.570000E+02 5.176000E+00 0.000000E+00 0.000000E+00 1.000000E+00
CH3NHCH2OO       2 459.5 4.9 0.000 0.000 1.000
CH3NHCHO         1 2.520000E+02 4.760000E+00 0.000000E+00 0.000000E+00 1.000000E+00
CH2NHCH2OOH      2 459.5 4.9 0.000 0.000 1.000
CH3NCH2OOH       2 459.5 4.9 0.000 0.000 1.000
C-CH2NHCH2O      1 2.520000E+02 4.760000E+00 0.000000E+00 0.000000E+00 1.000000E+00
OOCH2NHCH2OOH    2 546.4 5.1 0.000 0.000 1.000
HOOCH2NHCHO      2 4.960000E+02 5.200000E+00 0.000000E+00 0.000000E+00 1.000000E+00
HOOCH2NCH2       2 5.030720E+02 5.340000E+00 1.670000E+00 8.880000E+00 1.000000E+00
NHCHO            2 3.078000E+02 4.140000E+00 0.000000E+00 0.000000E+00 1.000000E+00
C-CH3NCH2OCH2    2 390.5 4.7 0.000 0.000 1.000
CH3NCH2CHO       2 434.3 5.1 0.000 0.000 1.000
CH2NCHCH3        2 413.2 5.0 0.000 0.000 1.000
CHNC2H3          2 413.8 4.8 0.000 0.000 1.000
CHNCH2CH3        2 413.2 5.0 0.000 0.000 1.000
CH3NCHCH3        2 424.1 5.0 0.000 0.000 1.000
CH3NCHO          1 2.520000E+02 4.760000E+00 0.000000E+00 0.000000E+00 1.000000E+00
CH3NHCO          1 2.520000E+02 4.760000E+00 0.000000E+00 0.000000E+00 1.000000E+00
CH2NCO           1 3.570000E+02 5.180000E+00 0.000000E+00 0.000000E+00 1.000000E+00
ONONO2           2 521.1 5.7 0.000 0.000 1.000
CH3NHC2H3        2 387.8 4.9 0.000 0.000 1.000
