TemperatureList[K]		298.15 300 400 500 600 700 800 900 1000 1100 1200 1300 1400 1500 1600 1700 1800 1900 2000 2100 2200 2300 2400 2500
PressureList[atm]			0.01 0.1 1.0 5.0 10.0 100.0 500.0
EnergyStepOverTemperature		.2
#EnergyStep[1/cm] 1
ExcessEnergyOverTemperature		30
ModelEnergyLimit[kcal/mol]		400
CalculationMethod			direct
#  WellCutoff				-50
  ChemicalEigenvalueMax			0.2 
  GlobalCutoff[kcal/mol]			-100.0
Reactant				R
Model
 EnergyRelaxation
   Exponential
     Factor[1/cm]                     200
     Power                            0.75
     ExponentCutoff                   15
   End
  CollisionFrequency
    LennardJones                                                       
       Epsilons[1/cm]                   404.02         68.0015         ! [Lennard-Jones potential well depth]*[Boltzmann constant=0.6950347663cm-1/K]
       Sigmas[angstrom]                 6.506          3.610
       Masses[amu]                      129            28
    End
!-----------------------------------------------
!Well : EHO
!-----------------------------------------------
  Well       EHO #
    Species
      RRHO
        Geometry[angstrom]	26
C     1.500780000000      0.069052000000      0.294433000000
H     1.449105000000      1.097383000000     -0.080709000000
H     1.661088000000      0.135413000000      1.378696000000
C     2.699908000000     -0.624625000000     -0.349110000000
H     2.527055000000     -0.708376000000     -1.427303000000
H     2.770775000000     -1.648510000000      0.033362000000
C     4.011300000000      0.113496000000     -0.092755000000
H     4.211273000000      0.190532000000      0.979293000000
H     3.971646000000      1.128311000000     -0.496907000000
H     4.857560000000     -0.398174000000     -0.555147000000
C     0.182443000000     -0.649786000000      0.011012000000
H    -0.028219000000     -0.588044000000     -1.060208000000
H     0.292975000000     -1.713390000000      0.253630000000
C    -1.009059000000     -0.103067000000      0.801249000000
H    -0.764823000000     -0.160153000000      1.870035000000
C    -1.263225000000      1.384248000000      0.499839000000
H    -0.419763000000      1.980960000000      0.898300000000
H    -2.166399000000      1.749354000000      1.012227000000
O    -1.276338000000      1.699197000000     -0.832485000000
C    -2.291957000000     -0.918348000000      0.578767000000
H    -2.092700000000     -1.958374000000      0.857809000000
H    -3.059787000000     -0.555728000000      1.270686000000
C    -2.838071000000     -0.867570000000     -0.847826000000
H    -2.130409000000     -1.284949000000     -1.566273000000
H    -3.056089000000      0.158878000000     -1.157995000000
H    -3.765293000000     -1.439113000000     -0.923277000000
        Core	RigidRotor
          SymmetryFactor	1    #1/2
        End
        Rotor     Hindered			# C-C rotation  fre1
          Group                  17 18 19
          Axis                   14 16 		
          Symmetry               1 		
          Potential[kcal/mol]    36 	
0.008245475 0.309488313 1.060266407 2.139837515 3.218305463 3.589065686 3.938631775 3.978324889 3.620641964 2.929022956 2.110898032 1.383374813 0.886987188 0.725970761 0.849586995 1.229975096 1.863784791 2.575476573 3.115779195 3.251193863 2.884370007 2.167810006 1.41535207 0.943044494 0.956198349 1.448182112 1.683009344 1.880202322 2.244725101 2.735655276 3.214884281 3.444304892 3.061702309 2.133666587 1.105613381 0.306169415
      End	  
        Rotor     Hindered			# C-C rotation  fre2
          Group                  21 22 23 24 25 26 
          Axis                   14 20 		
          Symmetry               1 		
          Potential[kcal/mol]    36 	
0.006245602 0.190996322 0.778145038 1.772945889 3.070047558 4.235711715 4.92808499 4.647910156 3.589295982 2.319946547 1.216132864 0.481186207 0.170017424 0.305381263 0.676725698 1.109349572 1.760054333 2.447309013 2.821019786 2.566217043 1.829734871 1.035131514 0.4835287 0.252740119 0.215528805 0.289779495 0.65740468 1.413763216 2.425949844 3.412579266 3.97856899 3.744982344 2.80843069 1.684649027 0.75182729 0.183972608
      End	  
        Rotor     Hindered			# C-C rotation  fre3
          Group                  2 3 4 5 6 7 8 9 10 		
          Axis                   1 11 		
          Symmetry               1 		
          Potential[kcal/mol]    36 	
0.004974268 0.156819644 0.534001172 1.069699129 1.712730077 2.2426995 2.422882578 2.196089977 1.855465898 1.71787189 1.914407238 2.371448762 1.817669746 1.674394894 2.101732629 3.043152501 4.330360856 5.679197546 6.598974616 5.837776727 4.487314787 2.966804675 1.602577687 0.617499468 0.16923743 0.320115814 0.92508329 1.227984008 1.636841588 2.200931213 2.661519421 2.716051879 2.248648918 1.479206182 0.712568413 0.183792512
      End	  
        Rotor     Hindered			# C-O rotation  fre4
          Group                  24 25 26 		
          Axis                   20 23 		
          Symmetry               3 		
          Potential[kcal/mol]    12 	
0.00398594 0.155674439 0.599511281 1.273492252 2.016484208 2.601895351 2.816681812 2.574187041 1.975999178 1.238892006 0.580292548 0.149544299
      End	  
        Rotor     Hindered			# C-C rotation  fre5
          Group                  12 13 1 2 3 4 5 6 7 8 9 10		
          Axis                   14 11 		
          Symmetry               1 		
          Potential[kcal/mol]    36 	
0.006095 0.14235053 0.445834205 0.912615931 1.55241646 2.154491745 2.436904905 2.254286463 1.782431322 1.297826443 0.932009112 0.440284511 0.061446358 0.212533703 0.950313564 2.154524375 3.616212374 5.000794516 5.86509347 5.387681105 4.401266919 3.51552722 3.008545352 3.014352952 3.52000701 4.275615672 2.972016141 3.06257392 3.809113187 4.800353549 5.39392859 4.789178859 3.502751754 2.063050433 0.89637975 0.20991134
      End	  
        Rotor     Hindered			# C-C rotation  fre6
          Group                  5 6 7 8 9 10		
          Axis                   1 4 		
          Symmetry               1 		
          Potential[kcal/mol]    36 	
0.007378884 0.197296517 0.729166667 1.492841963 2.299222418 2.920813876 3.157863748 2.92356425 2.307817416 1.541046615 0.932338555 0.651088169 0.618371707 0.893915521 1.603539031 2.656722738 3.815514411 4.787573063 5.279544903 5.036217427 4.101818758 2.833484007 1.593018835 0.694546967 0.32482088 0.459826411 0.901945132 1.500562212 2.230076519 2.858354091 3.134184049 2.941634014 2.343500116 1.533967053 0.747326791 0.193610526
      End	  
        Rotor     Hindered			# C-C rotation  fre7
          Group                  8 9 10 		
          Axis                   4 7 		
          Symmetry               3 		
          Potential[kcal/mol]    12 	
0.007448538 0.178773064 0.664262104 1.361730756 2.105729237 2.684012499 2.904657389 2.68625208 2.110058425 1.368846086 0.670246035 0.179942742  
      End	  
        Frequencies[1/cm]	65
234.8599328
252.0476878
268.3183038
316.6291167
359.2595658
430.6324434
481.1649346
619.605543
725.3467547
761.0167774
773.3630608
797.432209
864.6613484
894.1217601
914.0272152
934.3740373
979.84457
1032.809396
1038.346832
1051.965216
1073.90263
1081.231878
1091.745358
1118.947819
1156.580303
1158.879638
1211.111638
1244.297325
1259.002611
1273.877466
1305.467744
1307.848864
1314.492863
1345.015111
1356.844337
1376.628686
1383.749932
1390.88484
1400.893452
1401.592168
1459.123914
1462.738798
1465.029188
1474.751943
1478.224096
1479.661831
1484.026056
1487.300823
2889.830773
2956.778479
2975.658862
2983.160036
2994.290054
2998.514693
3000.673558
3003.86762
3004.872147
3016.543896
3031.539659
3036.483363
3056.82645
3070.815129
3073.475127
3080.796905
3088.810812
      !Torsional frequencies:	47.653874 64.8166608 80.327811 106.9174695 136.2114593 154.1034355 229.1005358
        ZeroEnergy[kcal/mol]	0.0
        ElectronicLevels[1/cm]	1
            0	2
      End
End

!-----------------------------------------------
!END WELLS
!-----------------------------------------------

!-----------------------------------------------
!Bimolecular 1:  ECHO+H
!-----------------------------------------------

  Bimolecular     P1	# ECHO+H
    Fragment    ECHO
      RRHO
        Geometry[angstrom]	25
C     1.549973000000     -0.020832000000      0.271827000000
H     1.524934000000      1.070437000000      0.177425000000
H     1.552929000000     -0.242635000000      1.346986000000
C     2.841783000000     -0.543148000000     -0.353896000000
H     2.824840000000     -0.341235000000     -1.430240000000
H     2.880990000000     -1.632181000000     -0.244226000000
C     4.087388000000      0.082604000000      0.268387000000
H     4.133153000000     -0.125734000000      1.340570000000
H     4.082102000000      1.168157000000      0.141004000000
H     5.001141000000     -0.303693000000     -0.187079000000
C     0.300744000000     -0.619257000000     -0.369232000000
H     0.238432000000     -0.301450000000     -1.415954000000
H     0.385983000000     -1.712555000000     -0.376167000000
C    -1.015061000000     -0.257447000000      0.338539000000
H    -0.976280000000     -0.624408000000      1.370979000000
C    -1.203767000000      1.259083000000      0.470049000000
H    -0.595560000000      1.762393000000      1.233725000000
O    -1.232397000000      1.918846000000     -0.656382000000
C    -2.218943000000     -0.893993000000     -0.368815000000
H    -2.263943000000     -0.514704000000     -1.395299000000
H    -2.032216000000     -1.970446000000     -0.440853000000
C    -3.548353000000     -0.645840000000      0.337683000000
H    -3.786435000000      0.419125000000      0.360268000000
H    -3.510894000000     -1.001153000000      1.371090000000
H    -4.362589000000     -1.167699000000     -0.168426000000
        Core	RigidRotor
          SymmetryFactor	1
        End
	Rotor     Hindered			! C-C rotation fre1
          Group                  8 9 10		
          Axis                   4 7 		
          Symmetry               3 		
          Potential[kcal/mol]    12 		
0.002430972 0.184534856 0.688276892 1.398425001 2.134574593 2.690068593 2.896564399 2.685923893 2.126693074 1.391043607 0.685298732 0.184650945
          End
	Rotor     Hindered			! C-C rotation fre2
          Group                  5 6 7 8 9 10
          Axis                   1 4 		
          Symmetry               1 		
          Potential[kcal/mol]    36 		
0.000377133 0.19004439 0.703271859 1.44742408 2.257454759 2.896955965 3.108491928 2.793007761 2.133514102 1.429409538 0.91766299 0.668174626 0.631240671 0.892944136 1.555185659 2.571246532 3.750151767 4.798215624 5.306574247 4.841045657 3.715316204 2.445897116 1.343899446 0.603655354 0.318734038 0.46504478 0.891278098 1.458232932 2.13339362 2.785099259 3.130418992 2.943404218 2.298078469 1.456182858 0.684604707 0.17044162
          End
	Rotor     Hindered			! C-C rotation fre3
          Group                  2 3 4 6 7 8 9 10
          Axis                   11 1 		
          Symmetry               1 		
          Potential[kcal/mol]    36 		
0 0.19436793 0.624262138 1.188509268 1.841118521 2.400371302 2.602292564 2.366016412 1.872218519 1.483546037 1.419212508 1.745755274 0.805369538 0.587708455 0.902372466 1.687447719 2.798105021 3.976938093 4.786405895 4.479585752 3.462549103 2.303175101 1.333690494 0.72825364 0.509442333 0.584057605 0.792500573 1.124363992 1.645303554 2.229313468 2.635230538 2.659028836 2.283579862 1.659478366 0.981946946 0.423062512
          End
	Rotor     Hindered			! C-C rotation fre4
          Group                  1 2 3 4 6 7 8 9 10 12 13
          Axis                   14 11 		
          Symmetry               1 		
          Potential[kcal/mol]    36 		
0.923636253 1.01986107 1.305451939 1.633368323 2.047457449 2.480352408 2.670049785 2.389774549 1.76262273 1.079642017 0.610885518 0.438708834 0.490810948 0.77136417 1.390621293 2.329610821 3.423030437 4.417806815 4.976591474 4.660979296 3.450010835 2.068998596 0.91615383 0.204350351 0 0.27891103 0.932484137 1.841459886 2.931484048 4.016091548 4.667487825 4.489729443 3.691491551 2.691145399 1.786372082 1.170303335
          End
	Rotor     Hindered			! C-C rotation fre5
          Group                  20 21 22 23 24 25
          Axis                   14 19 		
          Symmetry               1 		
          Potential[kcal/mol]    36 		
0.955461025 1.343569376 2.100042745 3.163661308 4.407449143 4.376827307 4.865342825 4.520211972 3.526685594 2.354212331 1.297497001 0.469186343 0 0.004730167 0.532383452 1.546983483 2.88835281 4.253389285 4.998724362 4.747517249 3.89204547 2.803674795 1.771483791 0.994696056 0.550679119 0.393973682 0.497424898 0.915310457 1.602369981 2.349403726 2.835234131 2.816596471 2.407990523 1.910736935 1.50285827 1.164251633
          End
	Rotor     Hindered			! C-C rotation fre6
          Group                  23 24 25
          Axis                   19 22 		
          Symmetry               3 		
          Potential[kcal/mol]    12 		
0.001566264 0.173038255 0.639300404 1.287020102 1.952762501 2.459894971 2.657395428 2.467355431 1.944697749 1.256281549 0.604653721 0.153540907
          End
	Rotor     Hindered			! C-C rotation fre7
          Group                  18 19
          Axis                   14 16 		
          Symmetry               1 		
          Potential[kcal/mol]    36 	
0.748421796 0.824115756 1.009925712 1.201916009 1.317057099 1.311415789 1.191734667 1.005380033 0.845939282 0.823768116 1.01868449 1.415689042 1.866996385 2.32109238 2.678045511 2.778302076 2.51120705 1.963210534 1.338042272 0.782176159 0.378426507 0.136145716 0.020368958 0 0.087142872 0.340160977 0.792659333 1.420876663 2.108874314 2.634183224 2.741336119 2.466470643 2.037683361 1.615734051 1.184042028 0.860943034
          End
	Frequencies[1/cm]	62 
236.1799052 245.5293165 265.4960125 297.9118137 318.1574851 444.5356022 483.7173924 534.3205613 643.4540077 722.2519758 763.3661474 771.9346635 829.3592626 895.0246456 911.931066 946.2420912 987.4782531 1024.81161 1041.291802 1047.648666 1070.417895 1078.64128 1098.425924 1126.352758 1167.758094 1177.16334 1221.728923 1242.692184 1272.480918 1289.596226 1301.653605 1313.820589 1346.340392 1355.851212 1358.253762 1383.832602 1391.192225 1392.466291 1454.213927 1463.955162 1465.501618 1474.687065 1475.180433 1479.439477 1481.983776 1486.906246 2964.409311 2977.470924 2988.321769 2997.6354 2998.818145 3004.921297 3005.274981 3009.254853 3015.741571 3029.837791 3039.339961 3046.42916 3073.556913 3077.901773 3081.720826 3090.054209
      !Torsional frequencies:48.1872498 62.2625319 67.7846327 103.434209 122.5822626 146.4702439 213.397504
	ZeroEnergy[kcal/mol]			0	
	ElectronicLevels[1/cm]			1
		0	2
      End 
	  
    Fragment    H
      RRHO
        Geometry[angstrom]      1
H        0.000000000      0.000000000      0.000000000
        Core    RigidRotor
          SymmetryFactor        1
        End
        ZeroEnergy[kcal/mol]                    0
        ElectronicLevels[1/cm]                  1
                0       2
      End
    GroundEnergy[kcal/mol]                     32.55
  End
!-----------------------------------------------
! END OF BIMOLECULAR
!-----------------------------------------------

!-----------------------------------------------
!TS 1: ECHO+H --> EHN
!-----------------------------------------------
  Barrier	B1 P1 EHO
       RRHO
        Geometry[angstrom]	26
C     1.471631000000      0.063034000000      0.305113000000
H     1.446555000000      1.084993000000     -0.089189000000
H     1.626084000000      0.144311000000      1.389268000000
C     2.652776000000     -0.678603000000     -0.317488000000
H     2.487992000000     -0.769140000000     -1.396337000000
H     2.686787000000     -1.699579000000      0.078156000000
C     3.984512000000      0.020318000000     -0.056382000000
H     4.176994000000      0.102411000000      1.016630000000
H     3.979837000000      1.031443000000     -0.471226000000
H     4.818128000000     -0.522789000000     -0.505669000000
C     0.134340000000     -0.621145000000      0.025102000000
H    -0.056655000000     -0.596356000000     -1.051441000000
H     0.195698000000     -1.676340000000      0.317471000000
C    -1.044858000000      0.013399000000      0.757849000000
H    -0.810278000000      0.100821000000      1.826105000000
C    -1.354306000000      1.412241000000      0.247889000000
H    -0.098593000000      2.237655000000      1.199435000000
H    -2.066880000000      1.991721000000      0.873470000000
O    -1.083653000000      1.801432000000     -0.874936000000
C    -2.347685000000     -0.810757000000      0.646774000000
H    -2.196232000000     -1.748125000000      1.190165000000
H    -3.148911000000     -0.278274000000      1.170867000000
C    -2.778997000000     -1.107479000000     -0.788663000000
H    -2.064601000000     -1.762986000000     -1.289731000000
H    -2.860760000000     -0.192321000000     -1.380241000000
H    -3.750416000000     -1.604941000000     -0.799414000000
        Core	RigidRotor
          SymmetryFactor	1
        End
	Rotor     Hindered			! C-C rotation fre1
          Group                  24 25 26		
          Axis                   20 23 		
          Symmetry               3 		
          Potential[kcal/mol]    12 		
0.001053588 0.185048787 0.702917944 1.416441426 2.110090428 2.566588529 2.64430809 2.345193137 1.795885753 1.169458707 0.588088726 0.155821277
          End
	Rotor     Hindered			! C-C rotation fre2
          Group                  21 22 23 24 25 26 
          Axis                   14 20 		
          Symmetry               1 		
          Potential[kcal/mol]    36 		
0 0.308593484 1.240738139 2.58004296 3.939498366 4.858566977 4.955953942 4.309128444 3.234133135 2.050623862 1.045381881 0.420329708 0.223982613 0.347322116 0.758711696 1.466925821 2.237009244 2.759748503 2.8357079 2.476893576 1.875129535 1.266524387 0.802480484 0.563040429 0.653574362 1.145438271 1.986948591 3.005363251 3.947841105 4.515761048 4.453660825 3.761833484 2.713054894 1.638018796 0.800448608 0.241798236
          End
	Rotor     Hindered			! C-C rotation fre3
          Group                  1 2 3 4 5 6 7 8 9 10 12 13
          Axis                   14 11 		
          Symmetry               1 		
          Potential[kcal/mol]    36 		
0.001455822 0.243821326 0.840362605 1.575969401 2.255840177 2.79025174 3.057787278 2.916226782 2.510649822 1.967439321 1.162500882 0.587393445 0.527354591 1.048311723 2.095126209 3.51671886 5.100626257 6.509996906 6.894733021 5.987580187 4.90352113 4.06755674 3.747569565 4.080758912 5.039961776 4.591663342 4.273374836 4.567553172 5.280888401 5.968057739 6.019428804 5.15512483 3.738249167 2.280881571 1.059682195 0.266480694
          End
	Rotor     Hindered			! C-C rotation fre4
          Group                  2 3 4 5 6 7 8 9 10
          Axis                   11 1 		
          Symmetry               1 		
          Potential[kcal/mol]    36 		
0.022973123 0.202000956 0.660173252 1.286951076 1.951021162 2.478246486 2.735970913 2.474232308 1.93802042 1.656228494 1.719359715 1.995888091 2.09997874 2.10926337 2.466029504 3.16514725 4.108908988 5.105408507 5.861908232 6.031053418 5.279205421 3.799323411 2.096952889 0.804256963 0.092221306 0 0.477131868 1.334018681 2.064142927 2.753408147 3.217267562 3.214148212 2.648487931 1.735951066 0.843409164 0.231604344
          End
	Rotor     Hindered			! C-C rotation fre5
          Group                  5 6 7 8 9 10
          Axis                   1 4 		
          Symmetry               1 		
          Potential[kcal/mol]    36 		
0 0.181022058 0.69324614 1.445630031 2.267909067 2.916438253 3.136778173 2.828195357 2.17153804 1.457476783 0.920793635 0.631347976 0.574124757 0.835011831 1.495823888 2.507105648 3.691198504 4.744234746 5.239757036 4.7630958 3.653679711 2.408571596 1.333880001 0.619309206 0.349188329 0.49460236 0.892954804 1.410958248 2.063989815 2.734287932 3.110371319 2.949428937 2.313537165 1.472764169 0.700306877 0.180374468
          End
	Rotor     Hindered			! C-C rotation fre6
          Group                  8 9 10
          Axis                   4 7 		
          Symmetry               3 		
          Potential[kcal/mol]    12 		
0.001002133 0.174856777 0.663354098 1.365238534 2.11337042 2.690421881 2.902326819 2.670643409 2.077316861 1.324228278 0.629410226 0.157795421
          End
	Rotor     Hindered			! C-C rotation fre7
          Group                  17 18 19
          Axis                   14 16 		
          Symmetry               1 		
          Potential[kcal/mol]    36 		
2.38454E-05 0.29529342 1.192460695 2.515385008 3.514368837 4.510900986 4.729495176 3.923843886 2.917787398 1.972399156 1.191621088 0.687845166 0.566197429 0.76193835 1.185590094 2.049439752 2.828309563 3.271080267 3.450142612 3.336713368 2.97254827 2.501100382 2.097705273 1.8935871 1.981279042 2.268768127 2.476107934 2.764786777 3.133314321 3.328672461 3.200220011 2.808131995 2.235187584 1.553758075 0.841199703 0.247505435
          End
      Frequencies[1/cm]  64
237.5290727 253.3708058 266.8651349 310.5681353 367.266494 404.3136997 450.5028054 499.0725405 548.8640463 653.4606528 730.7696708 771.5082381 802.3819089 817.6877104 893.7692563 903.8278038 938.8001914 977.1985306 992.3932531 1035.782382 1044.347752 1067.886277 1080.663114 1115.835051 1132.621644 1171.527506 1225.344986 1238.534291 1264.717479 1284.817174 1298.199343 1316.364888 1340.077797 1345.969408 1370.891505 1377.493235 1389.941849 1395.322299 1401.571918 1455.344279 1464.093962 1469.045628 1474.302319 1479.53237 1479.946213 1487.184534 1487.485627 1694.859012 2858.850545 2975.832263 2990.718029 2993.194402 2997.378148 3003.045537 3005.17904 3014.284667 3018.092416 3036.436081 3038.564374 3056.892114 3073.880812 3081.389064 3084.799976 3089.941164
        !Torsional frequencies:62.3130581 79.1346456 81.0823618 116.7387208 140.3803623 148.9311844 232.1805697
        !Imaginary mode: -911.9270357

        ZeroEnergy[kcal/mol]	20.26
        ElectronicLevels[1/cm]	1
            0	2
        Tunneling	Eckart
          ImaginaryFrequency[1/cm]   911.9270357
          WellDepth[kcal/mol]	20.26
          WellDepth[kcal/mol]	-12.29
        End
      End
!-----------------------------------------------
! END OF TS1
!-----------------------------------------------
End
