!
H                  0   145.000     2.050     0.000     0.000     0.000
HE                 0    10.200     2.576     0.000     0.000     0.000
NE                 0   136.500     3.330     0.000     0.000     0.000
AR                 0   136.500     3.330     0.000     0.000     0.000
N2                 1    97.530     3.621     0.000     1.760     4.000
H2                 1    38.000     2.920     0.000     0.790   280.000
H2O                2   572.400     2.605     1.844     0.000     4.000
H2O2               2   107.400     3.458     0.000     0.000     3.800
HO2                2   107.400     3.458     0.000     0.000     1.000
O                  0    80.000     2.750     0.000     0.000     0.000
O2                 1   107.400     3.458     0.000     1.600     3.800
OH                 1    80.000     2.750     0.000     0.000     0.000
C                  0    71.400     3.298     0.000     0.000     0.000
C(S)               0    71.400     3.298     0.000     0.000     0.000
CH                 1    80.000     2.750     0.000     0.000     0.000
CH*                1    80.000     2.750     0.000     0.000     0.000
CH2                1   144.000     3.800     0.000     0.000     0.000
CH2*               1   144.000     3.800     0.000     0.000     0.000
CH3                1   144.000     3.800     0.000     0.000     0.000
CH4                2   141.400     3.746     0.000     2.600    13.000
CO                 1    98.100     3.650     0.000     1.950     1.800
CO2                1   244.000     3.763     0.000     2.650     2.100
HCO                2   498.000     3.590     0.000     0.000     0.000
CH2O               2   498.000     3.590     0.000     0.000     2.000
CH2OH              2   417.000     3.690     1.700     0.000     2.000
CH3O               2   417.000     3.690     1.700     0.000     2.000
CH3O2              2   417.000     3.690     1.700     0.000     2.000
CH3O2H             2   417.000     3.690     1.700     0.000     2.000
CH3OH              2   481.800     3.626     0.000     0.000     1.000
Kr                 0   136.500     3.330     0.000     0.000     0.000
C2                 1    97.530     3.621     0.000     1.760     4.000
C2O                1   232.400     3.828     0.000     0.000     1.000
C2H                1   209.000     4.100     0.000     0.000     2.500
C2H2               1   209.000     4.100     0.000     0.000     2.500
H2CC               2   209.000     4.100     0.000     0.000     2.500
C2H3               2   209.000     4.100     0.000     0.000     1.000
C2H4               2   280.800     3.971     0.000     0.000     1.500
C2H5               2   252.300     4.302     0.000     0.000     1.500
C2H6               2   252.300     4.302     0.000     0.000     1.500
HCCO               2   150.000     2.500     0.000     0.000     1.000
HCCOH              2   436.000     3.970     0.000     0.000     2.000
CH2CO              2   436.000     3.970     0.000     0.000     2.000
CH2CHO             2   436.000     3.970     0.000     0.000     2.000
C2H2OH             2   224.700     4.162     0.000     0.000     1.000
C3H2               2   209.000     4.100     0.000     0.000     1.000
C3H2O              2   252.000     4.760     0.000     0.000     1.000
C3H3               2   252.000     4.760     0.000     0.000     1.000
aC3H4              1   252.000     4.760     0.000     0.000     1.000
pC3H4              1   252.000     4.760     0.000     0.000     1.000
cC3H4              1   252.000     4.760     0.000     0.000     1.000
CH2OCH2            1   252.000     4.760     0.000     0.000     1.000
CH2OCH             1   252.000     4.760     0.000     0.000     1.000
CH3CH2CHO          1   252.000     4.760     0.000     0.000     1.000
CH3COHCH2          1   252.000     4.760     0.000     0.000     1.000
C4H                1   357.000     5.180     0.000     0.000     1.000
C4H2               1   357.000     5.180     0.000     0.000     1.000
H2C4O              2   357.000     5.180     0.000     0.000     1.000
C4H2OH             2   224.700     4.162     0.000     0.000     1.000
iC4H3              2   357.000     5.180     0.000     0.000     1.000
nC4H3              2   357.000     5.180     0.000     0.000     1.000
C4H4               2   357.000     5.180     0.000     0.000     1.000
iC4H5              2   357.000     5.180     0.000     0.000     1.000
nC4H5              2   357.000     5.180     0.000     0.000     1.000
C4H5-2             2   357.000     5.180     0.000     0.000     1.000
C4H5-1s            2   357.000     5.180     0.000     0.000     1.000
C4H5-1p            2   357.000     5.180     0.000     0.000     1.000
C4H6               2   357.000     5.180     0.000     0.000     1.000
C4H6-1             2   357.000     5.180     0.000     0.000     1.000
C4H6-2             2   357.000     5.180     0.000     0.000     1.000
C4H612             2   357.000     5.180     0.000     0.000     1.000
CH3CHOCH2          2   357.000     5.180     0.000     0.000     1.000
C5H2               1   357.000     5.180     0.000     0.000     1.000
C5H3               1   357.000     5.180     0.000     0.000     1.000
C5H5              2   408.000     5.200     0.000     0.000     1.000
C5H6              2   408.000     5.200     0.000     0.000     1.000
C5H5CH3            2   408.000     5.200     0.000     0.000     1.000
C5H52              1   357.000     5.180     0.000     0.000     1.000
lC5H7              1   357.000     5.180     0.000     0.000     1.000
C4H6O25            1   357.000     5.180     0.000     0.000     1.000
C4H6O23            1   357.000     5.180     0.000     0.000     1.000
C4H4O              1   357.000     5.180     0.000     0.000     1.000
CH2CHCO            1   357.000     5.180     0.000     0.000     1.000
CH2CHCHCHO         1   357.000     5.180     0.000     0.000     1.000
CH3CHCHCO          1   357.000     5.180     0.000     0.000     1.000
C2H3CHOCH2         1   357.000     5.180     0.000     0.000     1.000
CH3CHCHCHO         1   357.000     5.180     0.000     0.000     1.000
C6H                1   357.000     5.180     0.000     0.000     1.000
C6H2               1   357.000     5.180     0.000     0.000     1.000
C6H3               2   357.000     5.180     0.000     0.000     1.000
l-C6H4             2   412.300     5.349     0.000     0.000     1.000
nC6H5              2   412.300     5.349     0.000     0.000     1.000
i-C6H5             2   412.300     5.349     0.000     0.000     1.000
l-C6H6             2   412.300     5.349     0.000     0.000     1.000
n-C6H7             2   412.300     5.349     0.000     0.000     1.000
i-C6H7             2   412.300     5.349     0.000     0.000     1.000
C6H615             2   464.8       5.29      0.00     10.32      0.000
C6H8               2   412.300     5.349     0.000     0.000     1.000
O-HOC6H4OH         2   449.875     5.931     0.000    11.540     1.000 
O-OC6H4OH          2   447.803     5.915     0.000    11.370     1.000 
P-HOC6H4OH         2   449.875     5.931     0.000    11.540     1.000 
P-OC6H4OH          2   447.803     5.915     0.000    11.370     1.000 
!Nguyen, Peeters & Vereecken - JPCA (2007) 
!A1O                2   410.0       5.92      0.00      0.00      0.000
!A1OH               2   410.0       5.92      0.00      0.00      0.000
!USC-II
A1O                2   464.8       5.29      0.00     10.32      0.000
A1OH               2   464.8       5.29      0.00     10.32      0.000
A1                 2   464.8       5.29      0.00     10.32      0.000
A1-                2   464.8       5.29      0.00     10.32      0.000
n-C6H5             2   412.300     5.349     0.000     0.000     1.000
fulvene            2   464.8       5.29      0.00     10.32      0.000
o-C6H4             2   464.8       5.29      0.00     10.32      0.000
A1CO               2   593         5.5       2.8       0.0       1.0
C6H4O2             2   485         5.425     0.4       0.0       1.0
C5H5O24            2   494         5.2       1.6       0.0       1.0
C5H5O13            2   494         5.2       1.6       0.0       1.0
cC5H4              1   357.000     5.180     0.000     0.000     1.000
C5H4               1   357.000     5.180     0.000     0.000     1.000
lC5H5              1   357.000     5.180     0.000     0.000     1.000   
cC6H7              2   464.8       5.29      0.00     10.32      0.000
lC6H7              2   412.300     5.349     0.000     0.000     1.000
C4H5C2H            2   412.300     5.349     0.000     0.000     1.000
A1O2               2   464.8       5.29      0.00     10.32      0.000
P-C6H4O2           2   450.000     5.500     0.000     0.000     1.000
P-C6H3O2           2   450.000     5.500     0.000     0.000     1.000
O-C6H4O2           2   450.000     5.500     0.000     0.000     1.000
O-C6H3O2-1         2   450.000     5.500     0.000     0.000     1.000
O-C6H3O2-2         2   450.000     5.500     0.000     0.000     1.000
P-OC6H5OJ          2   450.000     5.500     0.000     0.000     1.000
O-OC6H5OJ          2   450.000     5.500     0.000     0.000     1.000
A1CH3              2   495.3       5.68      0.43     12.30      1.000
enC7H8             2   495.3       5.68      0.43     12.30      1.000
C6H4C2H4           2   546.2       6.00      0.13     15.00      1.000
A1cC2H4            2   546.2       6.00      0.13     15.00      1.000
A1cC2H3            2   546.2       6.00      0.13     15.00      1.000
p-C8H10            2   546.2       6.00      0.13     15.00      1.000
p-C8H9             2   546.2       6.00      0.13     15.00      1.000
p-C8H8             2   546.2       6.00      0.13     15.00      1.000
o-C8H10            2   546.2       6.00      0.13     15.00      1.000
o-C8H9             2   546.2       6.00      0.13     15.00      1.000
o-C8H8             2   546.2       6.00      0.13     15.00      1.000
m-C8H10            2   546.2       6.00      0.13     15.00      1.000
m-C8H9             2   546.2       6.00      0.13     15.00      1.000
m-C8H8             2   546.2       6.00      0.13     15.00      1.000
m-C8H8*            2   546.2       6.00      0.13     15.00      1.000
A1C2H3             2   546.2       6.00      0.13     15.00      1.000
A1C2H5             2   485         5.425     0.4       0.0       1.0
A1CHCH3            2   546.2       6.00      0.13     15.00      1.000
A1CH2CH2           2   546.2       6.00      0.13     15.00      1.000
A1CH2CHO           2   546.2       6.00      0.13     15.00      1.000
A1CHCHO            2   546.2       6.00      0.13     15.00      1.000
A1CHCO             2   546.2       6.00      0.13     15.00      1.000
A1CH2CO            2   546.2       6.00      0.13     15.00      1.000
C6H4C2H5           2   546.2       6.00      0.13     15.00      1.000
A1CH2              2   495.3       5.68      0.43     12.30      1.000
A1CH2O             2   495.3       5.68      0.43     12.30      1.000
C5H5CHCH           2   495.3       5.68      0.43     12.30      1.000
C7H6               2   495.3       5.68      0.43     12.30      1.000
eC7H6              2   495.3       5.68      0.43     12.30      1.000
C7H7               2   357.000     5.176     0.000    0.000      1.000
cC7H7              2   357.000     5.176     0.000    0.000      1.000
C5H5C2H            2   495.3       5.68      0.43     12.30      1.000
C7H5               2   495.3       5.68      0.43     12.30      1.000
A1C2H              2   535.6       5.72      0.77     12.00      1.000
A1CHC              2   535.6       5.72      0.77     12.00      1.000
A1cC2H2            2   535.6       5.72      0.77     12.00      1.000
C6H3C2H            2   535.6       5.72      0.77     12.00      1.000
A2                 2   630.4       6.18      0.00     16.50      1.000
c-C6H7             2   464.8       5.29      0.00     10.32      0.000
C5H5-C5H5          2   630.4       6.18      0.00     16.50      1.000
C5H5-C5H4          2   630.4       6.18      0.00     16.50      1.000
C5H4O              2   511.398     5.357     0.000     0.000     1.000
C5H3O              2   511.398     5.357     0.000     0.000     1.000
C5H5O              2   511.398     5.357     0.000     0.000     1.000
C5H4OH             2   464.8       5.29      0.00     10.32      0.000
o-C7H8             2   495.3       5.68      0.43     12.30      1.000
p-C7H8             2   495.3       5.68      0.43     12.30      1.000
A1CHO              2   622.400     5.530     0.000     0.000     1.000
C6H4O2             2   485         5.425     0.4       0.0       1.0
HOC6H4CH3          2   567         5.60      1.6       0.0       1.0
A1CH2OH            2   572         5.82      1.7       0.0       1.0
!Ranzi et al. 2011
!A1OCH3             2   450         5.754     0.000     0.000     1.000
!A1OCH2             2   450         5.754     0.000     0.000     1.000

!Wagnon 2018
A1OCH3             2   547.9       5.748     1.300    12.76      1.000
A1OCH2             2   547.9       5.748     1.300    12.59      1.000
C6H4OCH3           2   547.9       5.748     1.300    12.59      1.000
HOC6H4OCH3         2   671.1       5.708     1.900    13.27      1.000
HOC6H4OCH2         2   671.1       5.708     1.900    13.10      1.000
OC6H4OCH3          2   671.1       5.708     1.900    13.10      1.000
OOC6H4OCH3         2   506.406     6.358     0.000    13.790     1.000
C6H5OCH2OO         2   506.406     6.358     0.000    13.790     1.000
C6H5OCH2OOH        2   508.263     6.372     0.000    13.960     1.000
C6H5CYCH2O         2   443.673     5.883     0.000    12.650     1.000
CH3C6H4OCH2        2   472.180     6.102     0.000    14.500     1.000
CH2C6H4OCH3        2   472.180     6.102     0.000    14.500     1.000
CH3C6H4CYCH2O      2   472.180     6.102     0.000    14.500     1.000
CH3C6H4OCH2OO      2   531.632     6.542     0.000    15.640     1.000
O-O2C6H4CH3        2   476.049     6.131     0.000    13.220     1.000
CH3C6H4OCH2OOH     2   533.403     6.555     0.000    15.810     1.000
CH3C6H4CH2O        2   472.180     6.102     0.000    14.500     1.000

C5H5OH             2   464.800     5.290     0.000    10.320     0.000 
C6H5C6H5           2   676.5       6.31      0.00     20.00      1.000
OC6H4CH3           2   567         5.6       1.6       0.0       1.000
PC6H4CH3           2   567         5.6       1.6       0.0       1.000
OC6H4CH2           2   567         5.6       1.6       0.0       1.000
HOC6H4CH2          2   567         5.60      1.6       0.0       1.0
C4H5               2   329         5.1       0.0       0.0       1.0
c-C4H5             2   329         5.1       0.0       0.0       1.0
bi-A1CH2           2   620         7.24      0.0       0.0       1.0
C6H4CH3            2   495.3       5.68      0.43     12.30      1.000
C6H4C2H            2   495.3       5.68      0.43     12.30      1.000
A1CH2OO            2   572         5.82      1.7       0.0       1.0
A1CH2OOH           2   572         5.82      1.7       0.0       1.0
C2H5O2             2   470.600     4.410     0.000     0.000     1.500
C2H4O2H            2   470.600     4.410     0.000     0.000     1.500
C2H4O1-2           2   436.000     3.970     0.000     0.000     2.000
C2H3O1-2           2   436.000     3.970     0.000     0.000     2.000
C2H5O2H            2   470.600     4.410     0.000     0.000     1.500
CHOCHO             1   440.200     4.010     0.000     0.000     2.000
nC3H7O2H           2   481.500     4.997     1.700     0.000     1.000
iC3H7O2H           2   459.500     5.036     1.700     0.000     1.000
nC3H7O2            2   481.500     4.997     1.700     0.000     1.000
iC3H7O2            2   459.500     5.036     1.700     0.000     1.000
nC3H7O             2   481.500     4.997     1.700     0.000     1.000
iC3H7O             2   459.500     5.036     1.700     0.000     1.000
C3H6O1-2           2   403.600     4.968     2.000     0.000     1.000
C3H6O1-3           2   403.600     4.968     2.000     0.000     1.000
C3KET12            2   464.200     5.009     2.600     0.000     1.000
C3KET13            2   464.200     5.009     2.600     0.000     1.000
C3H51-2,3OOH       2   549.655     5.716     0.000     0.000     0.000
C3H52-1,3OOH       2   549.655     5.716     0.000     0.000     0.000
C3KET21            2   464.200     5.009     2.600     0.000     1.000
C3H6OOH1-2         2   435.200     4.662     2.700     0.000     1.000
C3H6OOH1-3         2   435.200     4.662     2.700     0.000     1.000
C3H6OOH2-1         2   435.200     4.662     2.700     0.000     1.000
C3H6OOH2-2         2   435.200     4.662     2.700     0.000     1.000
C3H6OOH1-2O2       2   435.200     4.662     2.700     0.000     1.000
C3H6OOH1-3O2       2   435.200     4.662     2.700     0.000     1.000
C3H6OOH2-1O2       2   435.200     4.662     2.700     0.000     1.000
aC3H5OOH           2   481.500     4.997     1.700     0.000     1.000
C2H3OOH            2   436.000     3.970     0.000     0.000     2.000
C2H3OCH2           2   395.000     4.037     1.300     0.000     1.000
A1CC               2   535.6       5.72      0.77     12.00      1.000  
A1C2H-             2   535.6       5.72      0.77     12.00      1.000  
!A1C2H3            2   546.2       6.00      0.13     15.00      1.000
C6H4C2H3           2   546.2       6.00      0.13     15.00      1.000
n-A1C2H2           2   546.2       6.00      0.13     15.00      1.000
A1CCH2             2   546.2       6.00      0.13     15.00      1.000
C8H2               2   546.2       6.00      0.13     15.00      1.000
C8H                2   546.2       6.00      0.13     15.00      1.000
C9H7               2   586.0       6.09      0.00     16.00      1.000
C9H8               2   586.0       6.09      0.00     16.00      1.000
A1CHCHCH3          2   586.0       6.09      0.00     16.00      1.000
A1C3H2             2   586.0       6.09      0.00     16.00      1.000
OC6H4C2H5          2   586.0       6.09      0.00     16.00      1.000
CH2A1C2H3          2   588.677     6.039     0.000     0.000     1.000
C9H9-1             2   588.677     6.039     0.000     0.000     1.000
C9H10              2   591.609     6.056     0.000     0.000     1.000
CH3A1C2H3          2   591.609     6.056     0.000     0.000     1.000
naphthyne          2   630.4       6.18      0.00     16.50      1.000
C9H6CH2            2   630.4       6.18      0.00     16.50      1.000
A2-                2   630.4       6.18      0.00     16.50      1.000
C2H2A1C2H3         2   622.957     6.238     0.000     0.000     1.000
C6H4C4H5           2   622.957     6.238     0.000     0.000     1.000
H2A2-1             2   622.957     6.238     0.000     0.000     1.000
H2A2-2             2   622.957     6.238     0.000     0.000     1.000
C9H7CH2            2   622.957     6.238     0.000     0.000     1.000
H2A2               2   625.772     6.254     0.000     0.000     1.000
H2A223             2   625.772     6.254     0.000     0.000     1.000
C9H7CH3            2   625.772     6.254     0.000     0.000     1.000
A1(C2H3)2          2   625.772     6.254     0.000     0.000     1.000
C2H4A1C2H3         2   628.578     6.270     0.000     0.000     1.000
C9H8CH3            2   628.578     6.270     0.000     0.000     1.000
CH2A1C3H5          2   628.578     6.270     0.000     0.000     1.000
H4A2-1             2   628.578     6.270     0.000     0.000     1.000
H4A2-2             2   628.578     6.270     0.000     0.000     1.000
H4A2               2   631.374     6.286     0.000     0.000     1.000
CH3A1C3H5          2   631.374     6.286     0.000     0.000     1.000
A1C4H4             2   631.374     6.286     0.000     0.000     1.000
A2-1               2   630.4       6.18      0.00     16.50      1.000
A2-2               2   630.4       6.18      0.00     16.50      1.000
C2H2A1C2H          2   630.4       6.18      0.00     16.50      1.000
A1(C2H)2           2   630.4       6.18      0.00     16.50      1.000
C10H               2   630.4       6.18      0.00     16.50      1.000
C10H2              2   630.4       6.18      0.00     16.50      1.000
C9H7C2H            2   653.1       6.27      0.00     17.00      1.000
C11H7              2   653.1       6.27      0.00     17.00      1.000
A2R5               2   693.1       6.47      0.00     18.00      1.000
HA2R5              2   693.1       6.47      0.00     18.00      1.000
BIPHEN             2   693.1       6.47      0.00     18.00      1.000
BIPHENH            2   693.1       6.47      0.00     18.00      1.000
A2R5-              2   693.1       6.47      0.00     18.00      1.000
A2C2H              2   693.1       6.47      0.00     18.00      1.000
A2C2H2             2   693.1       6.47      0.00     18.00      1.000
A2C2H*             2   693.1       6.47      0.00     18.00      1.000
A2C2HA             2   693.1       6.47      0.00     18.00      1.000
A2C2HA*            2   693.1       6.47      0.00     18.00      1.000
A2C2HB             2   693.1       6.47      0.00     18.00      1.000
A2C2HB*            2   693.1       6.47      0.00     18.00      1.000
C13H9CH2           2   523.4       6.568     0.000     0.000     1.000
C13H8CH2           2   523.4       6.568     0.000     0.000     1.000
C13H9              2   523.4       6.568     0.000     0.000     1.000
p-C13H9            2   523.4       6.568     0.000     0.000     1.000
C13H10             2   523.4       6.568     0.000     0.000     1.000
p-C13H10           2   523.4       6.568     0.000     0.000     1.000
C13H11             2   523.4       6.568     0.000     0.000     1.000
C13H12             2   523.4       6.568     0.000     0.000     1.000
A3                 2   772.0       6.96      0.00     38.80      1.000
A3L                2   772.0       6.96      0.00     38.80      1.000
A3-1               2   772.0       6.96      0.00     38.80      1.000
A3-4               2   772.0       6.96      0.00     38.80      1.000
A2(C2H)2           2   772.0       6.96      0.00     38.80      1.000
C14H14             2   783.800     6.640     0.000     0.000     1.000
C14H13             2   783.800     6.640     0.000     0.000     1.000
C14H12             2   772.0       6.960     0.000     0.000     1.000
C14H11             2   772.0       6.960     0.000     0.000     1.000
C14H10             2   772.0       6.960     0.000     0.000     1.000
A2R5R5             2   772.0       6.96      0.00     38.80      1.000
A4-4               2   834.9       7.24      0.00     45.00      1.000            
A4-2               2   834.9       7.24      0.00     45.00      1.000
A4-1               2   834.9       7.24      0.00     45.00      1.000
A4                 2   834.9       7.24      0.00     45.00      1.000
A4L                2   834.9       7.24      0.00     45.00      1.000
CHRYSEN            2   834.9       7.24      0.00     45.00      1.000
CHRYSEN-1          2   834.9       7.24      0.00     45.00      1.000
CHRYSEN-4          2   834.9       7.24      0.00     45.00      1.000
CHRYSEN-5          2   834.9       7.24      0.00     45.00      1.000
A4-                2   834.9       7.24      0.00     45.00      1.000
A3C2H              2   834.9       7.24      0.00     45.00      1.000
A3C2H-1            2   834.9       7.24      0.00     45.00      1.000
A3C2H-2            2   834.9       7.24      0.00     45.00      1.000
A3CH2R             2   834.9       7.24      0.00     45.00      1.000
A3C2H2             2   834.9       7.24      0.00     45.00      1.000
C5H4CH3            2   395.000     6.000     0.000     0.000     1.000
C5H5CH2-1          2   395.000     6.000     0.000     0.000     1.000
C5H5CH2-2          2   395.000     6.000     0.000     0.000     1.000
C5H5CH2-3          2   395.000     6.000     0.000     0.000     1.000
P2                 2   676.5       6.31      0.00     20.00      1.000
P2-H               2   676.5       6.31      0.00     20.00      1.000
P2-                2   676.5       6.31      0.00     20.00      1.000
C12H9              2   676.5       6.31      0.00     20.00      1.000
C9H6O              2   630.400     6.180     0.000     0.000     1.000
A1OA1              2   450.000     6.477     0.000     0.000     1.000
C6H4OH             2   450.000     5.500     0.000     0.000     1.000
OC6H4O2            2   450.000     5.500     0.000     0.000     1.000
OC6H4OH            2   450.000     5.500     0.000     0.000     1.000
PC6H4O2            2   450.000     5.500     0.000     0.000     1.000
C6H3O2             2   450.000     5.500     0.000     0.000     1.000
C6H3O3             2   450.000     5.500     0.000     0.000     1.000
A1CHCH             2   450.000     5.646     0.000     0.000     1.000
A1CH               2   450.000     5.549     0.000     0.000     1.000
A2R5H2             2   523.4       6.568     0.000     0.000     1.000
A2R5T              2   523.4       6.568     0.000     0.000     1.000
A2T1               2   450.0       6.090     0.000     0.000     1.000
A2T2               2   450.0       6.090     0.000     0.000     1.000
A2OH-1             2   402.9       6.744     0.000     0.000     1.000
A2OH-2             2   402.9       6.744     0.000     0.000     1.000
A2CH3-1            2   402.9       6.744     0.000     0.000     1.000
A2CH2-1            2   402.9       6.744     0.000     0.000     1.000
A2CH3-2            2   402.9       6.744     0.000     0.000     1.000
A2CH2-2            2   402.9       6.744     0.000     0.000     1.000
A2R5J1             2   523.4       6.568     0.000     0.000     1.000
A2R5J3             2   523.4       6.568     0.000     0.000     1.000
A2R5J4             2   523.4       6.568     0.000     0.000     1.000
A2R5J5             2   523.4       6.568     0.000     0.000     1.000
A2O-1              2   402.9       6.744     0.000     0.000     1.000
A2O-2              2   402.9       6.744     0.000     0.000     1.000
FLTHN              2   776.2       7.407     0.000     0.000     1.000
FLTHN-1            2   776.2       7.407     0.000     0.000     1.000
FLTHN-3            2   776.2       7.407     0.000     0.000     1.000
A2C6H5-2           2   776.2       7.407     0.000     0.000     1.000
C18H12             2   776.2       7.407     0.000     0.000     1.000
A2R5J1             2   523.4       6.568     0.000     0.000     1.000
A2R5J3             2   523.4       6.568     0.000     0.000     1.000
A2R5J4             2   523.4       6.568     0.000     0.000     1.000
A2R5J5             2   523.4       6.568     0.000     0.000     1.000
A2R5YNE1           2   523.4       6.568     0.000     0.000     1.000
A2R5YNE3           2   523.4       6.568     0.000     0.000     1.000
A2R5YNE4           2   523.4       6.568     0.000     0.000     1.000
A2R5YNE5           2   523.4       6.568     0.000     0.000     1.000
A3CH3              2   523.4       6.568     0.000     0.000     1.000
A3CH2              2   523.4       6.568     0.000     0.000     1.000
A3R5               2   776.2       7.407     0.000     0.000     1.000
A3LR5              2   776.2       7.407     0.000     0.000     1.000
BAPYR              2   833.062     8.087     0.000     0.000     1.000
BAPYRJS            2   833.062     8.087     0.000     0.000     1.000
BEPYREN            2   833.062     8.087     0.000     0.000     1.000
BEPYRENJS          2   833.062     8.087     0.000     0.000     1.000
A3C2H-2            2   523.4       6.568     0.000     0.000     1.000
A3C2H-2JS          2   523.4       6.568     0.000     0.000     1.000
A4C2H-1            2   776.2       7.407     0.000     0.000     1.000
A4C2H-1JP          2   776.2       7.407     0.000     0.000     1.000
A4C2H-2            2   776.2       7.407     0.000     0.000     1.000
PYC2H-2JS          2   776.2       7.407     0.000     0.000     1.000
A4C2H-4            2   776.2       7.407     0.000     0.000     1.000
A4C2H-4JS          2   776.2       7.407     0.000     0.000     1.000
A4C2H-2JS          2   776.2       7.407     0.000     0.000     1.000
BGHIPER            2   990.963     8.358     0.000     0.000     1.000
BGHIPERJS          2   990.963     8.358     0.000     0.000     1.000
PERYLEN            2   833.062     8.087     0.000     0.000     1.000
PERYLENJS          2   833.062     8.087     0.000     0.000     1.000
ANTHAN             2   990.963     8.358     0.000     0.000     1.000
ANTHANJS           2   990.963     8.358     0.000     0.000     1.000
CORONEN            2   961.3       7.708     0.000     0.000     1.000
A2R5C2H2           2   772.000     6.960     0.000     0.000     1.000
A2R5C2H            2   772.800     6.940     0.000     0.000     1.000
A1CH2CHCH2OOH      2   523.600     5.960     0.000     0.000     1.000
A1CHCH2CH2OOH      2   523.600     5.960     0.000     0.000     1.000
A1CH2CHOOHCH2      2   523.600     5.960     0.000     0.000     1.000
A1CHCHOOHCH3       2   523.600     5.960     0.000     0.000     1.000
A1CHOOHCH2CH2      2   523.600     5.960     0.000     0.000     1.000
A1CHOOHCHCH3       2   523.600     5.960     0.000     0.000     1.000
A1CHOOHCH2         2   523.600     5.960     0.000     0.000     1.000
A1CHCH2OOH         2   523.600     5.960     0.000     0.000     1.000
A1CHOOHCH2O2       2   523.600     5.960     0.000     0.000     1.000
A1CHO2CH2OOH       2   523.600     5.960     0.000     0.000     1.000
A1CHOOHCHO         2   523.600     5.960     0.000     0.000     1.000
A1COCH2OOH         2   523.600     5.960     0.000     0.000     1.000
c-C6H4             2   464.8       5.29      0.00     10.32      0.000
C6H6               2   464.8       5.29      0.00     10.32      0.000
C6H5               2   464.8       5.29      0.00     10.32      0.000
C6H5CH3            2   495.3       5.68      0.43     12.30      1.000
C6H5C2H3           2   546.2       6.00      0.13     15.00      1.000
C6H5CH2            2   495.3       5.68      0.43     12.30      1.000
C6H5C2H            2   535.6       5.72      0.77     12.00      1.000
c-C6H7             2   464.8       5.29      0.00     10.32      0.000
C6H5O              2   464.8       5.29      0.00     10.32      0.000
C6H5OH             2   464.8       5.29      0.00     10.32      0.000
aC3H5              2   266.800     4.982     0.000     0.000     1.000
CH3CCH2            2   266.800     4.982     0.000     0.000     1.000
CH3CHCH            2   266.800     4.982     0.000     0.000     1.000
C3H6               2   266.800     4.982     0.000     0.000     1.000
C3H7               2   266.800     4.982     0.000     0.000     1.000
iC3H7              2   266.800     4.982     0.000     0.000     1.000
nC3H7              2   266.800     4.982     0.000     0.000     1.000
C3H8               2   266.800     4.982     0.000     0.000     1.000
C4H2OH             2   224.700     4.162     0.000     0.000     1.000
C4H7               2   357.000     5.176     0.000     0.000     1.000
C4H7-1             2   357.000     5.176     0.000     0.000     1.000
C4H7O              2   357.000     5.176     0.000     0.000     1.000
SAXC4H7            2   357.000     5.176     0.000     0.000     1.000
iC4H7-1            2   357.000     5.176     0.000     0.000     1.000
C4H7-2             2   357.000     5.176     0.000     0.000     1.000
CH3CCHCH3          2   357.000     5.176     0.000     0.000     1.000
iC4H7              2   357.000     5.176     0.000     0.000     1.000
C4H81              2   357.000     5.176     0.000     0.000     1.000
C4H82              2   357.000     5.176     0.000     0.000     1.000
iC4H8              2   357.000     5.176     0.000     0.000     1.000
tC4H9              2   357.000     5.176     0.000     0.000     1.000
iC4H9              2   357.000     5.176     0.000     0.000     1.000
pC4H9              2   357.000     5.176     0.000     0.000     1.000
sC4H9              2   357.000     5.176     0.000     0.000     1.000
C4H10              2   357.000     5.176     0.000     0.000     1.000
iC4H10             2   357.000     5.176     0.000     0.000     1.000
CH3COCH3           2   357.000     5.176     0.000     0.000     1.000
C2H3CHO            2   357.000     5.176     0.000     0.000     1.000
iC4H7O             2   450.000     5.500     0.000     0.000     1.000
CH3CHO             2   436.000     3.970     0.000     0.000     2.000
CH3CO              2   436.000     3.970     0.000     0.000     2.000
!#########################From 2011 Hansen & Harper & Green #########################################
C2H3OH             2   384.335     4.927     0.000     0.000     1.000
C2H5O              2   384.316     4.952     0.000     0.000     1.000
C2H4OH             2   384.316     4.952     0.000     0.000     1.000
CH3CHOH            2   384.335     4.844     0.000     0.000     1.000
HCCHOH             2   384.335     4.844     0.000     0.000     1.000
CH2COH             2   384.335     4.844     0.000     0.000     1.000
C3H4O              2   376.994     5.183     0.000     0.000     1.000
C3H5OJ(13)         2   376.679     5.206     0.000     0.000     1.000
C3H5O-enol2        2   411.992     5.184     0.000     0.000     1.000
C4H7OH1-1          2   429.306     5.587     0.000     0.000     1.000
C4H7OH1-4          2   419.669     5.570     0.000     0.000     1.000
C4H7OH2-1          2   429.306     5.587     0.000     0.000     1.000
C4H7OJ(8)          2   394.626     5.526     0.000     0.000     1.000
C4H7OJ(12)         2   394.626     5.526     0.000     0.000     1.000
C4H7OJ(13)         2   394.626     5.526     0.000     0.000     1.000
C4H7OJ(16)         2   394.626     5.526     0.000     0.000     1.000
!#########################From 2012 Sarathy & Vranckx & Yasunaga & Mehl & Osswald et al.#####
CC3H6OH            2   454.0       5.413     3.3       0.0       1.0 
C3H5OH             2   481.5       4.997     1.7       0.0       1.0 
C2H5CHO            2   435.2       4.662     2.7       0.0       1.0 
C4H9OH             2   503.07      5.34      1.67      8.88      1.0 
C4H9O              2   476.0       5.778     2.6       0.0       1.0 
AC4H8OH            2   476.0       5.778     2.6       0.0       1.0 
BC4H8OH            2   476.0       5.778     2.6       0.0       1.0 
CC4H8OH            2   476.0       5.778     2.6       0.0       1.0 
DC4H8OH            2   476.0       5.778     2.6       0.0       1.0 
C3H7CHO            2   464.2       5.009     2.6       0.0       1.0 
HOCHO              2   436.000     3.970     0.000     0.000     2.0 
HOCH2O             2   470.600     4.410     0.000     0.000     1.5 
sC4H9OH            2   641.92      2.40      1.67     8.88       1
sC4H8OHm           2   641.92      2.40      1.67     8.88       1
sC4H8OH-1          2   641.92      2.40      1.67     8.88       1
sC4H8OH-2          2   641.92      2.40      1.67     8.88       1
sC4H8OH-3          2   641.92      2.40      1.67     8.88       1
iC3H6OH            2   487.900     4.820     0.000    0.000      1.000 
CH3COHCH3          2   487.900     4.820     0.000    0.000      1.000 
iC3H5OH            2   459.5       5.036     1.7      0.000      1.0
sC4H9O             2   496.000     5.200     0.000    0.000      1.000 
C2H5OH             2   470.600     4.410     0.000    0.000      1.500 
C3H6OH-1           2   487.900     4.820     0.000    0.000      1.000 
sC2H4OH            2   470.600     4.410     0.000    0.000      1.500 
C4H7OH2-2          2   503.07      5.34      1.67     8.88       1     
C4H7OH1-2          2   503.07      5.34      1.67     8.88       1     
C4H7OH1-3          2   503.07      5.34      1.67     8.88       1     
C2H5COCH3          2   454.0       5.413     3.3      0.00       1.0 
C4H6OH1-32         2   503.07      5.34      1.67     8.88       1     
C4H71-2            2   355.000     4.650     0.00    0.000       1.000
C4H71-3            2   355.000     4.650     0.00    0.000       1.000
C4H71-4            2   355.000     4.650     0.00    0.000       1.000
C4H72-1            2   355.000     4.650     0.00    0.000       1.000
C4H72-2            2   355.000     4.650     0.00    0.000       1.000
CH3COCH2           2   435.500     4.860     0.00    0.000       1.000
CH2CH2COCH3        2   454.0       5.413     3.3      0.000      1.000  
CH3CHCOCH3         2   454.0       5.413     3.3      0.000      1.000  
C2H5COCH2          2   454.0       5.413     3.3      0.000      1.000  
CH3CHCO            2   443.200     4.120     0.00     0.000      1.000
C4H7OH2-1          2   503.07      5.34      1.67     8.88       1.000    
CH3CHCHOH          2   496.000     5.200     0.00     0.000      1.000
C2H5CO             2   424.600     4.820     0.00     0.000      1.000
C2H3COCH3          2   454.0       5.413     3.3      0.000      1.000  
C4H7-24            2   358.834     5.406     0.00     0.000      1.000
sC4H8OH-2O2        2   641.92      2.40      1.67     8.88       1.000                                                
iC4H9OH            2   641.92      2.40      1.67     8.88       1.000
iC4H8OH-1          2   641.92      2.40      1.67     8.88       1.000
iC4H8OH-2          2   641.92      2.40      1.67     8.88       1.000
iC4H8OH-3          2   641.92      2.40      1.67     8.88       1.000
iC4H9O             2   496.000     5.200     0.00     0.000      1.000
iC3H6CHOH          2   487.900     4.820     0.00     0.000      1.000
iC3H5CH2OH         2   487.900     4.820     0.00     0.000      1.000
C3H6OH-2           2   487.900     4.820     0.00     0.000      1.000
iC3H7CHO           2   436.4       5.352     0.0      0.000      1.000
CH3CHCHO           2   428.8       4.958     2.9      0.000      1.000
CH2CH2CHO          2   424.600     4.820     0.00     0.000      1.000
iC3H7CO            2   436.4       5.352     0.0      0.000      1.000
C2H3CO             2   443.200     4.120     0.00     0.000      1.000
tC3H6CHO           2   436.4       5.352     0.0      0.000      1.000
C3H5O              2   411.000     4.820     0.00     0.000      1.000
iC3H6CHO           2   436.4       5.352     0.0      0.000      1.000
iC3H5CHO           2   436.4       5.352     0.0      0.000      1.000
iC3H5CO            2   436.4       5.352     0.0      0.000      1.000
iC3H6CO            2   436.4       5.352     0.0      0.000      1.000 
A1CHCH3OOH         2   622.400     5.530     0.000     0.000     1.000
A1CHCH3O           2   622.400     5.530     0.000     0.000     1.000
tC3H5              2   266.800     4.982     0.000     0.000     1.000
sC3H5              2   266.800     4.982     0.000     0.000     1.000
CH2CHCHCO          2   373.700     4.790     0.000     0.000     1.000
A1OO               2   464.800     5.290     0.000    10.320     0.000
A1OOH              2   464.800     5.290     0.000    10.320     0.000
HOC6H4CH2OOH       2   621.100     5.640     0.000     0.000     1.000
HOC6H4CH2OO        2   621.100     5.640     0.000     0.000     1.000
HOC6H4CH2O         2   621.100     5.640     0.000     0.000     1.000
HOC6H4CHO          2   621.100     5.640     0.000     0.000     1.000
HOC6H4CO           2   621.100     5.640     0.000     0.000     1.000
A1CHOH             2   622.400     5.530     0.000     0.000     1.000
C14H13OO           2   783.800     6.640     0.000     0.000     1.000
C14H13OOH          2   783.800     6.640     0.000     0.000     1.000
C14H12OOH          2   783.800     6.640     0.000     0.000     1.000
C14H12O2H-1O2      2   783.800     6.640     0.000     0.000     1.000
C14H11O-1O2H       2   783.800     6.640     0.000     0.000     1.000
C14H13O            2   783.800     6.640     0.000     0.000     1.000
A1C4H5             2   546.2       6.00      0.13     15.00      1.000
BIN1A              2   834.9       7.24      0.00     45.00      1.000
BICYCLO            2   783.800     6.640     0.000     0.000     1.000
A2C2H2A            2   693.1       6.47      0.00     18.00      1.000
A2C2H2B            2   693.1       6.47      0.00     18.00      1.000
A2R5C2H*           2   772.8       6.94      0.00     18.00      1.000
A2R5C2H            2   772.8       6.94      0.00     18.00      1.000
DIBZFUR            2   676.5       6.310     0.000     0.000     1.000
A1C2H3OOH          2   546.2       6.00      0.13     15.00      1.000
A1C2H3O            2   546.2       6.00      0.13     15.00      1.000
A1COCH3            2   546.2       6.00      0.13     15.00      1.000
A1CHOOCH3          2   546.2       6.00      0.13     15.00      1.000
A1CHOCH3           2   546.2       6.00      0.13     15.00      1.000
A1COCH2            2   546.2       6.00      0.13     15.00      1.000
C8H8O              2   586.0       6.09      0.00     16.00      1.000
C8H7O              2   586.0       6.09      0.00     16.00      1.000
C8H7O-1            2   586.0       6.09      0.00     16.00      1.000
C8H6O              2   586.0       6.09      0.00     16.00      1.000
cumene             2   546.2       6.00      0.13     15.00      1.000
cumenyl            2   546.2       6.00      0.13     15.00      1.000
!--------------PROPYLBENZENE------------------------------------------
A1C3H7             2   546.200     6.000     0.130    15.000     1.000
A1CH2CH2CH2        2   523.600     5.960     0.000     0.000     1.000
A1CH2CHCH3         2   523.600     5.960     0.000     0.000     1.000
A1CHCH2CH3         2   523.600     5.960     0.000     0.000     1.000
A1CH(CH3)CH2       2   523.600     5.960     0.000     0.000     1.000
A1CH2CHCH2         2   523.600     5.960     0.000     0.000     1.000
A1CHCHCH2          2   523.600     5.960     0.000     0.000     1.000
A1CHCCH2           2   523.600     5.960     0.000     0.000     1.000
A1C(CH3)CH2        2   523.600     5.960     0.000     0.000     1.000
A1CHOCH2CH3        2   523.600     5.960     0.000     0.000     1.000
A1COCH2CH3         2   523.600     5.960     0.000     0.000     1.000
A1CH2CH2CH2OO      2   523.600     5.960     0.000     0.000     1.000
A1CH2CHOOCH3       2   523.600     5.960     0.000     0.000     1.000
A1CHOOCH2CH3       2   523.600     5.960     0.000     0.000     1.000
A1CH2CH2OO         2   523.600     5.960     0.000     0.000     1.000
A1CHOCHCH2         2   523.600     5.960     0.000     0.000     1.000
A1CHCHCH2O         2   523.600     5.960     0.000     0.000     1.000
A1CHCHCH2-3        2   523.600     5.960     0.000     0.000     1.000
A1CHCHCH2-1        2   523.600     5.960     0.000     0.000     1.000
A1C(CH3)2          2   523.600     5.960     0.000     0.000     1.000
C4                 1    97.530     3.621     0.000     1.760     4.000 
C6                 1    97.530     3.621     0.000     1.760     4.000
C8                 1    97.530     3.621     0.000     1.760     4.000
C10                1    97.530     3.621     0.000     1.760     4.000
C12                1    97.530     3.621     0.000     1.760     4.000
C12H               2   630.4       6.18      0.00     16.50      1.000
C12H2              2   630.4       6.18      0.00     16.50      1.000
OC6H5CH3           2   567         5.6       1.6       0.0       1.000
O*y(CC(C)*CVC)     2   567         5.6       1.6       0.0       1.000
c-C*CC*CC(C)*C*O   2   567         5.6       1.6       0.0       1.000
MCYHEXDONE         2   567         5.6       1.6       0.0       1.000
CH24DOE            2   464.8       5.29      0.00     10.32      0.000
CH25DOE            2   464.8       5.29      0.00     10.32      0.000
O*cy(CCV(C)V)      2   572         5.82      1.7       0.0       1.0
O*cy(CVC(C)C*C)    2   572         5.82      1.7       0.0       1.0
c-C*CC(C)*CC*C*O   2   572         5.82      1.7       0.0       1.0
O*cy(CV(C)CC*C)    2   572         5.82      1.7       0.0       1.0
c-C*C(C)C*CC*C*O   2   572         5.82      1.7       0.0       1.0
c-C*CC*C(C)C*C*O   2   572         5.82      1.7       0.0       1.0
O*cy(CCC(C)*CV)    2   572         5.82      1.7       0.0       1.0
O*cy(CV(C)VC)      2   572         5.82      1.7       0.0       1.0
tc-CC*CC*CC*C*O    2   572         5.82      1.7       0.0       1.0
O*cy(CC(C)*CCV)    2   572         5.82      1.7       0.0       1.0
o-C6H4OCH3         2   572         5.82      1.7       0.0       1.0
p-C6H4OCH3         2   572         5.82      1.7       0.0       1.0
YMN                2   546.2       6.00      0.13     15.00      1.000
C5H4CHCHCH2        2   546.2       6.00      0.13     15.00      1.000
C5H5-C2H5          2   546.2       6.00      0.13     15.00      1.000
R1ECPD             2   546.2       6.00      0.13     15.00      1.000
R2ECPD             2   546.2       6.00      0.13     15.00      1.000
R3ECPD             2   546.2       6.00      0.13     15.00      1.000
R4ECPD             2   546.2       6.00      0.13     15.00      1.000
DMCPD              2   546.2       6.00      0.13     15.00      1.000
R1DMCPD            2   546.2       6.00      0.13     15.00      1.000
C6H7               2   464.8       5.29      0.00     10.32      0.000
ACPD               2   464.8       5.29      0.00     10.32      0.000
R1ACPD             2   464.8       5.29      0.00     10.32      0.000
R2ACPD             2   464.8       5.29      0.00     10.32      0.000
R3ACPD             2   464.8       5.29      0.00     10.32      0.000
C5H5CC*C           2   546.2       6.00      0.13     15.00      1.000
C5H5C.C*C          2   546.2       6.00      0.13     15.00      1.000
C5H4.CC*C          2   546.2       6.00      0.13     15.00      1.000
C5H5CC.C           2   546.2       6.00      0.13     15.00      1.000
CH3C6H4OCH3        2   567         5.60      1.6       0.0       1.0
HOC6H4C2H5         2   567         5.60      1.6       0.0       1.0
dibenzofuran       2   676.5       6.310     0.000     0.000     1.000
HOC6H4CHCH3        2   567         5.60      1.6       0.0       1.0
HOC6H4CH2CH2       2   567         5.60      1.6       0.0       1.0
HOC6H4C2H3         2   567         5.60      1.6       0.0       1.0
OC6H4C2H3          2   567         5.60      1.6       0.0       1.0
OC6H4*CC           2   567         5.60      1.6       0.0       1.0
OC6H4C.C           2   567         5.60      1.6       0.0       1.0
CYC5H5CC.          2   567         5.60      1.6       0.0       1.0
CYC5H5C.C          2   567         5.60      1.6       0.0       1.0
CYC5H5C*C          2   567         5.60      1.6       0.0       1.0
guaiacol           2   572         5.82      1.7       0.0       1.0
B1C6H6O            2   572         5.82      1.7       0.0       1.0
M4C6H6O            2   572         5.82      1.7       0.0       1.0
M5C6H6O            2   572         5.82      1.7       0.0       1.0
PhOMe1JC           2   572         5.82      1.7       0.0       1.0
o-CH3C6H4OCH3      2   572         5.82      1.7       0.0       1.0
p-CH3C6H4OCH3      2   572         5.82      1.7       0.0       1.0
PhOMe1JOPhH        2   676.5       6.310     0.000     0.000     1.000
PhOPh              2   676.5       6.310     0.000     0.000     1.000
PhOy(CVCJ(OMe)V)   2   676.5       6.310     0.000     0.000     1.000
PhOyCC*CC(*O)C*C   2   676.5       6.310     0.000     0.000     1.000
PhOy(EJ(OMe)VV)    2   676.5       6.310     0.000     0.000     1.000
o-HOPhOPh          2   676.5       6.310     0.000     0.000     1.000
PhOy(CC(*O)VV)     2   676.5       6.310     0.000     0.000     1.000
ME4-CPENE3.        2   572         5.82      1.7       0.0       1.0
C*CC*CCCJ(*O)      2   572         5.82      1.7       0.0       1.0
C*CC.C*C           2   572         5.82      1.7       0.0       1.0
O*cy(CCCJC*CC)     2   572         5.82      1.7       0.0       1.0
O*cy(CCJCC*CC)     2   572         5.82      1.7       0.0       1.0
CYPENE3.           2   572         5.82      1.7       0.0       1.0
C5H6(1632)         2   572         5.82      1.7       0.0       1.0
CH2CHCH2CCH        2   572         5.82      1.7       0.0       1.0
CVCCJCVC           1   357.000     5.180     0.000     0.000     1.000
CVCCVCCJ           1   357.000     5.180     0.000     0.000     1.000
C5H81-3            1   357.000     5.180     0.000     0.000     1.000
! 1-15: Species Name 
! 16-80: Molecular parameters  
!        molecule index: 0 = atom, 1= linear mol. 2 = nonlinear mol.
!        L-J potential well depth, e/kb (K)        
!        L-J collision diameter, s,     
!        Dipole moment, f, Debye         
!        Polarizability, `,  
!        Rotational relaxation number, Zrot at 298K
!        Comments    
END
H HE   -9.66994265100   2.10026266000   -0.07705964500   0.00546112600 ! Middha et al, Proc. Comb. Inst., Vol. 29
        0.93003284006   0.08015000695   -0.00947327267   0.00063458775
        0.87637862374   0.10238278295   -0.01480299828   0.00098803605
        1.06001553391  -0.05992751365    0.01026504945  -0.00073450868
H H2  -11.74984983000   3.15068443400   -0.25747189600   0.01589155500 ! Middha et al, Proc. Comb. Inst., Vol. 29
        0.68564849197   0.15339038119   -0.01367350360   0.00032210353
        0.67794933764   0.13747070299   -0.01105868963   0.00016576525
        0.65119387990   0.08215979427   -0.00438944167  -0.00027358319
H2 HE -12.75127347000   3.42444798700   -0.28472577300   0.01593170100 ! Middha et al, Proc. Comb. Inst., Vol. 29
        0.59534394712   0.20780905298   -0.02484767627   0.00100127755
        0.67714740207   0.13579177260   -0.01142533631   0.00018885880
        0.65191818266   0.08365135783   -0.00445010155  -0.00025986744
H AR   -9.05107284400   1.61614185700   -0.00287779500   0.00130541500 ! AIChE 2002
        0.68819287418   0.15342306998   -0.01769949486   0.00088795976
        0.69683113086   0.17157988788   -0.02435683182   0.00136547873
        0.67026727852   0.11433417790   -0.01504070012   0.00051875848
N H2  -11.06296595000   2.35003553100   -0.10371499000   0.00580309100 ! Stallcop et al, Phys. Rev. A, 64, Art. 042722
        1.31576376016  -0.13458345098    0.02492533153  -0.00119098283
        6.99070003974  -2.59649971924    0.37720200602  -0.01788555212
        1.28549476326  -0.20526851249    0.03796449261  -0.00230740895
N N2  -14.50976666000   3.27038987700   -0.22411274000   0.01070436600 ! Stallcop et al, Phys. Rev. A, 64, Art. 042722
        1.28549476326  -0.20526851249    0.03796449261  -0.00230740895
        1.31470940230  -0.12581573177    0.02093874922  -0.00091239288
        1.18530004024  -0.00109904512   -0.00679031552   0.00082436382
H O2  -11.04103178000   2.40427694900   -0.10279690200   0.00532644300 ! Stallcop et al, Phys. Rev. A, 64, Art. 042722
        1.29254489763  -0.18498887975    0.04271031056  -0.00260823132
        1.99269990199  -0.27220069165    0.02059506743   0.00016444098
        1.27566027457  -0.22786150854    0.04449949355  -0.00274619496
O O2  -14.60250025000   3.29049804400   -0.22351565500   0.01068641100 ! Stallcop et al, Phys. Rev. A, 64, Art. 042722
        1.29827044958  -0.17304622424    0.03635310801  -0.00206726443
        9.96160341198  -3.95288550918    0.58275322682  -0.02828930035
        1.26594984746  -0.24767207966    0.04946972829  -0.00300929402
H N2  -13.27028844000   3.51865269300   -0.29664901800   0.01643138100 ! Stallcop et al, J. Chem. Phys., 97, 3431 (1992)
        1.33864596568  -0.08545398502    0.00922905086   0.00004406488
       -2.20299987672   1.59160087079   -0.25339378410   0.01364477086
        1.27615648812  -0.22593374251    0.04641828877  -0.00310151225
H2 N2 -10.99943193000   2.20257995900   -0.08115516500   0.00440608700 ! Stallcop et al, Phys. Rev. A, 62, Art. 062709
        1.31648435027  -0.13202102692    0.02416204045  -0.00120258929
        1.94229781522  -0.41910587564    0.06711915359  -0.00336850295
        1.29072759648  -0.19301215992    0.03398993578  -0.00196835629
N2 N2 -16.51750614000   4.05271572500   -0.34593622800   0.01671006600 ! Stallcop et al, Phys. Rev. A, 62, Art. 062709
        1.35301607939  -0.05405097875   -0.00113356164   0.00059799157
        3.61489786826  -1.08630677454    0.15481851859  -0.00723438967
        1.25620046061  -0.26881554497    0.05577645068  -0.00340833729
H2 H2  -9.96095484000   2.05602189500   -0.06497689600   0.00413678100 ! Stallcop et al, J. Thermophys. Heat Tra., 12, 514 (1998)
        1.32208755845  -0.12074925804    0.02204710917  -0.00105955055
        3.63140155962  -1.13979323643    0.16942078618  -0.00812678015
        1.29811062932  -0.17814060954    0.02956707397  -0.00170200851
ENDDIFF