#SpecName            Dummy      eps/k      sigma      Dummy      Dummy      Dummy
N2                   1          97.530     3.621      0.000      1.760      4.000      !!
H2                   1          38.000     2.920      0.000      0.790      280.000    !!
HE                   0          10.200     2.576      0.000      0.000      0.000      !! 
H                    0          145.000    2.050      0.000      0.000      0.000      !! 
AR                   0          136.500    3.330      0.000      0.000      0.000      !! 
O                    0          80.000     2.750      0.000      0.000      0.000      !! 
O2                   1          107.400    3.458      0.000      1.600      3.800      !! 
OH                   1          80.000     2.750      0.000      0.000      0.000      !! 
H2O                  2          572.400    2.605      1.844      0.000      4.000      !! 
HO2                  2          107.400    3.458      0.000      0.000      1.000      !! 
H2O2                 2          107.400    3.458      0.000      0.000      3.800      !! 
C                    0          71.400     3.298      0.000      0.000      0.000      !! 
CO                   1          98.100     3.650      0.000      1.950      1.800      !! 
CH                   1          80.000     2.750      0.000      0.000      0.000      !! 
CH3                  1          144.000    3.800      0.000      0.000      0.000      !! 
CH2O                 2          498.0      3.59       0.0        0.0        2.0        !!
HCO                  2          498.0      3.59       0.0        0.0        0.0        !!
CH2                  1          144.0      3.8        0.0        0.0        0.0        !!
CH2(S)               1          144.0      3.8        0.0        0.0        0.0        !!
CH3OH                2          481.8      3.626      0.0        0.0        1.0        !!
C2H                  1          265.3      3.721      0.0        0.0        2.5        !!
C2H2                 1          265.3      3.721      0.0        0.0        2.5        !!
CO2                  1          244.0      3.763      0.0        2.65       2.1        !!
C2H3                 2          265.3      3.721      0.0        0.0        1.0        !!
C2H4                 2          238.4      3.496      0.0        0.0        1.5        !!
CH4                  2          141.4      3.746      0.0        2.6        13.0       !!
CH3O                 2          417.0      3.69       1.7        0.0        2.0        !!
CH3O2                2          481.8      3.626      0.0        0.0        1.0        !!
C2H5                 2          247.5      4.35       0.0        0.0        1.5        !!
CH2CO                2          436.0      3.97       0.0        0.0        2.0        !!
HCCO                 2          150.0      2.5        0.0        0.0        1.0        !!
O2CHO                2          436.000    3.970      0.000      0.000      2.000      !! 
HOCHO                2          436.0      3.97       0.0        0.0        2.0        !!
CH3CHO               2          436.0      3.97       0.0        0.0        2.0        !!
CH2OH                2          417.0      3.69       1.7        0.0        2.0        !!
HOCH2O               2          470.6      4.41       0.0        0.0        1.5        !!
OCHO                 2          498.000    3.590      0.000      0.000      2.000      !! 
CH3CO2               2          436.0      3.97       0.0        0.0        2.0        !!
HO2CHO               2          436.000    3.970      0.000      0.000      2.000      !! 
C3H2O                2          252.000    4.760      0.000      0.000      1.000      !!
C3H3                 1          324.8      4.29       0.0        0.0        1.0        !!
HCCOH                2          436.0      3.97       0.0        0.0        2.0        !!
H2CC                 2          209.0      4.1        0.0        0.0        2.5        !!
C4H3-N               2          357.0      5.18       0.0        0.0        1.0        !!
C3H5-S               2          316.0      4.22       0.0        0.0        1.0        !!
C4H4                 2          357.0      5.18       0.0        0.0        1.0        !!
C4H5-I               2          357.0      5.18       0.0        0.0        1.0        !!
C4H5-N               2          357.0      5.18       0.0        0.0        1.0        !!
CH2CHO               2          436.0      3.97       0.0        0.0        2.0        !!
C3H5-A               2          316.0      4.22       0.0        0.0        1.0        !!
C4H6                 2          357.0      4.72       0.0        0.0        1.0        !!
C2H3CHO              2          428.8      4.958      2.9        0.0        1.0        !!
C2H5O                2          470.6      4.41       0.0        0.0        1.5        !!
C3H6O1-2             2          403.600    4.968      2.000      0.000      1.000      !! 
C4H71-4              2          357.1      4.72       0.0        0.0        1.0        !!
IC3H7                2          303.4      4.81       0.0        0.0        1.0        !!
NC3H7                2          303.4      4.81       0.0        0.0        1.0        !!
C2H5CO               2          424.6      4.82       0.0        0.0        1.0        !!
C2H4O2H              2          470.600    4.410      0.000      0.000      1.500      !! 
C2H6                 2          247.5      4.35       0.0        0.0        1.5        !!
C4H8-1               2          355.0      4.65       0.0        0.0        1.0        !!
C2H5CHO              2          435.2      4.662      2.7        0.0        1.0        !!
C2H5O2               2          470.6      4.41       0.0        0.0        1.5        !!
C2O                  1          232.400    3.828      0.000      0.000      1.000      !!
CH3COCH2             2          435.5      4.86       0.0        0.0        1.0        !!
C2H5COCH2            2          454.000    5.413      3.300      0.000      1.000      !! 
CH3CO                2          436.0      3.97       0.0        0.0        2.0        !!
CH3COCH2O            2          447.639    5.086      0.000      0.000      0.000      !! 
CH3CO3               2          436.0      3.97       0.0        0.0        2.0        !!
CH3OCO               2          395.000    4.037      1.300      0.000      1.000      !! 
C2H5O2H              2          470.6      4.41       0.0        0.0        1.5        !!
CH3CO3H              2          436.0      3.97       0.0        0.0        2.0        !!
C3H2                 2          209.0      4.1        0.0        0.0        1.0        !!
C4H2                 1          357.0      4.72       0.0        0.0        1.0        !!
C4H3-I               2          357.0      5.18       0.0        0.0        1.0        !!
C3H4-A               1          324.8      4.29       0.0        0.0        1.0        !!
A1-C6H6              2          464.8      5.29       0.00       10.32      1.000      !! 
C5H5                 1          400.000    5.200      0.000      0.000      1.000      !! 
C3H4-P               1          324.8      4.29       0.0        0.0        1.0        !!
C5H4CH2              2          464.8      5.29       0.00       10.32      1.000      !!
A1--C6H5             2          464.8      5.29       0.00       10.32      1.000      !! 
C3H5-T               2          316.0      4.22       0.0        0.0        1.0        !!
CH2CHCHCHO           2          436.4      5.352      0.0        0.0        1.0        !!
C3H6                 2          307.8      4.14       0.0        0.0        1.0        !!
C3H5O                2          411.0      4.82       0.0        0.0        1.0        !!
CH3CHCO              2          443.2      4.12       0.0        0.0        1.0        !!
C3H6OOH1-2           2          435.200    4.662      2.700      0.000      1.000      !! 
IC3H7O2              2          459.500    5.036      1.700      0.000      1.000      !! 
C6H12-1              2          423.4      5.85       0.0        11.65      1.0        !! 
C3H8                 2          303.4      4.81       0.0        0.0        1.0        !!
NC3H7O               2          481.500    4.997      1.700      0.000      1.000      !! 
NC3H7O2              2          481.500    4.997      1.700      0.000      1.000      !! 
CH3CHCHO             2          387.86     4.687      0.0        0.0        0.0        !!
CH3COCH2O2           2          502.115    5.429      0.000      0.000      0.000      !! 
C3H6O1-3             2          403.600    4.968      2.000      0.000      1.000      !! 
ME2J                 2          496.000    5.200      0.000      0.000      1.000      !!Dooley
MEMJ                 2          357.100    4.720      0.000      0.000      1.000      !!Dooley
C3H6OOH-3J1          2          435.200    4.662      2.700      0.000      1.000      !!Dooley
ME2DO                2          523.600    5.960      0.000      0.000      1.000      !!Dooley
CH3COCH2O2H          2          435.500    4.860      2.9        0.000      1.000      !! CH3COCH3
C3KET12              2          464.200    5.009      2.600      0.000      1.000      !! 
C3KET13              2          464.200    5.009      2.600      0.000      1.000      !! 
C3H6OOH1-2O2         2          435.200    4.662      2.700      0.000      1.000      !! 
C3H6OOH1-3O2         2          435.200    4.662      2.700      0.000      1.000      !! 
C4H                  2          357.000    5.180      0.000      0.000      1.000      !!
C6H2                 1          495.3      5.68       0.43       12.30      1.000      !!
O-C6H4               2          464.8      5.29       0.00       10.32      1.000      !!
C8H2                 1          495.3      5.68       0.43       12.30      1.000      !!
CDCCDCCJ             0          407.300    5.397      0.000      0.000      0.000
C2H3CHOCH2           1          357.000    5.180      0.000      0.000      1.000      !! 
C4H8-2               2          355.0      4.65       0.0        0.0        1.0        !!
C4H7O                2          496.000    5.200      0.000      0.000      1.000      !! 
LSC4H9               2          352.0      5.24       0.0        0.0        1.0	       !!P-C4H9
C4H9CO               2          489.084    5.348      0.000      0.000      0.000      !!NC4H9CHO
LPC4H9O2             2          496.0      5.2        0.0        0.0        1.0	       !!P-C4H9O2
C4H6O23              1          357.000    5.180      0.000      0.000      1.000      !! 
C2H5CHCO             2          436.95     5.016      0.0        0.0        0.0        !!
SC3H5CHO             2          464.2      5.009      2.6        0.0        1.0        !!
C3H7CHO              2          464.200    5.009      2.600      0.000      1.000      !! 
MP2D2J               2          357.100    4.720      0.000      0.000      1.000      !!Dooley
MP2D3J               2          468.500    5.230      0.000      0.000      1.000      !!Dooley
MP2DMJ               2          357.100    4.720      0.000      0.000      1.000      !!Dooley
MP2D                 2          430.100    5.833      0.000      0.000      1.000      !!Dooley
BAOJ                 2          430.100    5.833      0.000      0.000      1.000      !!Dooley
A2-C10H8             2          630.4      6.18       0.00       16.50      1.000      !!
S-C5H5O              2          617.0      5.82       0.00       0.00       1.000      !!
C5H4O                2          484.000    5.100      0.000      0.000      0.000      !!
C5H6                 2          400.000    5.200      0.000      0.000      0.000      !!
CDCCJCDC             0          386.800    5.437      0.000      0.000      0.000
C9H8                 2          630.4      6.18       0.00       16.50      1.000      !!
T-C5H5O              2          484.000    5.100      0.000      0.000      0.000      !!
C5H81-3              1          449.68     5.33       0.4        0.0        1.0        !!
C5H9                 2          396.800    5.458      0.000      0.000      1.000      !!
C5H10                2          386.200    5.489      0.400      0.000      1.000      !!
C5H11                2          440.735    5.041      0.000      0.000      0.000      !!
C5H11O2-1            2          523.2      5.664      1.7        0.0        1.0        !!wjp
C5H11CO              2          534.323    5.625      0.000      0.000      0.000      !!
N-C4H9CHO            2          476.0      5.778      2.6        0.0        1.0        !!wjp
MB2D                 2          468.500    5.230      0.000      0.000      1.000      !!Dooley
MB2J                 2          468.500    5.230      0.000      0.000      1.000      !!Dooley
MB2O                 2          523.600    5.960      0.000      0.000      1.000      !!Dooley
MBMJ                 2          468.5      5.23       0.0        0.0        1.0        !!Dooley 
MB3J                 2          468.500    5.230      0.000      0.000      1.000      !!Dooley
MB3O                 2          523.600    5.960      0.000      0.000      1.000      !!Dooley
MB4J                 2          468.500    5.230      0.000      0.000      1.000      !!Dooley
MB-C5H10O2           2          468.000    2.050      0.000      0.000      0.000      !!Dooley
C5H10OOH1-3          2          523.2      5.664      1.7        0.0        1.0        !!wjp
C5H10OOH1-3O2        2          523.2      5.664      1.7        0.0        1.0        !!wjp
NC5KET13             2          494.8      6.174      1.8        0.0        1.0        !!tcpc
A1C2H5               2          546.2      6.00       0.13       15.00      1.000      !!
A1O-C6H5O            2          410.000    5.920      0.000      0.000      0.000      !!
P2-C12H10            2          676.5      6.31       0.00       20.00      1.000      !!
A1C2H2               2          546.2      6.00       0.13       15.00      1.000      !!
A1C2H3               2          546.2      6.00       0.13       15.00      1.000      !!
OC6H4O               2          464.8      5.29       0.00       10.32      1.000      !!
A1OH                 2          410.000    5.920      0.000      0.000      0.000      !!
C6H11                2          423.4      5.85       0.0        11.65      1.0        !!Mani 2010
C6H13                2          510.730    5.780      0.000      0.000      0.000      !!
N-C12H26             2          789.16     7.06       0.00       22.75      1.000      !!Mani 2010
C6H13O-1             2          540.597    5.662      0.000      0.000      0.000      !!
C6H13O2-1            2          588.653    5.943      0.000      0.000      0.000      !!
C6H13CO              2          534.5      6.24       2.58       13.5       1.0        !!nc6h13cho
N-C5H11CHO           2          498.6      6.009      2.0        0.0        1.0        !!
C6H12OOH1-3          2          588.653    5.943      0.000      0.000      0.000      !!
C6H12OOH1-3O2        2          677.149    6.436      0.000      0.000      0.000      !!
NC6KET13             2          467.0      6.548      1.8        0.0        1.0        !!wjp
A1CH2                2          495.3      5.68       0.43       12.30      1.000      !!
A1CH2O               2          495.3      5.68       0.43       12.30      1.000      !!
A1CHO                2          495.3      5.68       0.43       12.30      1.000      !!
A1CH2OH              2          495.3      5.68       0.43       12.30      1.000      !!
A1CH3*               2          495.3      5.68       0.43       12.30      1.000      !!
OA1CH3               2          495.3      5.68       0.43       12.30      1.000      !!
A1CH3                2          495.3      5.68       0.43       12.30      1.000      !!
HOA1CH3              2          495.3      5.68       0.43       12.30      1.000      !!
C7H13                2          457.800    6.173      0.300      0.000      1.000      !!
C7H14                2          457.800    6.173      0.300      0.000      1.000      !!
C8H17                2          612.84     6.27       0.0        15.9       1.0        !!Mani 2010
C7H15                2          459.600    6.253      0.000      0.000      1.000      !!
C7H15O               2          561.000    6.317      1.700      0.000      1.000      !!
C7H15O2-1            2          561.0      6.317      1.7        0.0        1.0        !!wjp
C10H20-1             2          698.20     6.59       0.0        18.82      1.0        !!Mani 2010
C7H15CO              2          534.5      6.24       2.58       15.0       1.0        !!nc6h13co
N-C6H13CHO           2          534.5      6.24       2.58       13.5       1.0        !!
C7H14OOH1-3          2          561.0      6.317      1.7        0.0        1.0        !!wjp
C7H14OOH1-3O2        2          600.6      7.229      1.8        0.0        1.0        !!nc10h22o
NC7KET13             2          581.3      6.506      2.0        0.0        1.0        !!1c8h17oh
A1C2H*               2          535.6      5.72       0.77       12.00      1.000      !!
A3-C14H10            2          772.0      6.96       0.00       38.80      1.000      !!
A2--C10H7            2          630.4      6.18       0.00       16.50      1.000      !!
A1C2H                2          535.6      5.72       0.77       12.00      1.000      !!
A1C2H3*              2          546.2      6.00       0.13       15.00      1.000      !!
A1C2H4               2          546.2      6.00       0.13       15.00      1.000      !!
C8H9O2               2          546.2      6.00       0.13       15.00      1.000      !!
A1CH3CH2             2          546.2      6.00       0.13       15.00      1.000      !!
A1CH3CHO             2          546.2      6.00       0.13       15.00      1.000      !!
A2CH3                2          693.1      6.47       0.00       18.00      1.000      !!
A1CH3CH3             2          546.2      6.00       0.13       15.00      1.000      !!
C8H15                2          608.98     6.11       0.0        15.12      1.0        !!c8h16-1
C8H16-1              2          608.98     6.11       0.0        15.12      1.0        !!
C8H17O2-1            2          612.84     6.27       0.0        15.9       1.0        !!Mani 2010
C8H17CO              2          612.84     6.27       0.0        15.9       1.0        !!Mani 2010
A1CHOCH2             2          546.2      6.00       0.13       15.00      1.000      !!
A1CHOCHO             2          546.2      6.00       0.13       15.00      1.000      !!
N-C7H15CHO           2          534.5      6.24       2.58       15.0       1.0        !!nc6h13co
C8H8OOH              2          546.2      6.00       0.13       15.00      1.000      !!
OC8H7OOH             2          546.2      6.00       0.13       15.00      1.000      !!
C8OOH1-3             2          612.84     6.27       0.0        15.9       1.0        !!Mani 2010
C8OOH1-3O2           2          612.84     6.27       0.0        15.9       1.0        !!Mani 2010
C8KET1-3             2          612.84     6.27       0.0        15.9       1.0        !!Mani 2010
C9H7                 2          630.4      6.18       0.00       16.50      1.000      !!
A2R5                 2          693.1      6.47       0.00       18.00      1.000      !!
C9H6O                2          630.4      6.18       0.00       16.50      1.000      !!
C9H17                2          654.06     6.35       0.0        16.97      1.0        !!Mani 2010
C9H18-1              2          654.06     6.35       0.0        16.97      1.0        !!Mani 2010
C9H19                2          658.90     6.49       0.0        17.36      1.0        !!Mani 2010
C9H19O2-1            2          658.90     6.49       0.0        17.36      1.0        !!Mani 2010
N-C8H17CHO           2          612.84     6.27       0.0        15.9       1.0        !!Mani 2010
C9OOH1-3             2          658.90     6.49       0.0        17.36      1.0        !!Mani 2010
C9OOH1-3O2           2          658.90     6.49       0.0        17.36      1.0        !!Mani 2010
C9KET1-3             2          658.90     6.49       0.0        17.36      1.0        !!Mani 2010
A2*-C10H7            2          630.4      6.18       0.00       16.50      1.000      !!
A2O-C10H7O           2          630.4      6.18       0.00       16.50      1.000      !!
A2C2H2A              2          693.1      6.47       0.00       18.00      1.000      !!
A2C2H2B              2          693.1      6.47       0.00       18.00      1.000      !!
FLTN                 2          834.9      7.24       0.00       45.00      1.000      !!
A2OH                 2          630.4      6.18       0.00       16.50      1.000      !!
C10H19               2          698.20     6.59       0.0        18.82      1.0        !!Mani 2010
C10H21               2          704.92     6.69       0.0        19.1       1.0        !!Mani 2010
C10H21O2-1           2          704.92     6.69       0.0        19.1       1.0        !!Mani 2010
C9H19CO              2          658.90     6.49       0.0        17.36      1.0        !!Mani 2010
N-C9H19CHO           2          658.90     6.49       0.0        17.36      1.0        !!Mani 2010
C10OOH1-3            2          704.92     6.69       0.0        19.1       1.0        !!Mani 2010
C10OOH1-3O2          2          704.92     6.69       0.0        19.1       1.0        !!Mani 2010
C10KET1-3            2          704.92     6.69       0.0        19.1       1.0        !!Mani 2010
A2CH2                2          693.1      6.47       0.00       18.00      1.000      !!
A2CHO                2          693.1      6.47       0.00       18.00      1.000      !!
A2CH2O               2          693.1      6.47       0.00       18.00      1.000      !!
C11H21               2          748.55     6.73       0.0        20.67      1.0        !!Mani 2010
C11H22-1             2          748.55     6.73       0.0        20.67      1.0        !!Mani 2010
C11H23-1             2          754.20     6.80       0.00       21.03      1.0        !!Mani 2010
C11H23O2-1           2          754.20     6.80       0.00       21.03      1.0        !!Mani 2010
A2C2HA*              2          693.1      6.47       0.00       18.00      1.000      !!
A2C2HB*              2          693.1      6.47       0.00       18.00      1.000      !!
A3--C14H9            2          772.0      6.96       0.00       38.80      1.000      !!
A2R5-                2          693.1      6.47       0.00       18.00      1.000      !!
A3R5                 2          837.5      7.28       0.00       0.00       0.000      !!
A2R5C2H2             2          772.0      6.96       0.00       38.80      1.000      !!
A2C2HA               2          693.1      6.47       0.00       18.00      1.000      !!
A2C2HB               2          693.1      6.47       0.00       18.00      1.000      !!
P2--C12H9            2          676.5      6.31       0.00       20.00      1.000      !!
C12H23               2          787.05     6.93       0.0        22.52      1.0        !!Mani 2010
C12H24               2          787.05     6.93       0.0        22.52      1.0        !!Mani 2010
C12H25               2          789.16     7.06       0.00       22.75      1.0        !!Mani 2010
C12H25O              2          789.16     7.06       0.00       22.75      1.0        !!Mani 2010
C12H25O2             2          789.16     7.06       0.00       22.75      1.0        !!Mani 2010
C12O-R4              2          789.16     7.06       0.00       22.75      1.0        !!Mani 2010
C12O-R5              2          789.16     7.06       0.00       22.75      1.0        !!Mani 2010
C12OOH-T5            2          789.16     7.06       0.00       22.75      1.0        !!Mani 2010
C12OOH-T6            2          789.16     7.06       0.00       22.75      1.0        !!Mani 2010
C12OOH-T7            2          789.16     7.06       0.00       22.75      1.0        !!Mani 2010
C12OOHO2-T6          2          789.16     7.06       0.00       22.75      1.0        !!Mani 2010
C12OOHO2-T7          2          789.16     7.06       0.00       22.75      1.0        !!Mani 2010
C12KET-T6            2          789.16     7.06       0.00       22.75      1.0        !!Mani 2010
C12KET-T7            2          789.16     7.06       0.00       22.75      1.0        !!Mani 2010
A2R5C2H*             2          772.8      6.94       0.00       18.00      1.000      !!
A3R5-                2          837.5      7.28       0.00       0.00       0.000      !!
A2R5C2H              2          772.8      6.94       0.00       18.00      1.000      !!
A3*-C14H9            2          772.0      6.96       0.00       38.80      1.000      !!
A4-C16H10            2          834.9      7.24       0.00       45.00      1.000      !!
A4R5                 2          834.9      7.24       0.00       45.00      1.000      !!
A4--C16H9            2          834.9      7.24       0.00       45.00      1.000      !!
MP3J                 2          430.100    5.833      0.000      0.000      1.000      !!Dooley
C3H6CHO-1            2          464.200    5.009      2.600      0.000      1.000      !!Dooley
C3H6CHO-2            2          464.200    5.009      2.600      0.000      1.000      !!Dooley
SC3H5CO              2          464.2      5.009      2.6        0.0        1.0        !!Dooley
MBMO                 2          494.8      6.174      1.8        0.0        1.0        !!Gail
MBMDO                2          585.588    5.926      0.000      0.000      1.000      !!Dool+Adit
MB4O	             2          523.2      5.664      1.7        0.0        1.0        !!Gail
MB4DO                2          585.588    5.926      0.000      0.000      1.000      !!Dool+Adit
MB2OO                2          523.2      5.664      1.7        0.0        1.0        !!Gail
MB3OO                2          523.2      5.664      1.7        0.0        1.0        !!Gail
MB4OO                2          523.2      5.664      1.7        0.0        1.0        !!Gail
MBMOO                2          523.2      5.664      1.7        0.0        1.0        !!Gail
MB2OOH4J             2          523.2      5.664      1.7        0.0        1.0        !!Gail
MB3OOH2J             2          523.2      5.664      1.7        0.0        1.0        !!Gail
MB3OOHMJ             0          635.008    7.159      0.000      0.000      0.000
MB4OOH3J             2          494.8      6.174      1.8        0.0        1.0        !!Gail
MB4OOHMJ             0          633.904    6.199      0.000      0.000      0.000
MB4OOH2J	     2          498.6      6.009      2.0        0.0        1.0        !!Gail
MBMOOH3J             0          635.008    7.159      0.000      0.000      0.000
MBMOOH2J             2          523.2      5.664      1.7        0.0        1.0        !!Gail
MBMOOH4J             0          633.904    6.199      0.000      0.000      0.000
MB3D                 2          428.728    5.766      0.000      0.000      1.000      !!Dool+Adit
MB2OOH               2          523.2      5.664      1.7        0.0        1.0        !!Gail
MB3OOH	             2          523.2      5.664      1.7        0.0        1.0        !!Gail
MB4OOH	             2          498.6      6.009      2.0        0.0        1.0        !!Gail
MBMOOH	             2          523.2      5.664      1.7        0.0        1.0        !!Gail
MBCY2OM	             2          494.8      6.174      1.8        0.0        1.0        !!Gail
MBCY3O2	             2          494.8      6.174      1.8        0.0        1.0        !!Gail
MBCY4O2	             2          494.8      6.174      1.8        0.0        1.0        !!Gail
MBCY4O3	             2          494.8      6.174      1.8        0.0        1.0        !!Gail
MBCY3OM              0          585.588    5.926      0.000      0.000      0.000
MMCYMOO1             0          505.266    5.448      0.000      0.000      0.000
NC3H7COOO            0          546.562    5.698      0.000      0.000      0.000
NC3H7COOOH           0          549.655    5.716      0.000      0.000      0.000
MP3DO2D              0          537.205    5.642      0.000      0.000      0.000
C2H5COCO             2          395.0      4.037      1.3        0.0        1.0        !!Gail
CHOCO2J              0          436.000    3.970      0.000      0.000      0.000
CH3COCH2CO           0          496.000    5.200      0.000      0.000      0.000
ME2JDO               0          399.449    5.532      0.000      0.000      0.000
COCO                 0          383.705    4.659      0.000      0.000      0.000
MPMDO2D              0          537.205    5.642      0.000      0.000      0.000
MPMJDO2D             0          534.060    5.623      0.000      0.000      0.000
C2H3CO2              2          440.433    5.039      0.000      0.000      1.000      !!Dool+Adit
MBMOOH3O2            0          718.267    6.656      0.000      0.000      0.000
MBMOOH4O2            0          718.267    6.656      0.000      0.000      0.000
MB2OOH4O2            0          721.174    7.899      0.000      0.000      0.000
MB3OOHMO2            0          718.267    6.656      0.000      0.000      0.000
MB4OOH2O2            0          721.174    7.899      0.000      0.000      0.000
MB4OOHMO2            0          718.267    6.656      0.000      0.000      0.000
MBKET42              0          676.324    7.516      0.000      0.000      0.000
MB3MOOH2J            0          718.267    6.656      0.000      0.000      0.000
MBKET3M              0          674.380    6.421      0.000      0.000      0.000
MB3MOOH4J            0          718.267    6.656      0.000      0.000      0.000
MB24OOHMJ            0          718.267    6.656      0.000      0.000      0.000
MBKET24              0          676.324    7.516      0.000      0.000      0.000
MB42OOHMJ            0          718.267    6.656      0.000      0.000      0.000
MBM4OOH2J            0          718.267    6.656      0.000      0.000      0.000
MBKETM4              0          674.380    6.421      0.000      0.000      0.000
MBKET4M              0          674.380    6.421      0.000      0.000      0.000
MB3DMOOH             0          631.116    6.183      0.000      0.000      0.000
MB3D2OOH             0          631.116    6.183      0.000      0.000      0.000
MP2DO3J              0          540.337    5.660      0.000      0.000      0.000
BAOJ3DO              0          540.337    5.660      0.000      0.000      0.000
MPMDO3J              0          540.337    5.660      0.000      0.000      0.000
BAOJ4DO              0          540.337    5.660      0.000      0.000      0.000
MB2OOH3J             2          523.2      5.664      1.7        0.0        1.0        !!Gail
MB2OOHMJ             2          523.2      5.664      1.7        0.0        1.0        !!Gail
MB3OOH4J             2          523.2      5.664      1.7        0.0        1.0        !!Gail
MB3DO                0          585.588    5.926      0.000      0.000      0.000
C2H3OOH              2          399.489    4.767      2.900      0.000      1.000      !!Dool+Adit
MMMOOH1J             0          508.539    5.468      0.000      0.000      0.000
MBCY4OM              0          585.588    5.926      0.000      0.000      0.000
MEMOOH2J             0          552.607    5.733      0.000      0.000      0.000
MECY2OM              0          498.811    5.409      0.000      0.000      0.000
CHOOCO               2          395.000    4.037      1.300      0.000      1.000      !!Dooley
MBMJDO               0          582.634    5.909      0.000      0.000      0.000
MB4JDO               0          582.634    5.909      0.000      0.000      0.000
MEMDO2J              0          495.492    5.388      0.000      0.000      0.000
ME2DOMJ              0          495.492    5.388      0.000      0.000      0.000
HCOCO                0          387.695    4.686      0.000      0.000      0.000
C2H4CHO              0          387.860    4.687      0.000      0.000      0.000
BAOJ2D               2          357.0      5.176      0.0        0.0        1.0        !!Gail
C5H7O2               2          266.8      4.982      0.0        0.0        1.0        !!Gail
CJHCHCHCO            2          443.2      4.12       0.0        0.0        1.0        !!Gail
MB2OH3J              2          523.2      5.664      1.7        0.0        1.0        !!Gail
CH2CHCHCO            2          435.2      4.662      2.7        0.0        1.0        !!Gail
MB2DMJ               2          494.8      6.174      1.8        0.0        1.0        !!Gail
MB2D2J               2          386.2      5.489      0.4        0.0        1.0        !!Gail
MB2D3J               2          523.2      5.664      1.7        0.0        1.0        !!Gail
MB2D4J               2          523.2      5.664      1.7        0.0        1.0        !!Gail
CH3CHCHOH            2          424.9      4.8        0.000      0.000      1.000      !!Chemkin
OHCHCHCJO            2          465.9      4.9        0.000      0.000      1.000      !!Chemkin
C2H2OH               2          396.3      4.3        0.000      0.000      1.000      !!Chemkin
MP2D3OH              2          495.4      5.3        0.000      0.000      1.000      !!Chemkin
MP2D3OHMJ            2          495.4      5.3        0.000      0.000      1.000      !!Chemkin
OCHCHCO              2          403.4      4.6        0.000      0.000      1.000      !!Chemkin
OCJCHCO              2          403.4      4.6        0.000      0.000      1.000      !!Chemkin
MP2D3OJ              2          495.4      5.3        0.0        0.0        1.0        !!Chemkin
CH3COHCH2            2          417.3      4.8        0.0        0.0        1.0        !!Chemkin
MB2D4OOJ             2          529.7      5.7        0.000      0.000      1.000      !!Chemkin
MB2D4OOH3J           2          529.7      5.7        0.000      0.000      1.000      !!Chemkin
MB2,3D               2          446.3      5.4        0.000      0.000      1.000      !!Chemkin
CH2CCHOJ             2          301.263    5.055      0.000      0.000      1.000      !!Aramco
CJVCCVO              2          443.200    4.120      0.000      0.000      1.000      !!Aramco
C2H3CO               2          443.200    4.120      0.000      0.000      1.000      !!Aramco
MB2D4OOHMJ           2          529.7      5.7        0.000      0.000      1.000      !!Chemkin
MB2D4OOHMO2          2          615.5      5.9        0.000      0.000      1.000      !!Chemkin
MB2DKET4M            2          572.1      5.8        0.000      0.000      1.000      !!Chemkin
BAOJ2D4DO            2          548.0      5.6        0.000      0.000      1.000      !!Chemkin
MB2DCY4OM            2          519.8      5.3        0.000      0.000      1.000      !!Chemkin
MB2D4JMDO            2          477.2      5.6        0.000      0.000      1.000      !!Chemkin
C5H7O2MDO            2          466.9      5.6        0.000      0.000      1.000      !!Chemkin
OCHCHCHCJO           2          463.9      5.3        0.000      0.000      1.000      !!Chemkin
MB2DMOOJ             2          529.7      5.7        0.000      0.000      1.000      !!Chemkin
MB2DMOOH4J           2          529.7      5.7        0.000      0.000      1.000      !!Chemkin
MB2DMOOH4O2          2          615.5      5.9        0.000      0.000      1.000      !!Chemkin
MB2DKETM4            2          560.7      5.8        0.000      0.000      1.000      !!Chemkin
MP2D3JMDO            2          449.6      5.3        0.000      0.000      1.000      !!Chemkin
MB2M3J               2          454.4      5.9        0.000      0.000      1.000      !!Chemkin
MB3M3J               2          454.4      5.9        0.000      0.000      1.000      !!Chemkin
MB3M2J               2          454.4      5.9        0.000      0.000      1.000      !!Chemkin
IC4H8                2          344.500    5.089      0.500      0.000      1.000      !!Aramco
IC4H7                2          355.000    4.650      0.000      0.000      1.000      !!Aramco
MB2D3J               2          444.5      5.5        0.0        0.0        1.0        !!Chemkin
MB2D2J               2          444.5      5.5        0.0        0.0        1.0        !!Chemkin
CH3CHCCO             2          386.4      4.7        0.0        0.0        1.0        !!Chemkin
MB2D4OJ              2          512.4      5.6        0.0        0.0        1.0        !!Chemkin
SC3H3CO              2          419.8      5.0        0.0        0.0        1.0        !!Chemkin
MB2,3DMJ             2          446.3      5.4        0.0        0.0        1.0        !!Chemkin
MB3D3J               2          434.1      5.5        0.0        0.0        1.0        !!Chemkin
MB2D4DO              2          489.2      5.6        0.000      0.000      1.000      !!Chemkin
C2HCHO               2          390.9      4.6        0.000      0.000      1.000      !!Chemkin
MB2D4OOH3J           2          529.7      5.7        0.000      0.000      1.000      !!Chemkin
MB2DCY4O3            2          488.8      5.4        0.000      0.000      1.000      !!Chemkin
MB2D4OOH2J           2          529.7      5.7        0.000      0.000      1.000      !!Chemkin
MB2DCY4O2            2          493.4      5.4        0.000      0.000      1.000      !!Chemkin
MP2T                 2          418.3      5.1        0.000      0.000      1.000      !!Chemkin
MB2D4OOH2O2          2          617.2      5.9        0.000      0.000      1.000      !!Chemkin
MB2DKET42            2          574.4      5.8        0.000      0.000      1.000      !!Chemkin
MB3JCY4OO2           2          514.5      5.6        0.000      0.000      1.000      !!Chemkin
MB2JCY4OO3           2          504.6      5.6        0.000      0.000      1.000      !!Chemkin
CH3OCOCHO            2          444.0      5.1        0.000      0.000      1.000      !!Chemkin
MB2DMOOH2J           2          529.7      5.7        0.000      0.000      1.000      !!Chemkin
MB2DCY2OM            2          509.6      5.4        0.000      0.000      1.000      !!Chemkin
MB2DMOOH2O2          2          615.5      5.9        0.000      0.000      1.000      !!Chemkin
MB2DKETM2            2          563.1      5.8        0.000      0.000      1.000      !!Chemkin
MB2DMOOH3J           2          529.7      5.7        0.000      0.000      1.000      !!Chemkin
MB2DCYMO3            2          514.5      5.3        0.000      0.000      1.000      !!Chemkin
MB2DMOOH3O2          2          617.2      5.9        0.000      0.000      1.000      !!Chemkin
MB2DKETM3            2          563.1      5.8        0.000      0.000      1.000      !!Chemkin
MB2D3OJ              2          514.8      5.7        0.000      0.000      1.000      !!Chemkin
MB2D2OJ              2          514.8      5.7        0.000      0.000      1.000      !!Chemkin
MB2DMOJ              2          512.4      5.6        0.000      0.000      1.000      !!Chemkin
MB2D4OOH             2          529.7      5.7        0.000      0.000      1.000      !!Chemkin
MB2DMOOH             2          529.7      5.7        0.000      0.000      1.000      !!Chemkin
MP2J	             2          523.2      5.664      1.7        0.0        1.0        !!WJP
END
