THERMO ALL
  300.000  1000.000  5000.000
H                 L-6-94H   1               G     200.0    6000.0  1000.0      1
          2.5E0          0.0E0          0.0E0          0.0E0          0.0E0    2
     2.547366E4  -4.4668285E-1          2.5E0          0.0E0          0.0E0    3
          0.0E0          0.0E0     2.547366E4  -4.4668285E-1                   4
H2                TPIS78H   2               G     200.0    6000.0  1000.0      1
   2.93286575E0  8.26608026E-4 -1.46402364E-7 1.54100414E-11  -6.888048E-16    2
  -8.13065581E2  -1.02432865E0   2.34433112E0  7.98052075E-3  -1.9478151E-5    3
  2.01572094E-8-7.37611761E-12  -9.17935173E2  6.83010238E-1                   4
O                 L-1-90O   1               G     200.0    6000.0  1000.0      1
   2.54363697E0 -2.73162486E-5  -4.1902952E-9 4.95481845E-12-4.79553694E-16    2
    2.9226012E4   4.92229457E0    3.1682671E0 -3.27931884E-3  6.64306396E-6    3
 -6.12806624E-9 2.11265971E-12   2.91222592E4   2.05193346E0                   4
O2                RUS-89O   2               G     200.0    6000.0  1000.0      1
   3.66096065E0  6.56365811E-4 -1.41149627E-7 2.05797935E-11-1.29913436E-15    2
  -1.21597718E3   3.41536279E0   3.78245636E0 -2.99673416E-3  9.84730201E-6    3
 -9.68129509E-9 3.24372837E-12  -1.06394356E3   3.65767573E0                   4
OH                IU3-03H   1O   1          G     200.0    6000.0  1000.0      1
   2.83853033E0  1.10741289E-3 -2.94000209E-7 4.20698729E-11 -2.4228989E-15    2
   3.69780808E3   5.84494652E0   3.99198424E0 -2.40106655E-3  4.61664033E-6    3
 -3.87916306E-9 1.36319502E-12   3.36889836E3 -1.03998477E-1                   4
OH*               121286H   1O   1          G     300.0    5000.0  1000.0      1
      2.88273E0   1.0139743E-3   -2.276877E-7   2.174683E-11  -5.126305E-16    2
       5.0265E4     5.595712E0     3.637266E0     1.85091E-4  -1.6761646E-6    3
    2.387202E-9  -8.431442E-13      5.00213E4    1.3588605E0                   4
H2O               L-5-89H   2O   1          G     200.0    6000.0  1000.0      1
    2.6770389E0   2.9731816E-3  -7.7376889E-7  9.4433514E-11 -4.2689991E-15    2
   -2.9885894E4      6.88255E0    4.1986352E0  -2.0364017E-3   6.5203416E-6    3
  -5.4879269E-9   1.771968E-12   -3.0293726E4  -8.4900901E-1                   4
N2                G-8-02N   2               G     200.0    6000.0  1000.0      1
   2.95257637E0   1.3969004E-3 -4.92631603E-7 7.86010195E-11-4.60755204E-15    2
  -9.23948688E2   5.87188762E0   3.53100528E0 -1.23660988E-4 -5.02999433E-7    3
  2.43530612E-9-1.40881235E-12  -1.04697628E3   2.96747038E0                   4
HO2               T-1-09H   1O   2          G     200.0    5000.0  1000.0      1
   4.17228741E0  1.88117627E-3 -3.46277286E-7 1.94657549E-11 1.76256905E-16    2
   3.10206839E1   2.95767672E0   4.30179807E0 -4.74912097E-3  2.11582905E-5    3
 -2.42763914E-8 9.29225225E-12   2.64018485E2    3.7166622E0                   4
H2O2              T-8-03H   2O   2          G     200.0    6000.0  1000.0      1
   4.57977305E0  4.05326003E-3  -1.2984473E-6   1.982114E-10-1.13968792E-14    2
  -1.80071775E4  6.64970694E-1   4.31515149E0 -8.47390622E-4  1.76404323E-5    3
 -2.26762944E-8 9.08950158E-12  -1.77067437E4   3.27373319E0                   4
AR                G-5-97AR  1               G     200.0    6000.0  1000.0      1
          2.5E0          0.0E0          0.0E0          0.0E0          0.0E0    2
     -7.45375E2   4.37967491E0          2.5E0          0.0E0          0.0E0    3
          0.0E0          0.0E0     -7.45375E2   4.37967491E0                   4
CO                RUS-79O   1C   1          G     200.0    6000.0  1000.0      1
    3.0484859E0   1.3517281E-3  -4.8579405E-7  7.8853644E-11 -4.6980746E-15    2
   -1.4266117E4    6.0170977E0    3.5795335E0  -6.1035369E-4   1.0168143E-6    3
  9.0700586E-10 -9.0442449E-13   -1.4344086E4    3.5084093E0                   4
CO2               L-7-88O   2C   1          G     200.0    6000.0  1000.0      1
    4.6365111E0   2.7414569E-3  -9.9589759E-7  1.6038666E-10 -9.1619857E-15    2
   -4.9024904E4   -1.9348955E0     2.356813E0   8.9841299E-3  -7.1220632E-6    3
   2.4573008E-9 -1.4288548E-13   -4.8371971E4    9.9009035E0                   4
HCO               T-5-03H   1O   1C   1     G     200.0    6000.0  1000.0      1
   3.92001542E0  2.52279324E-3 -6.71004164E-7 1.05615948E-10-7.43798261E-15    2
   3.65342928E3   3.58077056E0    4.2375461E0 -3.32075257E-3  1.40030264E-5    3
 -1.34239995E-8 4.37416208E-12   3.87241185E3   3.30834869E0                   4
HE                G-5-97HE  1               G     200.0    6000.0  1000.0      1
          2.5E0          0.0E0          0.0E0          0.0E0          0.0E0    2
     -7.45375E2  9.28723974E-1          2.5E0          0.0E0          0.0E0    3
          0.0E0          0.0E0     -7.45375E2  9.28723974E-1                   4
!H298 = 91.097+/-0.085 kJ/mol [ATcT(RUS/PIN06)]
!S298 = 50.36 cal/mol/K [BURCAT]
!Cp [BURCAT]
NO                RUS-89O   1N   1          G     200.0    6000.0  1000.0      1
   3.26071234E0  1.19101135E-3 -4.29122646E-7 6.94481463E-11-4.03295681E-15    2
   9.89456954E3   6.36900469E0   4.21859896E0 -4.63988124E-3  1.10443049E-5    3
 -9.34055507E-9 2.80554874E-12   9.81823786E3   2.28060952E0                   4
!H298 = 34.025+/-0.085 kJ/mol [ATcT(RUS/PIN06)]
!S298 = 57.40 cal/mol/K [BURCAT]
!Cp [BURCAT]
NO2               L-7-88O   2N   1          G     200.0    6000.0  1000.0      1
     4.884754E0   2.1723955E-3  -8.2806909E-7   1.574751E-10 -1.0510895E-14    2
   2.29397777E3 -1.17416951E-1    3.9440312E0   -1.585429E-3   1.6657812E-5    3
  -2.0475426E-8  7.8350564E-12   2.87409757E3    6.3119919E0                   4
!BURCAT
!H298 = 17.83 kcal/mol
!S298 = 60.37 cal/mol/K
NO3               ATcT-AO   3N   1          G     200.0    6000.0  1000.0      1
   7.48347702E0  2.57772064E-3 -1.00945831E-6 1.72314063E-10-1.07154008E-14    2
   6.12990474E3  -1.41618136E1    2.1735933E0  1.04902685E-2  1.10472669E-5    3
 -2.81561867E-8  1.3658396E-11   7.81290905E3    1.4602209E1                   4
N2O               121286O   1N   2          G     300.0    5000.0  1000.0      1
     4.718977E0    2.873714E-3   -1.197496E-6   2.250552E-10  -1.575337E-14    2
     8.165811E3     -1.65725E0     2.543058E0    9.492193E-3   -9.792775E-6    3
    6.263845E-9  -1.901826E-12       8.7651E3     9.511222E0                   4
!BURCAT
!H298 = 106.842+/-0.125 kJ/mol [ATcT(BURCAT)]
!S298 = 52.80 cal/mol/K
HNO               ATcT-AH   1O   1N   1     G     200.0    6000.0  1000.0      1
   3.16598124E0  2.99958892E-3 -3.94376786E-7-3.85344089E-11 7.07602668E-15    2
   1.17654289E4   7.64513642E0   4.53525574E0 -5.68543377E-3   1.8519854E-5    3
 -1.71881225E-8 5.55818157E-12   1.16110981E4   1.74318356E0                   4
HON               LIUS93H   1O   1N   1     G     300.0    5000.0  1671.0      1
    3.7857743E0  2.86062728E-3 -1.02423922E-6 1.64463139E-10-9.77943616E-15    2
   2.93319701E4   3.12193293E0   3.33656431E0  2.67682939E-3  5.61801303E-7    3
 -1.11362279E-9 2.84076438E-13   2.95979751E4   5.96343188E0                   4
!BURCAT
!H298 =-18.74 kcal/mol
!S298 = 60.72 cal/mol/K
HONO              RUS-89H   1O   2N   1     G     200.0    6000.0  1000.0      1
    5.7919018E0   3.6515212E-3  -1.2928936E-6  2.0688716E-10 -1.2315254E-14    2
   -1.1565589E4   -4.0558233E0    3.2141709E0   8.1276869E-3   1.6602559E-6    3
  -9.5285182E-9  4.8715058E-12   -1.0753237E4    9.8219504E0                   4
!RAS/GLA08a
!H298 = -9.80 kcal/mol [RAS/GLA08a]
!S298 = 56.73 cal/mol/K [Sandia]
HNO2              103190H   1O   2N   1     G     300.0    4000.0  1500.0      1
      6.47963E0    1.995274E-3   -1.740387E-7  -9.695872E-11    1.70148E-14    2
  -7.80950291E3  -1.06771518E1     1.934838E0    1.010036E-2   -4.964616E-6    3
    8.70112E-10  -2.324135E-15  -5.91571591E3   1.47282082E1                   4
H2NO              102290H   2O   1N   1     G     300.0    4000.0  1500.0      1
     5.673346E0    2.298837E-3   -1.774446E-7  -1.103482E-10   1.859762E-14    2
     5.569325E3     -6.15354E0      2.53059E0    8.596035E-3    -5.47103E-6    3
    2.276249E-9  -4.648073E-13      6.86803E3     1.126651E1                   4
HNOH              102290H   2O   1N   1     G     300.0    4000.0  1500.0      1
     6.396134E0    1.821067E-3   -1.870892E-7  -7.844472E-11   1.444855E-14    2
     7.859615E3    -1.040479E1     2.125274E0    1.066282E-2   -7.602589E-6    3
    3.081642E-9  -5.726498E-13     9.553544E3     1.309672E1                   4
!BURCAT
!H298 =-134.112+/-0.18 kJ/mol [ATcT(BURCAT)]
!S298 = 63.76 cal/mol/K
HONO2             T-8-03H   1O   3N   1     G     200.0    6000.0  1000.0      1
   8.03098942E0  4.46958589E-3 -1.72459491E-6 2.91556153E-10-1.80102702E-14    2
  -1.92821685E4   -1.6261672E1   1.69329154E0  1.90167702E-2 -8.25176697E-6    3
 -6.06113827E-9 4.65236978E-12  -1.73882411E4   1.71839655E1                   4
NH3               121386H   3N   1          G     300.0    5000.0  1000.0      1
     2.461904E0    6.059166E-3   -2.004977E-6   3.136003E-10  -1.938317E-14    2
     -6.49327E3     7.472097E0     2.204352E0    1.011476E-2   -1.465265E-5    3
    1.447235E-8  -5.328509E-12    -6.525488E3     8.127138E0                   4
NH2               121686H   2N   1          G     300.0    5000.0  1000.0      1
     2.961311E0    2.932699E-3     -9.0636E-7   1.617257E-10    -1.2042E-14    2
     2.191977E4     5.777878E0     3.432493E0     3.29954E-3     -6.6136E-6    3
    8.590947E-9  -3.572047E-12     2.177228E4     3.090111E0                   4
NH                      H   1N   1          G     200.0    6000.0  1000.0      1
    2.7836929E0   1.3298429E-3  -4.2478047E-7  7.8348504E-11  -5.504447E-15    2
    4.2134514E4    5.7407798E0    3.4929084E0   3.1179197E-4  -1.4890484E-6    3
   2.4816442E-9 -1.0356967E-12    4.1894294E4    1.8483277E0                   4
N                 120186N   1               G     300.0    5000.0  1000.0      1
     2.450268E0    1.066146E-4   -7.465337E-8   1.879652E-11  -1.025984E-15    2
     5.611604E4     4.448758E0     2.503071E0   -2.180018E-5    5.420529E-8    3
   -5.64756E-11   2.099904E-14      5.60989E4     4.167566E0                   4
N2H4              121286H   4N   2          G     300.0    5000.0  1000.0      1
     4.977317E0    9.595519E-3   -3.547639E-6   6.124299E-10  -4.029795E-14    2
     9.341219E3     -2.96299E0    6.442606E-2     2.74973E-2   -2.899451E-5    3
     1.74524E-8  -4.422282E-12     1.045192E4     2.127789E1                   4
N2H3              120186H   3N   2          G     300.0    5000.0  1000.0      1
     4.441846E0    7.214271E-3   -2.495684E-6   3.920565E-10   -2.29895E-14    2
     1.664221E4   -4.275205E-1     3.174204E0    4.715907E-3    1.334867E-5    3
   -1.919685E-8   7.487564E-12      1.72727E4     7.557224E0                   4
N2H2              121286H   2N   2          G     300.0    5000.0  1000.0      1
     3.371185E0    6.039968E-3   -2.303854E-6   4.062789E-10  -2.713144E-14    2
     2.418172E4     4.980585E0     1.617999E0    1.306312E-2   -1.715712E-5    3
    1.605608E-8  -6.093639E-12     2.467526E4     1.379467E1                   4
H2NN               M3-96H   2N   2          G     300.0    5000.0  1695.0      1
   3.13531032E0  5.68632569E-3 -1.93983467E-6 3.01290501E-10-1.74978144E-14    2
   3.33678346E4    7.0481584E0   2.88544262E0  4.69495999E-3   7.0198323E-7    3
 -1.53359038E-9 3.79345858E-13    3.3603069E4   8.95096779E0                   4
NNH               120186H   1N   2          G     250.0    4000.0  1000.0      1
     4.415342E0    1.614388E-3   -1.632894E-7  -8.559846E-11   1.614791E-14    2
     2.788029E4    9.042888E-1     3.501344E0    2.053587E-3     7.17041E-7    3
   4.921348E-10   -9.67117E-13     2.833347E4     6.391837E0                   4
NH2OH             ATcT-AH   3O   1N   1     G     200.0    6000.0  1000.0      1
   3.88112502E0  8.15708448E-3 -2.82615576E-6 4.37930933E-10-2.52724604E-14    2
  -6.86018419E3   3.79156136E0   3.21016092E0  6.19671676E-3  1.10594948E-5    3
 -1.96668262E-8  8.8251659E-12  -6.58148481E3   7.93293571E0                   4
HOCO              T05-06H   1O   2C   1     G     200.0    6000.0  1000.0      1
   5.39206152E0  4.11221455E-3   -1.481949E-6  2.3987546E-10-1.43903104E-14    2
  -2.38606717E4  -2.23529091E0   2.92207919E0  7.62453859E-3  3.29884437E-6    3
 -1.07135205E-8 5.11587057E-12  -2.30281524E4   1.12925886E1                   4
!###############################################################################
!Therm data of DMM
!vermeire's calculation result of DMM is applied
!others are calclated by Li using THERM
!###############################################################################
!------------------------data-of-Kopp------------------------------------------!
!\AUTHOR: Kopp/DMM !\REF: CnF 189 (2018) 433-442 !\COMMENT:
CH3OCH2OCH3        -MBFDH   8O   2C   3     G     100.0    4000.0  1000.0      1
   3.62900361E0  3.61977371E-2 -1.81547692E-5  4.28375225E-9-3.85037027E-13    2
  -4.35509717E4    1.0420876E1   5.38872321E0  1.38240288E-2  6.29873619E-5    3
 -9.79182636E-8 4.12888364E-11  -4.39554849E4   3.71667659E0                   4
!\AUTHOR: Kopp/DMM !\REF: CnF 189 (2018) 433-442 !\COMMENT:
CH3OCH2OCH2        -MBFDH   7O   2C   3     G     100.0    4000.0  1000.0      1
   8.07320728E0  2.54135929E-2 -1.20542654E-5  2.71647731E-9-2.35424292E-13    2
  -2.23247764E4  -1.15177413E1   2.74029708E0  4.21443596E-2 -2.23048959E-5    3
 -5.64292124E-9 6.97674816E-12  -2.12929577E4   1.46986688E1                   4
!\AUTHOR: Kopp/DMM !\REF: CnF 189 (2018) 433-442 !\COMMENT:
CH3OCHOCH3         -MBFDH   7O   2C   3     G     100.0    4000.0  1000.0      1
   6.35183807E0  2.70351735E-2 -1.24198687E-5  2.71354721E-9-2.28721159E-13    2
  -2.16781244E4 -6.39037689E-1   5.05574228E0  2.76444811E-2 -3.88680706E-6    3
 -1.09961155E-8 5.63466819E-12  -2.12762985E4   6.54227673E0                   4
!\AUTHOR: Kopp/DMM !\REF: CnF 189 (2018) 433-442 !\COMMENT:
COCOCO2J           -MBFDH   7O   4C   3     G     100.0    4000.0  1000.0      1
   7.08747689E0  3.68916645E-2 -1.92018331E-5  4.65227368E-9-4.26107314E-13    2
  -3.91759573E4 -5.97296073E-1   5.24447573E0  3.18034731E-2  3.34976951E-5    3
  -7.8110204E-8 3.65680347E-11  -3.90635789E4   9.21108921E0                   4
!\AUTHOR: Kopp/DMM !\REF: CnF 189 (2018) 433-442 !\COMMENT:
COCO2JOC           -MBFDH   7O   4C   3     G     100.0    4000.0  1000.0      1
   1.25793828E1  2.59470269E-2 -1.23072902E-5   2.7429342E-9-2.34453819E-13    2
  -4.32014337E4  -3.23434017E1   5.22896454E0   4.4334441E-2 -2.56087687E-5    3
  3.58532199E-9 1.18764106E-12  -4.11059122E4   6.05849446E0                   4
!\AUTHOR: Kopp/DMM !\REF: CnF 189 (2018) 433-442 !\COMMENT:
COCOCO2H           -MBFDH   8O   4C   3     G     100.0    4000.0  1000.0      1
   1.47087015E1   3.5489495E-2 -2.01557177E-5  5.13294216E-9-4.83652283E-13    2
  -6.33403911E4  -5.29423238E1   6.52082568E0  4.42115199E-3   1.3196607E-4    3
 -1.73154102E-7 6.49378223E-11  -5.88381404E4   1.69861381E0                   4
!\AUTHOR: Kopp/DMM !\REF: CnF 189 (2018) 433-442 !\COMMENT:
COCO2HOC           -MBFDH   8O   4C   3     G     100.0    4000.0  1000.0      1
   1.34047261E1  2.85501347E-2   -1.331197E-5   2.9414854E-9 -2.5000346E-13    2
  -6.16188075E4  -3.72549837E1   5.41808363E0  4.94910977E-2 -2.75829382E-5    3
 6.07102345E-10 3.40102715E-12  -5.94922675E4   3.97467882E0                   4
!\AUTHOR: Kopp/DMM !\REF: CnF 189 (2018) 433-442 !\COMMENT:
CJOCOCO2H          -MBFDH   7O   4C   3     G     100.0    3800.0  1000.0      1
   1.88267981E1  2.41780646E-2 -1.37998703E-5  3.62148015E-9-3.55439163E-13    2
  -3.98975186E4  -7.07812611E1    2.4457055E0  5.07662627E-2  1.54851789E-5    3
 -6.91888419E-8 3.29627283E-11   -3.5033261E4   1.70851608E1                   4
!\AUTHOR: Kopp/DMM !\REF: CnF 189 (2018) 433-442 !\COMMENT:
COCJOCO2H          -MBFDH   7O   4C   3     G     100.0    4000.0  1000.0      1
   1.59284733E1  2.47042437E-2 -1.24602322E-5  2.93282098E-9-2.61835776E-13    2
  -3.83774171E4   -5.1877649E1   4.74125379E0  4.52484165E-2  -4.5865906E-6    3
 -2.96981026E-8 1.51384929E-11   -3.5009166E4   7.94682431E0                   4
!\AUTHOR: Kopp/DMM !\REF: CnF 189 (2018) 433-442 !\COMMENT:
COCO2HOCJ          -MBFDH   7O   4C   3     G     100.0    4000.0  1000.0      1
   1.46242711E1   2.5405889E-2 -1.27111317E-5  3.00959956E-9-2.71940015E-13    2
  -3.84164997E4  -4.35935859E1   3.06961439E0  6.16484047E-2 -3.46222005E-5    3
 -1.56771834E-8 1.56380527E-11  -3.61897141E4   1.31876028E1                   4
!----------------------data-of-minwegen-end------------------------------------!
!------------------------data-of-vermeire--------------------------------------!
CO2JOCOCO2H             H   7O   6C   3     G     300.0    1500.0  1500.0      1
  -2.29310661E0  9.68629877E-2 -9.42973925E-5  4.37474277E-8-7.73173748E-12    2
  -5.14439083E4   4.12200256E1  -2.29310661E0  9.68629877E-2 -9.42973925E-5    3
  4.37474277E-8-7.73173748E-12  -5.14439083E4   4.12200256E1                   4
COCO2JOCO2H             H   7O   6C   3     G     300.0    1500.0  1500.0      1
  -2.95221878E0   1.0600024E-1 -1.13749951E-4   5.8795778E-8-1.17069425E-11    2
  -5.33110881E4   4.24978573E1  -2.95221878E0   1.0600024E-1 -1.13749951E-4    3
   5.8795778E-8-1.17069425E-11  -5.33110881E4   4.24978573E1                   4
COCO2HOCO2J             H   7O   6C   3     G     300.0    1500.0  1500.0      1
   4.99994053E0  6.15247531E-2 -3.90369044E-5  7.25156298E-9 1.04649124E-12    2
   -5.4193691E4    7.2359542E0   4.99994053E0  6.15247531E-2 -3.90369044E-5    3
  7.25156298E-9 1.04649124E-12   -5.4193691E4    7.2359542E0                   4
HO2COCJOCO2H            H   7O   6C   3     G     300.0    5000.0  1396.0      1
   2.86614732E1  1.49280988E-2 -5.19744029E-6 8.16555054E-10-4.77674232E-14    2
  -5.83807742E4  -1.18801067E2 -5.56108389E-2   1.0872074E-1 -1.23291041E-4    3
  6.69589906E-8 -1.3744311E-11  -5.08678846E4   2.63099454E1                   4
CJOCO2HOCO2H            H   7O   6C   3     G     300.0    5000.0  1399.0      1
   2.36998464E1  1.86184522E-2 -6.35094805E-6 9.83881068E-10-5.69863155E-14    2
  -5.66496385E4  -8.66317089E1   3.35501767E0  8.06082518E-2 -8.06242286E-5    3
  4.12730757E-8-8.23515959E-12  -5.08784939E4   1.77560893E1                   4
C3H6O3_13               H   6O   3C   3     G    298.15    2500.0  1000.0      1
     8.141393E0   2.9811561E-2  -1.6272773E-5   4.3969633E-9 -4.7485261E-13    2
   -5.5240097E4   -1.7241264E1   -1.8253666E0   4.8998292E-2  -7.1813896E-6    3
  -3.3410263E-8  1.9069294E-11   -5.2353945E4    3.5588945E1                   4
C3H6O3_15               H   6O   3C   3     G    298.15    2500.0  1000.0      1
    2.3472878E0   3.9466929E-2  -2.2066318E-5   6.0445988E-9 -6.5740243E-13    2
   -5.7423703E4    1.1514476E1   -1.3874546E0   3.9729274E-2   3.2022121E-6    3
  -3.1622557E-8  1.5236691E-11   -5.6004773E4    3.2997701E1                   4
C3H6O3_13_OOH           H   6O   5C   3     G     300.0    5000.0  1393.0      1
   2.38779215E1  1.43301634E-2 -5.09336339E-6  8.1142037E-10-4.79328269E-14    2
  -7.07287641E4  -1.00566809E2  -5.09499831E0  9.92662856E-2 -1.02615612E-4    3
  5.17366535E-8-1.00761548E-11  -6.23254549E4   4.90323578E1                   4
!------------------------data-of-vermeire-end----------------------------------!
!---------------------------data-of-Jacobs------------------------------------!
C3H6O3_15_OOH           H   6O   5C   3     G     300.0    5000.0  1407.0      1
   2.55432064E1  1.27787523E-2 -4.53175966E-6  7.2131738E-10-4.25976813E-14    2
  -8.28496769E4  -1.17805354E2  -1.02274291E1  1.15155682E-1 -1.17153461E-4    3
   5.6593086E-8-1.04905724E-11  -7.25097435E4   6.72970399E1                   4
CO2HOCOC*O              H   6O   5C   3     G     300.0    1500.0  1500.0      1
  -4.60188121E0   1.1084638E-1 -1.40786157E-4  8.60459046E-8-1.99908987E-11    2
  -7.65528636E4   4.57792174E1  -4.60188121E0   1.1084638E-1 -1.40786157E-4    3
  8.60459046E-8-1.99908987E-11  -7.65528636E4   4.57792174E1                   4
OJCOCOC*O               H   5O   4C   3     G     300.0    1500.0  1500.0      1
   1.43151125E0  6.60557491E-2 -7.68046037E-5  4.67260377E-8-1.11567485E-11    2
  -5.86642787E4   2.05815878E1   1.43151125E0  6.60557491E-2 -7.68046037E-5    3
  4.67260377E-8-1.11567485E-11  -5.86642787E4   2.05815878E1                   4
COCO2HOC*O              H   6O   5C   3     G     300.0    1500.0  1500.0      1
  2.33619429E-1  8.00581734E-2 -8.40221216E-5  4.41897015E-8-9.16340699E-12    2
  -7.73399356E4   2.69807975E1  2.33619429E-1  8.00581734E-2 -8.40221216E-5    3
  4.41897015E-8-9.16340699E-12  -7.73399356E4   2.69807975E1                   4
COCOJOC*O               H   5O   4C   3     G     300.0    1500.0  1500.0      1
   2.97502528E0  4.14812843E-2  -2.1266597E-5  1.19338338E-9 1.47919743E-12    2
  -5.72448688E4   1.84447966E1   2.97502528E0  4.14812843E-2  -2.1266597E-5    3
  1.19338338E-9 1.47919743E-12  -5.72448688E4   1.84447966E1                   4
COC*OOCO2H              H   6O   5C   3     G     300.0    1500.0  1500.0      1
  -5.39434124E0  1.13826175E-1 -1.41622744E-4  8.53217551E-8-1.97850646E-11    2
   -8.2006507E4   5.04124662E1  -5.39434124E0  1.13826175E-1 -1.41622744E-4    3
  8.53217551E-8-1.97850646E-11   -8.2006507E4   5.04124662E1                   4
COC*OOCOJ               H   5O   4C   3     G     300.0    1500.0  1500.0      1
  4.96326916E-1  5.16644821E-2 -3.52038589E-5  9.61761996E-9-4.30092211E-13    2
  -6.41877444E4   2.94737027E1  4.96326916E-1  5.16644821E-2 -3.52038589E-5    3
  9.61761996E-9-4.30092211E-13  -6.41877444E4   2.94737027E1                   4
COCOCOJ           -THERMH   7O   3C   3     G     300.0    5000.0  1528.0      1
   1.38248365E1  1.82169373E-2 -6.34134517E-6  9.9630753E-10 -5.8289032E-14    2
  -4.72821046E4  -4.21968996E1   7.62214319E0  1.74553751E-2  1.22579391E-5    3
 -1.53585306E-8 4.03029724E-12  -4.35560079E4  -3.39255019E0                   4
!--------------------- ----data-of-Jacobs-end----------------------------------!
!--------------------- ----THERM-by-this-work----------------------------------!
COCOJOC           -THERMH   7O   3C   3     G     300.0    5000.0  1499.0      1
   1.42593008E1  1.76026405E-2 -6.08004633E-6 9.50750802E-10-5.54549213E-14    2
  -4.65577379E4  -4.54005748E1   6.82700905E0  2.06035715E-2  8.46333708E-6    3
 -1.35523601E-8 3.72846171E-12  -4.25379779E4 -3.82310179E-1                   4
COC*OOC           -THERMH   6O   3C   3     G     300.0    5000.0  1376.0      1
   1.46948588E1  1.50977682E-2 -5.30276856E-6 8.38108282E-10-4.92367581E-14    2
  -7.67524987E4  -5.42999991E1   1.53766126E0  4.08474444E-2  -2.2301172E-5    3
  4.76173526E-9-1.36280311E-13  -7.16937594E4   1.81174765E1                   4
COC*OOCJ          -THERMH   5O   3C   3     G     300.0    5000.0  1395.0      1
    1.5314133E1  1.22188442E-2 -4.25846681E-6 6.69733521E-10-3.92146866E-14    2
  -5.46336749E4  -5.61718895E1  5.44762963E-1   4.7204513E-2 -3.56312081E-5    3
   1.3321259E-8-1.97445309E-12  -4.96157983E4   2.28728139E1                   4
COC*OOJ                 H   3O   3C   2     G     300.0    1500.0  1500.0      1
   1.95218888E0   2.6776443E-2 -1.15986904E-5 -2.08078749E-9 1.93851216E-12    2
  -4.34597706E4   2.08656164E1   1.95218888E0   2.6776443E-2 -1.15986904E-5    3
 -2.08078749E-9 1.93851216E-12  -4.34597706E4   2.08656164E1                   4
OCHOCHO           ---LTTH   2O   3C   2     G     300.0    5000.0  1381.0      1
   1.14233306E1  6.67681072E-3 -2.36044535E-6 3.74721609E-10-2.20824079E-14    2
  -6.18137849E4  -3.32947115E1   3.62015578E0  2.43289117E-2 -1.74259269E-5    3
   6.1611317E-9-8.69478912E-13   -5.9054234E4   8.80572432E0                   4
COCOC*O           -THERMH   6O   3C   3     G     300.0    5000.0  1496.0      1
   1.49056522E1  1.52264366E-2 -5.41853495E-6 8.63874281E-10-5.10566165E-14    2
  -7.07881163E4  -5.11851166E1   4.79924722E0   2.4916306E-2  2.91466549E-6    3
 -1.11068871E-8 3.35089323E-12  -6.59206807E4    7.9771085E0                   4
CJOCOC*O          -THERMH   5O   3C   3     G     300.0    5000.0  1502.0      1
    1.5284423E1  1.26704269E-2 -4.51140759E-6 7.19559929E-10-4.25415018E-14    2
  -4.86417294E4  -5.18231259E1   3.86507967E0  3.01045854E-2 -8.40021023E-6    3
 -3.75592526E-9 1.75950565E-12  -4.38238131E4   1.26669185E1                   4
COCJOC*O          -THERMH   5O   3C   3     G     300.0    5000.0  1489.0      1
   1.47861834E1  1.27311975E-2  -4.5465241E-6 7.26544104E-10-4.30098421E-14    2
  -4.82962323E4  -4.87053536E1    5.5200082E0  2.23641832E-2  1.62645383E-6    3
 -9.29153968E-9 2.86790956E-12  -4.39205115E4   5.25235367E0                   4
COCOCJ*O          -THERMH   5O   3C   3     G     300.0    5000.0  1469.0      1
   1.43615527E1  1.31128786E-2 -4.68318957E-6 7.48426195E-10-4.43071036E-14    2
  -4.70397348E4  -4.66700682E1   5.31538832E0  2.07904967E-2  5.08010932E-6    3
 -1.16979063E-8 3.42465434E-12  -4.26077278E4   6.59803136E0                   4
CH4               G-8-99H   4C   1          G     200.0    6000.0  1000.0      1
   1.65326226E0  1.00263099E-2 -3.31661238E-6 5.36483138E-10-3.14696758E-14    2
  -1.00095936E4   9.90506283E0   5.14911468E0 -1.36622009E-2  4.91453921E-5    3
 -4.84246767E-8 1.66603441E-11  -1.02465983E4  -4.63848842E0                   4
CH3               IU0702H   3C   1          G     200.0    6000.0  1000.0      1
    2.9781206E0    5.797852E-3    -1.97558E-6   3.072979E-10 -1.7917416E-14    2
    1.6509513E4    4.7224799E0    3.6571797E0   2.1265979E-3   5.4583883E-6    3
  -6.6181003E-9  2.4657074E-12    1.6422716E4    1.6735354E0                   4
CH2               IU3-03H   2C   1          G     200.0    6000.0  1000.0      1
   3.14631886E0  3.03671259E-3 -9.96474439E-7  1.5048358E-10-8.57335515E-15    2
   4.60412605E4   4.72341711E0   3.71757846E0   1.2739126E-3  2.17347251E-6    3
   -3.488585E-9 1.65208866E-12   4.58723866E4   1.75297945E0                   4
CH2(S)            IU6-03H   2C   1          G     200.0    6000.0  1000.0      1
   3.13501686E0  2.89593926E-3  -8.1666809E-7 1.13572697E-10-6.36262835E-15    2
   5.05040504E4   4.06030621E0   4.19331325E0 -2.33105184E-3  8.15676451E-6    3
 -6.62985981E-9 1.93233199E-12   5.03662246E4  -7.4673431E-1                   4
C                 L-7-88C   1               G     200.0    6000.0  1000.0      1
     2.605583E0  -1.9593434E-4   1.0673722E-7  -1.642394E-11   8.187058E-16    2
    8.5411742E4    4.1923868E0    2.5542395E0  -3.2153772E-4   7.3379223E-7    3
 -7.3223487E-10  2.6652144E-13    8.5442681E4    4.5313085E0                   4
CH                IU3-03H   1C   1          G     200.0    6000.0  1000.0      1
    2.5209369E0   1.7653639E-3   -4.614766E-7  5.9289675E-11 -3.3474501E-15    2
    7.0946769E4    7.4051829E0    3.4897583E0    3.243216E-4  -1.6899751E-6    3
    3.162842E-9 -1.4061803E-12    7.0612646E4    2.0842841E0                   4
CHV               073003H   1C   1          G     300.0    5000.0  1000.0      1
     2.196223E0    2.340381E-3   -7.058201E-7   9.007582E-11   -3.85504E-15    2
    1.0419559E5     9.178373E0     3.200202E0    2.072875E-3   -5.134431E-6    3
     5.73389E-9  -1.955533E-12    1.0393714E5     3.331587E0                   4
CH3O2H            A-7-05H   4O   2C   1     G     200.0    6000.0  1000.0      1
   7.76538058E0  8.61499712E-3 -2.98006935E-6 4.68638071E-10-2.75339255E-14    2
  -1.82979984E4  -1.43992663E1   2.90540897E0  1.74994735E-2   5.2824363E-6    3
 -2.52827275E-8 1.34368212E-11  -1.68894632E4   1.13741987E1                   4
CH3O2                   H   3O   2C   1     G     300.0    5000.0  1374.0      1
   6.47970487E0   7.4440108E-3 -2.52348555E-6 3.89577296E-10-2.25182399E-14    2
  -1.56285441E3  -8.19477074E0   1.97339205E0   1.5354234E-2 -6.37314891E-6    3
 3.19930565E-10 2.82193915E-13   2.54278835E2   1.69194215E1                   4
CH2O2H                  H   3O   2C   1     G     300.0    5000.0  1410.0      1
   9.24697852E0  4.60845541E-3 -1.53501472E-6  2.3443483E-10-1.34573106E-14    2
   4.11529953E3  -2.11503248E1   2.88976454E0  2.09465776E-2 -1.75190772E-5    3
  7.27819787E-9-1.18912344E-12    6.1239062E3   1.23802076E1                   4
CH3OH             T06-02H   4O   1C   1     G     200.0    6000.0  1000.0      1
   3.52726795E0  1.03178783E-2 -3.62892944E-6 5.77448016E-10-3.42182632E-14    2
  -2.60028834E4   5.16758693E0   5.65851051E0 -1.62983419E-2  6.91938156E-5    3
 -7.58372926E-8  2.8042755E-11  -2.56119736E4 -8.97330508E-1                   4
CH3O              IU1-03H   3O   1C   1     G     200.0    6000.0  1000.0      1
   4.75779238E0  7.44142474E-3 -2.69705176E-6 4.38090504E-10-2.63537098E-14    2
    3.7811194E2  -1.96680028E0   3.71180502E0 -2.80463306E-3  3.76550971E-5    3
 -4.73072089E-8  1.8658842E-11    1.2956976E3   6.57240864E0                   4
CH2OH             IU2-03H   3O   1C   1     G     200.0    6000.0  1000.0      1
    5.0931437E0   5.9476126E-3  -2.0649746E-6 3.23008173E-10-1.88125902E-14    2
   -4.0340964E3  -1.84691493E0   4.47834367E0  -1.3507031E-3   2.7848498E-5    3
  -3.6486906E-8  1.4790745E-11   -3.5007289E3     3.309135E0                   4
CH2O              T-5-11H   2O   1C   1     G     200.0    6000.0  1000.0      1
   3.16952665E0   6.1932056E-3 -2.25056366E-6  3.6597566E-10-2.20149458E-14    2
  -1.45486831E4   6.04207898E0   4.79372312E0 -9.90833322E-3   3.7321999E-5    3
 -3.79285237E-8 1.31772641E-11  -1.43791953E4  6.02798058E-1                   4
HCOH               MAR94H   2O   1C   1     G     300.0    5000.0  1398.0      1
   9.18749272E0  1.52011152E-3 -6.27603516E-7 1.09727989E-10-6.89655128E-15    2
   7.81364593E3  -2.73434214E1  -2.82157421E0  3.57331702E-2  -3.8086158E-5    3
  1.86205951E-8-3.45957838E-12   1.12956672E4   3.48487757E1                   4
HO2CHO            -THERMH   2O   3C   1     G     300.0    5000.0  1378.0      1
   9.87503878E0  4.64663708E-3 -1.67230522E-6 2.68624413E-10-1.59595232E-14    2
  -3.80502496E4  -2.24939155E1   2.42464726E0   2.1970638E-2 -1.68705546E-5    3
  6.25612194E-9-9.11645843E-13  -3.54828006E4   1.75027796E1                   4
HOCH2O2H                H   4O   3C   1     G     300.0    5000.0  1398.0      1
   1.24531886E1   7.1822111E-3 -2.47029548E-6 3.85611737E-10-2.24774193E-14    2
  -4.24862928E4  -3.58745197E1  5.35189713E-1  3.73266553E-2 -3.15299511E-5    3
  1.30352583E-8-2.11473264E-12  -3.86609415E4   2.71776082E1                   4
HOCH2O2                 H   3O   3C   1     G     300.0    5000.0  1377.0      1
   1.16406115E1   5.7282604E-3 -2.05362036E-6 3.29070695E-10 -1.9518836E-14    2
  -2.53505769E4  -3.07332064E1   2.82068616E0  2.47857094E-2 -1.66186399E-5    3
  4.79633095E-9-4.28087766E-13  -2.22077036E4   1.70599803E1                   4
OCH2O2H           -THERMH   3O   3C   1     G     300.0    5000.0  1418.0      1
   1.29622491E1  4.21948855E-3 -1.54275194E-6 2.50413077E-10-1.49855537E-14    2
  -1.81326406E4  -3.87016356E1  4.46349361E-1  3.63049606E-2 -3.26130978E-5    3
  1.37050551E-8-2.20872791E-12  -1.41972598E4   2.72960376E1                   4
HOCH2O            -THERMH   3O   2C   1     G     300.0    5000.0  1452.0      1
   6.39521515E0  7.43673043E-3 -2.50422354E-6 3.84879712E-10-2.21778689E-14    2
   -2.4110884E4  -6.63865583E0   4.11183145E0  7.53850697E-3   3.7733737E-6    3
 -5.38746005E-9 1.45615887E-12  -2.28023001E4   7.46807254E0                   4
O2CHO             -THERMH   1O   3C   1     G     300.0    5000.0  1368.0      1
   7.24075139E0  4.63312951E-3 -1.63693995E-6 2.59706693E-10-1.52964699E-14    2
  -1.87027618E4  -6.49547212E0   3.96059309E0  1.06002279E-2 -5.25713351E-6    3
  1.01716726E-9-2.87487602E-14  -1.73599383E4   1.17807483E1                   4
HOCHO             L-8-88H   2O   2C   1     G     200.0    6000.0  1000.0      1
    4.6138316E0   6.4496364E-3  -2.2908251E-6  3.6716047E-10 -2.1873675E-14    2
    -4.751485E4   8.4788383E-1    3.8983616E0  -3.5587795E-3   3.5520538E-5    3
  -4.3849959E-8  1.7107769E-11   -4.6770609E4    7.3495397E0                   4
OCHO              ATCT-AH   1O   2C   1     G     200.0    6000.0  1000.0      1
   4.14394211E0  5.59738818E-3 -1.99794019E-6 3.16179193E-10-1.85614483E-14    2
  -1.72459887E4   5.07778617E0   4.68825921E0 -4.14871834E-3   2.5506601E-5    3
   -2.844739E-8 1.04422559E-11  -1.69867041E4    4.2842648E0                   4
C2H6              G-8-88H   6C   2          G     200.0    6000.0  1000.0      1
   4.04666411E0  1.53538802E-2 -5.47039485E-6 8.77826544E-10-5.23167531E-14    2
  -1.24473499E4 -9.68698313E-1   4.29142572E0 -5.50154901E-3  5.99438458E-5    3
 -7.08466469E-8 2.68685836E-11  -1.15222056E4   2.66678994E0                   4
C2H5              -THERMH   5C   2          G     300.0    5000.0  1387.0      1
    5.8878439E0  1.03076793E-2 -3.46844396E-6 5.32499257E-10-3.06512651E-14    2
   1.15065499E4  -8.49651771E0   1.32730217E0  1.76656753E-2 -6.14926558E-6    3
-3.01143466E-10 4.38617775E-13   1.34284028E4   1.71789216E1                   4
C2H5O2H                 H   6O   2C   2     G     300.0    5000.0  1390.0      1
   1.04823538E1  1.34779879E-2 -4.62179078E-6 7.18618519E-10-4.17307436E-14    2
  -2.46578171E4  -2.84294243E1   1.83755328E0  3.38053586E-2  -2.3754814E-5    3
  9.31974865E-9-1.58003428E-12  -2.15814086E4   1.80977584E1                   4
C2H5O2                  H   5O   2C   2     G     300.0    5000.0  1389.0      1
    9.5028257E0  1.20429839E-2 -4.09491581E-6 6.33049241E-10-3.66133788E-14    2
  -7.37069391E3   -2.2171713E1   3.90351912E0  2.22599212E-2 -1.01610079E-5    3
  1.71709751E-9 1.88166738E-14  -5.09654081E3    8.9872275E0                   4
C2H4                    H   4C   2          G     300.0    5000.0  1392.0      1
   5.07061289E0  9.11140768E-3 -3.10506692E-6 4.80733851E-10-2.78321396E-14    2
   3.66391217E3  -6.64501414E0  4.81118223E-1   1.8377806E-2 -9.99633565E-6    3
  2.73211039E-9-3.01837289E-13   5.44386648E3   1.85867157E1                   4
C2H3                    H   3C   2          G     300.0    5000.0  1400.0      1
   4.99675415E0  6.55838271E-3 -2.20921909E-6 3.39300272E-10-1.95316926E-14    2
   3.34604382E4  -3.01451097E0   1.25545094E0  1.57481597E-2 -1.12218328E-5    3
  4.50915682E-9-7.74861577E-13   3.47435574E4   1.69664043E1                   4
CHOCHO                  H   2O   2C   2     G     300.0    5000.0  1386.0      1
   9.75438561E0  4.97645947E-3 -1.74410483E-6 2.75586994E-10-1.61969892E-14    2
  -2.95832896E4  -2.61878329E1    1.8810512E0  2.36386368E-2 -1.83443295E-5    3
  6.84842963E-9-9.92733674E-13   -2.6928019E4   1.59154793E1                   4
C2H3OOH           -THERMH   4O   2C   2     G     300.0    5000.0  1397.0      1
   1.15749951E1  8.09909174E-3 -2.81808668E-6 4.42697954E-10-2.58998042E-14    2
  -8.84852664E3  -3.43859117E1   1.35644398E0  3.37002447E-2   -2.759885E-5    3
  1.14222854E-8-1.89488886E-12  -5.49996692E3   1.98354466E1                   4
C2H3OO                  H   3O   2C   2     G    298.15    2000.0  1000.0      1
   6.04483828E0  1.45511127E-2 -7.50974622E-6   1.8348828E-9-1.66689681E-13    2
   1.01699244E4  -3.71144913E0   1.09784776E0  2.95333237E-2  -2.2774436E-5    3
  7.20559155E-9-3.07929092E-13   1.13996101E4   2.13563583E1                   4
CHCHO                   H   2O   1C   2     G    298.15    2000.0  1000.0      1
    4.9263291E0  9.71712147E-3  -5.5485598E-6  1.53068537E-9-1.64742462E-13    2
   2.89499494E4  5.27874677E-1   2.33256751E0  1.62952986E-2 -9.72052177E-6    3
 5.15124155E-10 1.03836514E-12   2.96585452E4   1.39904923E1                   4
C2H2              G-1-91H   2C   2          G     200.0    6000.0  1000.0      1
   4.65878489E0  4.88396667E-3 -1.60828888E-6 2.46974544E-10-1.38605959E-14    2
   2.57594042E4  -3.99838194E0  8.08679682E-1  2.33615762E-2 -3.55172234E-5    3
  2.80152958E-8-8.50075165E-12   2.64289808E4   1.39396761E1                   4
C2H               T-5-10H   1C   2          G     200.0    6000.0  1000.0      1
   3.66270248E0  3.82492252E-3   -1.366325E-6  2.1345504E-10-1.23216848E-14    2
    6.7168379E4   3.92205792E0   2.89867676E0  1.32988489E-2 -2.80733327E-5    3
  2.89484755E-8-1.07502351E-11    6.7061605E4   6.18547632E0                   4
H2CC              L12-89H   2C   2          G     200.0    6000.0  1000.0      1
     4.278034E0   4.7562804E-3  -1.6301009E-6  2.5462806E-10 -1.4886379E-14    2
    4.8316688E4   6.4023701E-1    3.2815483E0   6.9764791E-3  -2.3855244E-6    3
  -1.2104432E-9  9.8189545E-13    4.8621794E4     5.920391E0                   4
C2H5OH                  H   6O   1C   2     G     300.0    5000.0  1402.0      1
   8.14483865E0  1.28314052E-2 -4.29052743E-6 6.55971721E-10-3.76506611E-14    2
  -3.24005526E4  -1.86241126E1  2.15805861E-1  2.95228396E-2 -1.68271048E-5    3
  4.49484797E-9-4.02451543E-13  -2.94851823E4   2.45725052E1                   4
C2H5O                   H   5O   1C   2     G     300.0    5000.0  1467.0      1
   8.19120635E0  1.10391986E-2 -3.75270536E-6 5.80275784E-10-3.35735146E-14    2
  -5.66847208E3  -1.90131344E1   2.90353584E0  1.77256708E-2 -2.69624757E-6    3
 -3.45830533E-9 1.25224784E-12   -3.2893029E3   1.13545591E1                   4
PC2H4OH                 H   5O   1C   2     G     300.0    5000.0  1395.0      1
    8.0675015E0  1.06143554E-2  -3.5799936E-6  5.5036376E-10-3.17051769E-14    2
  -6.92747939E3  -1.53833428E1   2.59479867E0  2.27100669E-2 -1.39473846E-5    3
  4.70095591E-9-6.90044236E-13  -4.91486975E3   1.43240718E1                   4
SC2H4OH                 H   5O   1C   2     G     300.0    5000.0  1385.0      1
   8.15007136E0  1.02549305E-2 -3.40137764E-6 5.17509965E-10-2.96128942E-14    2
  -1.05014386E4  -1.73134615E1   1.46281093E0  2.39193995E-2 -1.30667185E-5    3
  3.10615465E-9-1.85896007E-13  -8.00790323E3   1.92547092E1                   4
O2C2H4OH          -THERMH   5O   3C   2     G     300.0    5000.0  1506.0      1
   1.27503881E1  1.11514325E-2 -3.83473891E-6 5.98155829E-10-3.48372108E-14    2
  -2.52770876E4  -3.54317608E1     7.040098E0  1.59564166E-2  2.21097416E-6    3
 -7.05197355E-9 2.08266026E-12  -2.24524432E4  -1.75361758E0                   4
C2H4O2H                 H   5O   2C   2     G     300.0    5000.0  1389.0      1
   1.00590614E1  1.13378955E-2 -3.89403387E-6 6.06090687E-10-3.52212353E-14    2
   4.24048653E2  -2.32086536E1   2.75788364E0  2.88271987E-2 -2.08302264E-5    3
  8.47401397E-9 -1.4861761E-12   3.00153893E3   1.59921711E1                   4
C2H4O1-2          L-8-88H   4O   1C   2     G     200.0    6000.0  1000.0      1
    5.4887641E0    1.204619E-2  -4.3336931E-6  7.0028311E-10 -4.1949088E-14    2
   -9.1804251E3   -7.0799605E0    3.7590532E0   -9.441218E-3   8.0309721E-5    3
  -1.0080788E-7  4.0039921E-11   -7.5608143E3    7.8497475E0                   4
C2H3O1-2          A-1-05H   3O   1C   2     G     200.0    6000.0  1000.0      1
   5.60158035E0  9.17613962E-3 -3.28028902E-6 5.27903888E-10-3.15362241E-14    2
   1.71446252E4  -5.47228512E0   3.58349017E0 -6.02275805E-3  6.32426867E-5    3
 -8.18540707E-8 3.30444505E-11   1.85681353E4   9.59725926E0                   4
CH3CHO            L-8-88H   4O   1C   2     G     200.0    6000.0  1000.0      1
    5.4041108E0   1.1723059E-2  -4.2263137E-6  6.8372451E-10 -4.0984863E-14    2
   -2.2593122E4   -3.4807917E0    4.7294595E0  -3.1932858E-3   4.7534921E-5    3
  -5.7458611E-8  2.1931112E-11   -2.1572878E4    4.1030159E0                   4
CH3CO             IU2-03H   3O   1C   2     G     200.0    6000.0  1000.0      1
    5.3137165E0   9.1737793E-3  -3.3220386E-6  5.3947456E-10 -3.2452368E-14    2
   -3.6450414E3   -1.6757558E0    4.0358705E0   8.7729487E-4    3.071001E-5    3
  -3.9247565E-8  1.5296869E-11   -2.6820738E3    7.8617682E0                   4
CH2CHO            T03-10H   3O   1C   2     G     200.0    6000.0  1000.0      1
   6.53928338E0  7.80238629E-3 -2.76413612E-6 4.42098906E-10 -2.6295429E-14    2
  -1.18858659E3  -8.72091393E0     2.795026E0  1.01099472E-2  1.61750645E-5    3
 -3.10303145E-8 1.39436139E-11   1.62944975E2   1.23646657E1                   4
O2CH2CHO          BOZ-03H   3O   3C   2     G     300.0    5000.0  1393.0      1
   1.11807543E1  9.14479256E-3 -3.15089833E-6 4.91944238E-10 -2.8663918E-14    2
  -1.55790331E4   -2.8789274E1  -1.29465843E0  4.44936393E-2 -4.26577074E-5    3
   2.0739195E-8-3.96828771E-12  -1.18275628E4   3.60778797E1                   4
HO2CH2CO          BOZ-03H   3O   3C   2     G     300.0    5000.0  1386.0      1
   1.04146322E1  1.12680116E-2 -5.17494839E-6  1.00333285E-9-6.68165911E-14    2
  -1.40955672E4    -2.278944E1   2.22681686E0   3.5678138E-2 -3.26401909E-5    3
  1.47651988E-8 -2.6479438E-12  -1.18735095E4   1.91581197E1                   4
C2H3OH            -THERMH   4O   1C   2     G     300.0    5000.0  1410.0      1
   8.32598158E0  8.03387281E-3 -2.63928405E-6 3.98410726E-10-2.26551155E-14    2
  -1.83221436E4  -2.02080305E1  -1.2797226E-1  3.38506073E-2 -3.30644935E-5    3
  1.64858739E-8-3.19935455E-12  -1.59914544E4   2.30438601E1                   4
C2H2OH                  H   3O   1C   2     G     300.0    5000.0  1401.0      1
   8.20268447E0  5.92989165E-3 -1.99194448E-6 3.05794341E-10-1.76114732E-14    2
   1.24881328E4  -1.89670436E1  6.41642616E-1  2.61903633E-2  -2.3038537E-5    3
  1.02804704E-8-1.81971416E-12   1.48276951E4   2.06750999E1                   4
CH2CO                   H   2O   1C   2     G     300.0    5000.0  1000.0      1
   5.35869367E0  6.95641586E-3 -2.64802637E-6 4.65067592E-10 -3.0864182E-14    2
  -7.90294013E3  -3.98525731E0   1.81422511E0   1.9900859E-2 -2.21416008E-5    3
  1.45028521E-8-3.98877068E-12  -7.05394926E3   1.36079359E1                   4
HCCO              T-4-09H   1O   1C   2     G     200.0    6000.0  1000.0      1
   5.91479333E0   3.7140873E-3  -1.3013701E-6 2.06473345E-10-1.21476759E-14    2
   1.93596301E4  -5.50567269E0   1.87607969E0  2.21205418E-2 -3.58869325E-5    3
  3.05402541E-8-1.01281069E-11    2.0163384E4    1.3696829E1                   4
HCCOH             T12-09H   2O   1C   2     G     200.0    6000.0  1000.0      1
   6.37509678E0  5.49429011E-3 -1.88136576E-6 2.93803536E-10-1.71771901E-14    2
   8.93277676E3  -8.24498007E0   2.05541154E0  2.52003372E-2 -3.80821654E-5    3
  3.09890632E-8-9.89799902E-12   9.76872113E3   1.22271534E1                   4
CH3CO3H           -THERMH   4O   3C   2     G     300.0    5000.0  1391.0      1
   1.25060485E1  9.47789695E-3 -3.30402246E-6 5.19630793E-10-3.04233568E-14    2
  -4.59856703E4  -3.79195947E1   2.24135876E0  3.37963514E-2 -2.53887482E-5    3
  9.67583587E-9-1.49266157E-12  -4.24677831E4   1.70668133E1                   4
CH3CO3            -THERMH   3O   3C   2     G     300.0    5000.0  1391.0      1
   1.12522498E1  8.33652672E-3  -2.8901453E-6 4.52781734E-10-2.64354456E-14    2
  -2.60238584E4  -2.96370457E1   3.60373432E0  2.70080341E-2 -2.08293438E-5    3
  8.50541104E-9 -1.4384611E-12  -2.34205171E4   1.12014914E1                   4
CH3CO2            -THERMH   3O   2C   2     G     300.0    5000.0  1395.0      1
   8.54059736E0  8.32951214E-3  -2.8472201E-6 4.41927196E-10-2.56373394E-14    2
  -2.97290678E4  -2.03883545E1   1.37440768E0  2.49115604E-2 -1.74308894E-5    3
  6.24799508E-9-9.09516835E-13   -2.7233015E4   1.81405454E1                   4
CH3OCH3           -THERMH   6O   1C   2     G     300.0    5000.0  1999.0      1
   6.03232751E0   1.5615527E-2  -5.5076103E-6  8.7566614E-10-5.17180562E-14    2
  -2.52690354E4  -8.25885183E0    2.0559739E0  2.07019456E-2 -5.00382376E-6    3
 -1.62279885E-9 6.84330155E-13  -2.35494445E4   1.45029944E1                   4
CH3OCH2           -THERMH   5O   1C   2     G     300.0    5000.0  1395.0      1
   6.62621974E0  1.22219496E-2 -4.12416696E-6 6.34127512E-10 -3.6531739E-14    2
   -3.3396589E3  -8.95305753E0   1.58874948E0  2.24414123E-2 -1.19434933E-5    3
  3.37160213E-9-4.15077249E-13  -1.37208255E3   1.87548958E1                   4
CH3OCH2O2H        -THERMH   6O   3C   2     G     300.0    5000.0  1404.0      1
   1.28159161E1  1.34818095E-2 -4.50397729E-6 6.88229286E-10 -3.9488368E-14    2
  -4.06745921E4  -3.78047802E1   1.05786981E0  4.36787095E-2 -3.46383899E-5    3
   1.4480883E-8-2.46100643E-12  -3.68851076E4   2.43391936E1                   4
CH3OCH2O2         -THERMH   5O   3C   2     G     300.0    5000.0  1441.0      1
   1.19179361E1  1.19412867E-2 -3.93526185E-6 5.95756132E-10-3.39597705E-14    2
  -2.34231833E4  -3.20096863E1   3.39930541E0  3.09460407E-2 -1.92548181E-5    3
  5.76033887E-9-6.16081571E-13  -2.04433218E4   1.39429608E1                   4
CH2OCH2O2H        -THERMH   5O   3C   2     G     300.0    5000.0  1418.0      1
   1.23892901E1  1.11758961E-2 -3.59249095E-6 5.34196366E-10-3.00536541E-14    2
  -1.80551598E4  -3.29576862E1  1.62245477E-1  4.76101093E-2 -4.52046954E-5    3
  2.18379311E-8-4.11295947E-12    -1.464981E4   2.98253164E1                   4
O2CH2OCH2O2H      14-ERMH   5O   5C   2     G     300.0    5000.0  1433.0      1
   1.77378326E1  1.13589899E-2 -3.67382539E-6 5.49255712E-10-3.10405899E-14    2
  -3.82903058E4  -5.66609932E1   2.39977678E0  5.39881943E-2 -4.87969524E-5    3
  2.19792134E-8-3.86106979E-12  -3.37824638E4   2.30683371E1                   4
HO2CH2OCHO        -THERMH   4O   4C   2     G     300.0    5000.0  1386.0      1
   1.57136128E1  9.64430166E-3 -3.44136025E-6 5.49722196E-10-3.25360322E-14    2
  -6.29409094E4  -5.29505242E1   1.21909586E0  4.28858235E-2 -3.17634222E-5    3
  1.11542676E-8-1.49753153E-12  -5.79287926E4   2.49759193E1                   4
OCH2OCHO          -THERMH   3O   3C   2     G     300.0    5000.0  1523.0      1
     1.240132E1  7.83738243E-3 -2.82992688E-6 4.55558739E-10-2.71061389E-14    2
   -4.6845347E4  -3.78084549E1   1.89539692E0  2.74118545E-2  -1.3647609E-5    3
  1.26325603E-9 5.17970476E-13   -4.2787944E4   2.02333278E1                   4
HOCH2OCO          -THERMH   3O   3C   2     G     300.0    5000.0  1443.0      1
    1.1149841E1   9.3473652E-3 -3.35541548E-6 5.38037115E-10-3.19260183E-14    2
  -4.75012119E4  -2.95983867E1   5.95255071E0  8.42196282E-3  1.36741678E-5    3
 -1.46786275E-8 3.84143533E-12  -4.44470269E4   2.85657217E0                   4
CH3OCH2O          -THERMH   5O   2C   2     G     300.0    5000.0  1523.0      1
   9.81288609E0  1.21313106E-2 -4.30285768E-6 6.84443177E-10-4.03862658E-14    2
  -2.50760742E4  -2.51866352E1   5.63414373E0  8.92830283E-3  1.37225633E-5    3
 -1.40497059E-8 3.54625624E-12  -2.22825214E4   1.93588846E0                   4
!------------------------data-of-Kopp-end--------------------------------------!
!------------------------data-of-minwegen--------------------------------------!
CH3OCHO           -THERMH   4O   2C   2     G     300.0    5000.0  1386.0      1
   8.83721102E0  1.18067858E-2 -4.33048364E-6 6.97279519E-10-4.12494798E-14    2
  -4.75365898E4  -2.21822593E1 -4.01347389E-1  3.26807673E-2 -2.24733349E-5    3
  7.97426097E-9-1.18353141E-12  -4.42245328E4   2.77414405E1                   4
CH3OCO            ---LTTH   3O   2C   2     G     300.0    5000.0  1674.0      1
   7.77107381E0  9.52509088E-3 -3.32066701E-6 5.24994744E-10-3.09219595E-14    2
  -2.24256935E4  -1.28982159E1   2.03156506E0  2.16468277E-2 -1.19799261E-5    3
  2.87349488E-9 -1.9691885E-13  -2.04358823E4   1.82006259E1                   4
CH2OCHO           ---LTTH   3O   2C   2     G     300.0    5000.0  1388.0      1
   1.07183604E1  7.05839484E-3  -2.4464753E-6 3.83591527E-10-2.24202927E-14    2
  -2.35524846E4  -3.12064041E1   1.58641488E0  2.82418107E-2 -2.07684376E-5    3
   7.3798849E-9-1.01417207E-12  -2.04214741E4   1.77994376E1                   4
!------------------------------------------------------------------------------!
!---------DMM2 [OME-2] species--------------------------------!
!------------------------------------------------------------------------------!
!#
DMM2                    H  10O   3C   4     G    298.15    2500.0  1000.0      1
    1.4835744E1   3.3367701E-2  -1.5930063E-5   3.7332949E-9  -3.493615E-13    2
   -6.7752839E4    -4.706957E1   -1.3580351E1   1.9181388E-1  -3.3800265E-4    3
    2.891948E-7 -9.3858302E-11   -6.3866049E4    8.0035771E1                   4
!#
DMM2A                   H   9O   3C   4     G    298.15    2500.0  1000.0      1
    1.5122573E1     3.01447E-2  -1.4593026E-5   3.4794257E-9 -3.3217671E-13    2
   -4.4725498E4   -4.5627577E1   -5.3803585E0    1.453051E-1  -2.5058058E-4    3
   2.1434097E-7  -6.993793E-11   -4.1934599E4    4.5950119E1                   4
!#
DMM2B                   H   9O   3C   4     G    298.15    2500.0  1000.0      1
     1.253611E1   3.3301377E-2  -1.6376744E-5   3.9771345E-9  -3.873107E-13    2
   -4.3807708E4   -3.0479778E1    2.4958358E0   9.1146499E-2  -1.3602731E-4    3
   1.1103437E-7 -3.5632548E-11    -4.252178E4    1.3982015E1                   4
!#
DMM2AO2                 H   9O   5C   4     G    298.15    2500.0  1000.0      1
    1.8724291E1   3.3181557E-2  -1.6593958E-5     4.09457E-9 -4.0497276E-13    2
   -6.4250756E4   -6.1846634E1   -9.5914926E0   1.8163416E-1    -3.07147E-4    3
   2.5549997E-7 -8.1473906E-11   -5.9947899E4    6.7041733E1                   4
!#
DMM2BO2                 H   9O   5C   4     G    298.15    2500.0  1000.0      1
    1.6130788E1   3.9338517E-2  -2.1528205E-5   5.7969311E-9 -6.2200786E-13    2
   -6.5225831E4   -4.6923097E1    5.7165949E0   7.3087752E-2  -5.9282208E-5    3
   2.0897041E-8  -1.293247E-12   -6.2742174E4    5.2770758E0                   4
!#
DMM2_OOH1_3             H   9O   5C   4     G    298.15    2500.0  1000.0      1
    1.3183277E0   8.9031375E-2  -6.3331885E-5   2.0049554E-8 -2.3869817E-12    2
   -5.8125237E4    1.6765465E1   -8.0867884E0   1.5228816E-1  -2.1101212E-4    3
   1.6455864E-7 -5.3162768E-11   -5.7093364E4    5.6841602E1                   4
!#
DMM2_OOH1_5             H   9O   5C   4     G    298.15    2500.0  1000.0      1
    8.2662224E0   7.5457831E-2  -5.4414232E-5    1.754018E-8 -2.1269133E-12    2
   -6.0183168E4   -2.0293171E1   -6.4786447E0   1.3091874E-1  -1.3856281E-4    3
   7.7342261E-8 -1.8538181E-11   -5.6786698E4     5.234192E1                   4
!#
DMM2_OOH3_1             H   9O   5C   4     G    298.15    2500.0  1000.0      1
    2.3432582E1   3.7993377E-2  -2.4647982E-5   7.5085008E-9  -8.830919E-13    2
   -6.4906682E4   -9.6571124E1   -1.8271748E0     9.58909E-2  -3.7811213E-5    3
  -4.2247624E-8  2.9458011E-11   -5.7836576E4    3.5599303E1                   4
!#
DMM2_OOH3_5             H   9O   5C   4     G    298.15    2500.0  1000.0      1
    2.5723573E1   2.6399458E-2  -1.4618146E-5   4.0567846E-9 -4.5163797E-13    2
   -6.3323356E4   -1.0237789E2    3.6618475E0    9.178617E-2  -7.5054283E-5    3
     1.52778E-8  5.4640204E-12   -5.7797701E4    9.6303834E0                   4
!#
DMM2_OOH3_7             H   9O   5C   4     G    298.15    2500.0  1000.0      1
     2.377777E1   3.8412369E-2  -2.5875009E-5   8.1428094E-9 -9.8228131E-13    2
   -6.4932935E4   -9.8310398E1   -6.8352809E0   1.3948474E-1  -1.4872698E-4    3
   7.1500586E-8 -1.1963545E-11   -5.7548035E4    5.5135653E1                   4
!#
C4H8O4_13               H   8O   4C   4     G    298.15    2500.0  1000.0      1
    1.2508133E1   3.7881271E-2  -2.0610039E-5   5.5325434E-9  -5.927896E-13    2
   -7.5978416E4    -3.723732E1  -9.0637783E-1   8.6425626E-2  -8.6505708E-5    3
   4.4817985E-8 -9.1132932E-12   -7.2987942E4    2.8864883E1                   4
!#
C4H8O4_15               H   8O   4C   4     G    298.15    2500.0  1000.0      1
    7.6787061E0   4.5154894E-2   -2.462194E-5   6.6089336E-9 -7.0713457E-13    2
   -8.4334879E4   -1.3967155E1   -5.4597614E0   9.1831114E-2   -8.546851E-5    3
    4.004007E-8 -6.8207752E-12   -8.1387175E4    5.0920767E1                   4
!#
C4H8O4_35               H   8O   4C   4     G    298.15    2500.0  1000.0      1
    1.4056904E1   3.4903345E-2  -1.8519315E-5   4.8758336E-9 -5.1480025E-13    2
   -8.2500432E4   -4.6293688E1   -6.1604683E0    1.021737E-1  -9.3527228E-5    3
   3.2149337E-8  2.1617536E-13   -7.7879935E4    5.4320312E1                   4
!#
DMM2_OOH1_OO3           H   9O   7C   4     G    298.15    2500.0  1000.0      1
    6.4752689E0   9.1553467E-2  -6.6239235E-5    2.133737E-8 -2.5848439E-12    2
    -8.092368E4   -8.1140069E0    4.3971984E0   5.9795557E-2   3.6806841E-5    3
  -8.3526454E-8   3.301582E-11   -7.8218436E4    1.2529423E1                   4
!#
DMM2_OOH1_OO5           H   9O   7C   4     G    298.15    2500.0  1000.0      1
    1.9797238E1   5.9766689E-2  -4.1280916E-5   1.2992736E-8 -1.5567429E-12    2
   -8.3301268E4   -7.6471009E1     2.593453E0   8.0285435E-2   2.3733122E-6    3
  -7.0153114E-8  3.4621962E-11   -7.7356712E4     1.869211E1                   4
!#
DMM2_OOH3_OO1           H   9O   7C   4     G    298.15    2500.0  1000.0      1
    2.1579529E1   5.2080843E-2  -3.4262041E-5   1.0444836E-8  -1.223388E-12    2
   -8.2949121E4   -8.3806676E1   -4.7918631E0   1.3507974E-1  -1.2513124E-4    3
   4.6740942E-8  -3.273424E-12   -7.6450898E4    4.9208372E1                   4
!#
DMM2_OOH3_OO5           H   9O   7C   4     G    298.15    2500.0  1000.0      1
    3.2836005E1     3.06111E-2  -2.0508048E-5   6.5583236E-9 -8.0826803E-13    2
    -8.709466E4   -1.4242023E2   2.4125491E-1   1.0110189E-1  -3.1708144E-5    3
  -5.5614128E-8  3.4688903E-11   -7.7567567E4    2.9694609E1                   4
!#
DMM2_OOH3_OO7           H   9O   7C   4     G    298.15    2500.0  1000.0      1
    2.9003905E1   3.9382855E-2  -2.6881509E-5   8.5708687E-9 -1.0465509E-12    2
   -8.4873771E4   -1.2424494E2   -1.1335155E0   1.0873707E-1  -5.0235283E-5    3
  -3.5724666E-8  2.7409561E-11    -7.624543E4    3.3909122E1                   4
!#
DMM2_KET13              H   8O   6C   4     G    298.15    2500.0  1000.0      1
    2.4864377E1   3.6684911E-2  -2.4299364E-5   7.5144081E-9 -8.9302697E-13    2
   -1.0801096E5   -1.0334691E2   -8.3336415E0   1.4197246E-1    -1.37859E-4    3
   4.9130407E-8 -1.0106903E-12   -9.9983455E4    6.3624766E1                   4
!#
DMM2_KET15              H   8O   6C   4     G    298.15    2500.0  1000.0      1
    2.0777195E1   4.7644408E-2  -3.3018473E-5   1.0454244E-8 -1.2593908E-12    2
    -1.088414E5   -8.3954973E1   -5.0753748E0   1.1015731E-1  -6.1058088E-5    3
  -2.0831216E-8   2.143544E-11   -1.0161561E5    5.0887721E1                   4
!#
DMM2_KET31              H   8O   6C   4     G    298.15    2500.0  1000.0      1
    1.2050961E1   7.6563821E-2  -5.8985352E-5    1.988224E-8  -2.491097E-12    2
    -1.101418E5   -4.5751315E1   -3.3261732E0   8.2479592E-2   1.8602417E-5    3
  -9.5951299E-8  4.5217913E-11    -1.041672E5    4.2442431E1                   4
!#
DMM2_KET35              H   8O   6C   4     G    298.15    2500.0  1000.0      1
    1.6029672E1   5.0218243E-2   -3.276687E-5   9.9666543E-9 -1.1657053E-12    2
   -1.1000014E5   -5.1962592E1   -5.1427921E0   1.4286185E-1  -1.9339152E-4    3
   1.3826518E-7 -4.0365861E-11   -1.0584214E5    4.8993687E1                   4
!#
DMM2_KET37              H   8O   6C   4     G    298.15    2500.0  1000.0      1
    2.2590364E1   3.7258379E-2  -2.3520449E-5   7.0560181E-9 -8.2214215E-13    2
   -1.1153769E5   -8.9359987E1   -1.0565848E0   1.0331286E-1  -7.5531684E-5    3
   5.1174959E-9  1.0752436E-11   -1.0541072E5    3.1689427E1                   4
!#
DMM2BO                  H   9O   4C   4     G    298.15    2500.0  1000.0      1
    1.7640598E1   3.2328842E-2  -1.6708903E-5   4.2841827E-9 -4.4125402E-13    2
   -6.4535361E4   -5.9870883E1   -8.2651702E0    1.325419E-1  -1.5896538E-4    3
   9.0511801E-8 -1.8679561E-11   -5.9226361E4    6.5809495E1                   4
!#
DMM2AOOH                H  10O   5C   4     G    298.15    2500.0  1000.0      1
    4.1863984E0   8.5835106E-2  -5.9801078E-5    1.872779E-8 -2.2178416E-12    2
   -8.2661046E4   -8.705251E-1   -8.0350046E0   1.2493003E-1  -1.0256221E-4    3
   3.3866461E-8 -1.4581618E-12   -7.9669273E4     6.059918E1                   4
!#
DMM2BOOH                H  10O   5C   4     G    298.15    2500.0  1000.0      1
    1.9777277E1   4.9320373E-2  -3.2445342E-5   9.9750106E-9 -1.1804552E-12    2
    -8.792036E4    -7.985154E1   2.9771699E-1   7.1869442E-2   2.6679823E-5    3
  -1.0200168E-7  4.8658934E-11   -8.1396717E4    2.7460493E1                   4
COCOCOCOj               H   9O   4C   4     G    298.15    2500.0  1000.0      1
    2.0462767E1   3.0821209E-2  -1.7053571E-5   4.6837931E-9 -5.1420472E-13    2
   -6.6265219E4   -7.9592385E1   -1.1746092E1   1.5322892E-1   -1.932095E-4    3
   1.1779677E-7 -2.7669741E-11   -5.9388455E4    7.7651932E1                   4
CHOOCOCHO               H   4O   4C   3     G    298.15    2500.0  1000.0      1
    7.0730376E0   3.5117319E-2  -2.2892979E-5   6.9326635E-9 -8.0757314E-13    2
   -8.5750495E4   -8.0760273E0    4.1306632E0   2.2540551E-2   3.7601984E-5    3
  -6.6483135E-8  2.7661181E-11   -8.4024151E4    1.1931932E1                   4
!#
CHOOCHO                 H   2O   3C   2     G    298.15    2500.0  1000.0      1
    8.5617735E0   1.3830384E-2  -8.8021375E-6   2.6641436E-9 -3.1279747E-13    2
   -6.1742061E4   -1.7536235E1   6.3831018E-2   3.9573441E-2  -3.4783965E-5    3
   1.0718447E-8  3.7321594E-13   -5.9605642E4    2.5556476E1                   4
!#
CHOOCO                  H   1O   3C   2     G    298.15    2500.0  1000.0      1
    8.7476016E0   9.1145787E-3  -5.7290978E-6    1.713047E-9 -1.9907475E-13    2
   -3.8375429E4   -1.5523186E1    2.0353325E0    3.315213E-2  -3.8372321E-5    3
   2.1497402E-8 -4.6687984E-12   -3.6852909E4    1.7649996E1                   4
CH3OCH2OCOO             H   5O   4C   3     G    298.15    2500.0  1000.0      1
    9.3988428E0   2.8684468E-2  -1.6313329E-5   4.5381196E-9 -5.0024873E-13    2
   -6.6027699E4   -1.5965073E1    2.4473414E0   4.2867753E-2  -1.4096703E-5    3
  -1.5829942E-8  1.0440403E-11   -6.4002618E4    2.0815833E1                   4
CH3OCOOCHO              H   4O   4C   3     G    298.15    2500.0  1000.0      1
    1.3206437E1   2.1487951E-2  -1.2844455E-5   3.7011343E-9 -4.1840242E-13    2
   -9.0360352E4   -4.0276722E1   -3.5788943E0   8.1938327E-2  -9.3349405E-5    3
   4.9702855E-8 -9.5716536E-12   -8.6634808E4    4.2427712E1                   4
CH3OCOOCO               H   3O   4C   3     G    298.15    2500.0  1000.0      1
    1.1226967E1   2.1666844E-2  -1.3622914E-5   4.0627012E-9 -4.7037486E-13    2
   -6.6169049E4   -2.7142494E1    2.9986379E0   4.2734531E-2  -2.6216615E-5    3
  -1.9980757E-9  5.3533146E-12   -6.3925982E4    1.5489632E1                   4
CHOOCOCO                H   3O   4C   3     G    298.15    2500.0  1000.0      1
     7.951151E0    2.922719E-2  -1.9270624E-5   5.8919744E-9 -6.9166591E-13    2
   -6.2063535E4    -9.552578E0    5.4661412E0   2.2948248E-2   1.5891085E-5    3
  -3.6785311E-8  1.5591849E-11   -6.0746702E4    6.4657527E0                   4
CH3OCH2OH               H   6O   2C   2     G     100.0    5000.0  741.33      1
 1.03715399E+01 1.36495330E-02-4.79706375E-06 8.63517714E-10-6.18166632E-14    2
-4.91476834E+04-2.81643715E+01 1.59760489E+00 1.88555804E-02 6.99267515E-05    3
-1.43006309E-07 7.43121477E-11-4.66889994E+04 1.93477099E+01                   4
CH2OCH2OH               H   5O   2C   2     G     300.0    5000.0  1000.0      1
    5.6971579E0   1.5910592E-2  -4.8128932E-6  7.0684197E-10  -4.115232E-14    2
   -2.3876527E4   3.0014801E-1   -2.1639366E0   5.1127918E-2  -5.8009075E-5    3
   3.4903699E-8 -8.3935203E-12   -2.2770775E4    3.6672569E1                   4
CH3OCO2                 H   3O   3C   2     G     300.0    5000.0  1365.0      1
 1.17190563E+01 8.34954108E-03-2.99011141E-06 4.78717454E-10-2.83758708E-14    2
-4.67506453E+04-3.66252599E+01 2.02678400E+00 2.79432002E-02-1.67731816E-05    3
 4.22534916E-09-2.87871157E-13-4.30953264E+04 1.64864589E+01                   4
CH3OCO2CH2O             H   5O   4C   3     G     300.0    5000.0  1555.0      1
 1.45987397E+01 1.50020209E-02-5.32571542E-06 8.47615140E-10-5.00329319E-14    2
-5.21808665E+04-4.39959381E+01 1.03170341E+01 8.59155580E-03 1.93247722E-05    3
-1.83010132E-08 4.50694030E-12-4.89644897E+04-1.50243500E+01                   4
CH3OCO2H          -THERMH   4O   3C   2     G     300.0    5000.0  1371.0      1
 1.26391477E+01 9.70490594E-03-3.46053136E-06 5.52439498E-10-3.26800648E-14    2
-7.71772561E+04-4.19182716E+01 2.05396450E+00 3.20839169E-02-2.08608292E-05    3
 6.45350667E-09-7.67770261E-13-7.32505021E+04 1.57934541E+01                   4
CH2OCO2H                H   3O   3C   2     G     300.0    5000.0  1378.0      1
 1.27836630E+01 6.93507421E-03-2.48201264E-06 3.97205696E-10-2.35374866E-14    2
-5.25091758E+04-4.02086228E+01 3.20884348E+00 2.96901005E-02-2.34550186E-05    3
 9.34824624E-09-1.51504687E-12-4.92132050E+04 1.10953420E+01                   4
CN                IU8-03C   1N   1          G     200.0    6000.0  1000.0      1
    3.3991285E0  7.46548662E-4 -1.41493852E-7 1.86747736E-11 -1.2603254E-15    2
   5.16569715E4   4.67148681E0   3.61256069E0 -9.53015737E-4  2.13757271E-6    3
-3.05001808E-10-4.70518097E-13   5.17084034E4   3.98238722E0                   4
! Lamoureux et al. 2016
HCN               ATcT-AH   1C   1N   1     G     200.0    6000.0  1000.0      1
   3.80231648E0  3.14630087E-3 -1.06315727E-6 1.66185438E-10-9.79891962E-15    2
   1.42849502E4   1.57501632E0   2.25901199E0  1.00510475E-2 -1.33514567E-5    3
  1.00920479E-8-3.00880408E-12   1.45903166E4    8.9163196E0                   4
! Lamoureux et al. 2016
HCNO              A-5-05H   1O   1C   1N   1G     200.0    6000.0  1000.0      1
   5.91979744E0    4.001146E-3 -1.42063343E-6 2.27569621E-10 -1.3550487E-14    2
   1.80385534E4  -8.26935223E0  6.07949401E-1  2.82182431E-2 -4.60451618E-5    3
  3.82559486E-8-1.23226501E-11   1.90714209E4   1.69199098E1                   4
!  Goos et.al. 2013; PROCI 34 (2013) 657   666
NCN                     C   1N   2          G     200.0    6000.0  1000.0      1
    5.6874346E0  1.82663439E-3  -7.0755113E-7 1.19517763E-10-7.31862017E-15    2
   5.30454071E4  -6.31950475E0   2.79807986E0  1.00008861E-2 -9.59242059E-6    3
  4.75565678E-9-1.04348512E-12   5.38574577E4    8.6212957E0                   4
! Lamoureux et al. 2016
HNC               ATcT-AH   1C   1N   1     G     200.0    6000.0  1000.0      1
   4.22248262E0  2.59458082E-3 -8.58480324E-7  1.3074494E-10-7.50339813E-15    2
    2.1715673E4  -7.7970641E-2   2.30186822E0  1.54157449E-2 -3.13261898E-5    3
  3.08816218E-8-1.11912204E-11   2.19306327E4   8.14749128E0                   4
! Lamoureux et al. 2016
HNCN              T03-10H   1C   1N   2     G     200.0    6000.0  1000.0      1
   5.53846448E0  3.89054126E-3 -1.38104752E-6 2.21294765E-10-1.31827325E-14    2
   3.59635337E4  -3.39587098E0   3.06754311E0  1.06789939E-2 -7.96224305E-6    3
   2.5988339E-9-1.27057612E-13   3.66623508E4   9.41074995E0                   4
! Lamoureux et al. 2016
H2CN              -41687H   2C   1N   1     G     300.0    4000.0  1000.0      1
     5.209703E0    2.969291E-3   -2.855589E-7   -1.63555E-10   3.043259E-14    2
     2.767711E4    -4.444478E0     2.851661E0    5.695233E-3     1.07114E-6    3
   -1.622612E-9  -2.351108E-13     2.863782E4     8.992751E0                   4
! Lamoureux et al. 2016
C2N2                    C   2N   2          G     300.0    5000.0  1000.0      1
        6.548E0     3.98471E-3    -1.63422E-6     3.0386E-10     -2.111E-14    2
      3.49072E4       -9.736E0      4.26546E0    1.192257E-2   -1.342014E-5    3
      9.1923E-9   -2.77894E-12      3.54789E4        1.713E0                   4
! Lamoureux et al. 2016
HOCN              A-5-05H   1O   1C   1N   1G     200.0    6000.0  1000.0      1
   5.28767714E0  4.01746511E-3 -1.40407465E-6 2.22562614E-10-1.31562375E-14    2
  -3.77409807E3  -2.64470976E0   2.88943546E0  1.16487242E-2 -1.08005006E-5    3
  5.44138776E-9-1.06857286E-12  -3.15296691E3   9.51295652E0                   4
! Lamoureux et al. 2016
HNCO              A-5-05H   1O   1C   1N   1G     200.0    6000.0  1000.0      1
   5.30045051E0  4.02250821E-3  -1.4096228E-6 2.23855342E-10-1.32499966E-14    2
  -1.61995274E4  -3.11770684E0   2.24009031E0  1.45600497E-2  -1.5435233E-5    3
  8.55535028E-9-1.79631611E-12  -1.54589951E4   1.21663775E1                   4
! Lamoureux et al. 2016
NCO               A-5-05O   1C   1N   1     G     200.0    6000.0  1000.0      1
   5.08064474E0  2.37443587E-3 -9.07098904E-7 1.52286713E-10-9.31009234E-15    2
   1.35781204E4  -2.15734434E0   2.77405177E0  9.24523481E-3 -9.91773586E-6    3
  6.68461303E-9-2.09520542E-12    1.4236957E4    9.7545867E0                   4
! Burcat/Goos 2017 ! NITROSOMETHYL or METHYL-NITROSYL
CH3NO             T12-09H   3O   1C   1N   1G     200.0    6000.0  1000.0      1
   5.04711802E0  9.21544305E-3 -3.29034831E-6 5.28940397E-10-3.15689858E-14    2
   6.23718102E3  -7.7439557E-1   5.18534727E0 -6.34085575E-3  4.57171139E-5    3
 -5.30421813E-8 1.99501601E-11   6.93771506E3   2.18492659E0                   4
! Burcat/Goos 2017
CH2NO2             08-07H   2O   2C   1N   1G     200.0    6000.0  1000.0      1
   7.57504807E0  7.01471036E-3 -2.51481162E-6  4.0567055E-10-2.42796598E-14    2
    1.2388008E4  -1.15985589E1   2.42742248E0  1.60496442E-2  2.84727836E-6    3
 -1.82218429E-8 9.35383557E-12   1.40120587E4   1.61086425E1                   4
! Burcat/Goos 2017 ! Nitro-Methane
CH3NO2            T01-00H   3O   2C   1N   1G     200.0    6000.0  1000.0      1
   6.73034758E0  1.09601272E-2 -4.05357875E-6 6.67102246E-10-4.04686823E-14    2
  -1.29143475E4  -1.01800883E1   3.54053638E0  1.86559899E-3   4.4494658E-5    3
 -5.87057133E-8 2.30684496E-11  -1.11385976E4   1.06884657E1                   4
! Burcat/Goos 2017 ! Methyl-Nitrite
CH3ONO            A-5-05H   3O   2C   1N   1G     200.0    6000.0  1000.0      1
   6.93605239E0  9.97319424E-3 -3.60642537E-6 5.83462161E-10-3.50058729E-14    2
  -1.08381899E4  -6.98144573E0   6.15261387E0 -2.91937431E-3  4.14526828E-5    3
 -4.93954776E-8 1.85608328E-11  -9.85260262E3   8.0405719E-1                   4
!CH2NO H2C*N=O RADICAL The G3B3 calculations show that this conformation is in   !
!resonance with the former conformation H2C*N=O (=) H2C=M-O* therefore the former!
!polynomial should be used here. The present polynomial comes from the data of   !
!C. Melius BAC/MP4 calculations of 1987.  STATWT=2  SIGMA=2  IA=2.596  IB=3.041  !
!IC=5.0754   NU=3040,2952,1505,1304,1188,1111,983,897,846   HF298=53.52+/-2 kcal !
!REF=C. MELIUS DATABASE BAC/MP4 D93X  Max Lst Sq Error Cp @ 200 K 0.82%.
! E. Goos, A. Burcat, and B. Ruscic
! Ideal gas thermochemical database with updates from active thermochemical
! http://garfield.chem.elte.hu/Burcat/burcat.html
! Accessed 2018
CH2NO             T-9-96H   2O   1C   1N   1G     200.0    6000.0  1000.0      1
    5.4028152E0   6.9057001E-3  -2.5162977E-6  4.1014066E-10   -2.47183E-14    2
     2.452869E4   -4.4574262E0    3.8781858E0  -6.6530886E-3    5.394761E-5    3
  -6.8176813E-8  2.7181746E-11    2.5716857E4    7.4618774E0                   4
!HON                     H   1N   1O   1     G   298.150  3000.000 1000.00      1 ! Bugler 2016; J. Phys. Chem. A 2016, 120, 7192   7197
! 3.71174626E+00 3.16088951E-03-1.33270405E-06 2.82287945E-10-2.37381901E-14    2
! 2.44108221E+04 5.58114551E+00 3.05581786E+00 4.43591111E-03-1.22219840E-06    3
!-1.14007451E-09 6.69025432E-13 2.46094424E+04 9.08279393E+00                   4
!CH3NH2      SWS         H   5C   1N   1    0G   300.000  5000.000 1387.000     1 ! DB00
! 5.23365618E+00 1.08525479E-02-3.65205276E-06 5.60552543E-10-3.22553444E-14    2 ! Mathieu et al. 2016; Fuel 182 (2016) 597   612
!-5.52829576E+03-5.21507359E+00 1.69170293E+00 1.60389160E-02-4.99028441E-06    3
!-3.83481304E-10 3.57345746E-13-3.94057426E+03 1.49835076E+01                   4
! METHYLAMINE ! E. Goos, A. Burcat, and B. Ruscic
! Ideal gas thermochemical database with updates from active thermochemical
! http://garfield.chem.elte.hu/Burcat/burcat.html
! Accessed 2018
CH3NH2            T09-09H   5C   1N   1     G     200.0    6000.0  1000.0      1
   3.78609899E0   1.2696957E-2 -4.46778553E-6 7.11021516E-10-4.21332621E-14    2
   -4.3810006E3   1.86268606E0   4.65718252E0 -7.37953092E-3  5.45297099E-5    3
 -6.24993857E-8 2.33761829E-11   -3.7607334E3   1.63875112E0                   4
!CH3NH       THERM92     H   4C   1N   1    0G   300.000  5000.000 1404.000     1 ! DB00
! 4.90528413E+00 8.50385569E-03-2.82356461E-06 4.29267836E-10-2.45297886E-14    2 ! Mathieu et al. 2016; Fuel 182 (2016) 597   612
! 1.94541503E+04-1.35290137E+00 1.53882571E+00 1.62436539E-02-9.89573425E-06    3
! 3.49954504E-09-5.53823621E-13 2.06715086E+04 1.68295527E+01                   4
! METHYL AMINO RADICAL ! E. Goos, A. Burcat, and B. Ruscic
! Ideal gas thermochemical database with updates from active thermochemical
! http://garfield.chem.elte.hu/Burcat/burcat.html
! Accessed 2018
CH3NH             T03-10H   4C   1N   1     G     200.0    6000.0  1000.0      1
    4.0224438E0  1.03512061E-2 -3.64560169E-6 5.80491587E-10-3.44103829E-14    2
   1.95050854E4   1.64483768E0   4.70973738E0 -7.31946952E-3  4.95105509E-5    3
  -5.7279048E-8 2.16523586E-11   2.00619432E4   1.85460205E0                   4
!CH2NH2      THERM92     H   4C   1N   1    0G   300.000  5000.000 1397.000     1 ! DB00
! 6.11432288E+00 7.69126269E-03-2.59025729E-06 3.97713575E-10-2.28883272E-14    2 ! Mathieu et al. 2016; Fuel 182 (2016) 597   612
! 1.55835138E+04-8.93053780E+00 2.56157769E+00 1.60730713E-02-1.05960335E-05    3 ! He et al. 2016; Energy Fuels 2016, 30, 6799   6807
! 4.07638829E-09-6.95570548E-13 1.68563722E+04 1.01987687E+01                   4
! MethenyAmine AminoMethyl Radical; E. Goos, A. Burcat, and B. Ruscic
! Ideal gas thermochemical database with updates from active thermochemical
! http://garfield.chem.elte.hu/Burcat/burcat.html
! Accessed 2018
CH2NH2            T03-10H   4C   1N   1     G     200.0    6000.0  1000.0      1
   4.55329728E0  9.42002581E-3 -3.20781399E-6 4.98961894E-10-2.90872284E-14    2
   1.58717284E4 -2.45945234E-2   2.85538164E0  7.27364238E-3  1.65712636E-5    3
 -2.70976978E-8 1.16327939E-11   1.66165986E4   1.02444521E1                   4
!CH2NH       MELIUS 88   H   3C   1N   1    0G   300.000  5000.000 1577.000     1 ! DB00
! 4.54737795E+00 7.17720948E-03-2.47935299E-06 3.87692351E-10-2.26113075E-14    2 ! Mathieu et al. 2016; Fuel 182 (2016) 597   612
! 8.64056516E+03-1.16687427E+00 2.81849510E+00 5.11983235E-03 6.38887146E-06    3
!-6.61374671E-09 1.65531940E-12 9.88442597E+03 1.03390629E+01                   4
! METHANIMINE ! E. Goos, A. Burcat, and B. Ruscic
! Ideal gas thermochemical database with updates from active thermochemical
! http://garfield.chem.elte.hu/Burcat/burcat.html
! Accessed 2018
CH2NH             A12-04H   3C   1N   1     G     200.0    6000.0  1000.0      1
   3.44258358E0  8.37600036E-3 -2.97819078E-6 4.77352867E-10-2.84295062E-14    2
   8.40771949E3   3.95595397E0   4.79302577E0 -1.26841692E-2  5.69766521E-5    3
 -6.34985251E-8  2.3702333E-11   8.85023146E3   1.10277996E0                   4
!HCNH               41687C   1H   2N   1     G  0300.00   4000.00  1000.00      1 ! Mathieu et al. 2016; Fuel 182 (2016) 597   612
! 0.04923293E+02 0.03332897E-01-0.03370897E-05-0.01901619E-08 0.03531825E-12    2
! 0.03132669E+06-0.01632509E+02 0.02759456E+02 0.06103387E-01 0.07713149E-05    3
!-0.02063094E-07 0.01931920E-11 0.03217247E+06 0.01057489E+03                   4
! (H*C=NH) RADICAL trans; ! E. Goos, A. Burcat, and B. Ruscic
! Ideal gas thermochemical database with updates from active thermochemical
! http://garfield.chem.elte.hu/Burcat/burcat.html
! Accessed 2018
HCNH              T10-09H   2C   1N   1     G     200.0    6000.0  1000.0      1
     4.040147E0  5.16591694E-3 -1.82276828E-6 2.90299053E-10-1.71614589E-14    2
   3.42988367E4   2.58894095E0   3.97114555E0 -3.88875724E-3   2.9291895E-5    3
 -3.57482411E-8 1.40303911E-11   3.47237453E4   5.06388721E0                   4
CH3OCH2NH2        201107C   2H   7N   1O   1G   298.150  3000.000 1000.00      1 ! PM 20/11
 3.62947749E+00 2.88943997E-02-1.39589272E-05 3.28449753E-09-3.05345913E-13    2
-2.35738889E+04 7.50760481E+00 2.29655306E+00 2.65473756E-02 1.07969177E-06    3
-1.44199703E-08 6.04045152E-12-2.29233679E+04 1.58578752E+01                   4
CH2OCH2NH2        201107C   2H   6N   1O   1G   298.150  3000.000 1000.00      1 ! PM 20/11
 7.10091070E+00 2.18231763E-02-1.09502003E-05 2.66853577E-09-2.55605856E-13    2
-1.78764369E+03-1.02057681E+01 1.32076866E+00 3.83516427E-02-2.58547473E-05    3
 6.01279873E-09 5.56353835E-13-3.02010198E+02 1.93281014E+01                   4
CH3OCHNH2         201107C   2H   6N   1O   1G   298.150  3000.000 1000.00      1 ! PM 20/11
 5.92718554E+00 2.28930451E-02-1.10590439E-05 2.59510054E-09-2.39747374E-13    2
-8.35700645E+02-3.25487016E+00 2.25474196E+00 3.26165053E-02-1.81947630E-05    3
 2.38593253E-09 1.05412315E-12 1.47103777E+02 1.57041258E+01                   4
CH3OCH2NH         201107C   2H   6N   1O   1G   298.150  3000.000 1000.00      1 ! PM 20/11
 5.08856043E+00 2.41474386E-02-1.20447712E-05 2.90670228E-09-2.75366397E-13    2
 3.04052632E+03 1.23878967E+00 2.16505875E+00 3.27663813E-02-2.03605890E-05    3
 5.37551669E-09-1.23803975E-13 3.77897986E+03 1.61117614E+01                   4
CH3CH2NH2               C   2H   7N   1O   0    298.150 3000.000 1000.000      1  !\COMMENT:  1104  
+2.82804839E+00+2.53750154E-02-1.18740298E-05+2.70990740E-09-2.44590811E-13    2
-8.03920733E+03+1.01771802E+01+6.44080211E-01+3.14866800E-02-1.71052145E-05    3
+3.57315578E-09+1.95649123E-13-7.47120329E+03+2.13696162E+01+0.00000000E+00    4
CH2CH2NH2               C   2H   6N   1O   0    298.150 3000.000 1000.000      1  !\COMMENT:  1104  
+4.10302792E+00+2.03084588E-02-9.25456057E-06+2.06112265E-09-1.81949714E-13    2
+1.70234069E+04+5.55411391E+00+1.25928611E+00+3.01867188E-02-2.18268895E-05    3
+8.94596797E-09-1.52898422E-12+1.76669906E+04+1.96477011E+01+0.00000000E+00    4
CH3CHNH2                C   2H   6N   1O   0    298.150 3000.000 1000.000      1  !\COMMENT:  1104  
+4.08789216E+00+2.05227724E-02-9.45003681E-06+2.12694610E-09-1.89705755E-13    2
+1.19396821E+04+5.24987703E+00+1.64074549E+00+2.85826810E-02-1.89468825E-05    3
+6.72949839E-09-9.08174290E-13+1.25155453E+04+1.74881147E+01+0.00000000E+00    4
CH3CH2NH                C   2H   6N   1O   0    298.150 3000.000 1000.000      1  !\COMMENT:  1104  
+3.09795233E+00+2.24757903E-02-1.07197166E-05+2.48313682E-09-2.26728211E-13    2
+1.65130465E+04+1.02924690E+01+1.92365746E+00+2.38729244E-02-7.86534966E-06    3
-2.71981984E-09+1.89902230E-12+1.69129077E+04+1.67827743E+01+0.00000000E+00    4
CH2CHNH2                C   2H   5N   1O   0    298.150 3000.000 1000.000      1  !\COMMENT:  1104  
+4.59217082E+00+1.72595719E-02-7.93920737E-06+1.79644782E-09-1.61748720E-13    2
+2.46743039E+03-8.63800108E-02-7.10306111E-01+3.74245041E-02-3.66191425E-05    3
+1.98714291E-08-4.41925018E-12+3.58017455E+03+2.57562499E+01+0.00000000E+00    4
CH3CHNH                 C   2H   5N   1O   0    298.150 3000.000 1000.000      1  !\COMMENT:  1104  
+1.99419246E+00+2.12775413E-02-1.02686597E-05+2.40039260E-09-2.20647891E-13    2
+4.56273305E+03+1.43228859E+01+2.24230513E+00+1.46071399E-02+8.25386853E-06    3
-1.56259103E-08+5.70541553E-12+4.79700805E+03+1.45453734E+01+0.00000000E+00    4
CH2CHNH                 C   2H   4N   1O   0    298.150 3000.000 1000.000      1  !\COMMENT:  1104  
+3.67015758E+00+1.67405872E-02-8.17362541E-06+1.94564254E-09-1.82822975E-13    2
+2.26494763E+04+5.23472336E+00-1.68729357E-01+2.91658096E-02-2.24159711E-05    3
+8.51021434E-09-1.09138460E-12+2.35637699E+04+2.44877151E+01+0.00000000E+00    4
CH2CNH2                 C   2H   4N   1O   0    298.150 3000.000 1000.000      1  !\COMMENT:  1107  
+4.21874005E+00+1.56980617E-02-7.75730038E-06+1.84326074E-09-1.71837565E-13    2
+3.03905504E+04+4.69611801E+00+2.01233456E+00+2.56068048E-02-2.42450966E-05    3
+1.39182460E-08-3.46136416E-12+3.07776754E+04+1.50699688E+01+0.00000000E+00    4
CH3CNH                  C   2H   4N   1O   0    298.150 3000.000 1000.000      1  !\COMMENT:  1106  
+3.29670257E+00+1.69750507E-02-8.65108533E-06+2.12635860E-09-2.04492818E-13    2
+2.51028107E+04+8.60277030E+00+2.23655533E+00+1.58044545E-02+1.22158661E-06    3
-9.86660781E-09+4.14654507E-12+2.55853994E+04+1.50701642E+01+0.00000000E+00    4
CH3CHN                  C   2H   4N   1O   0    298.150 3000.000 1000.000      1  !\COMMENT:  1106  
+2.67758316E+00+1.76421637E-02-8.68916543E-06+2.06973359E-09-1.93574323E-13    2
+2.23928599E+04+1.20240438E+01+2.81409484E+00+1.32950847E-02+3.53300166E-06    3
-9.87941013E-09+3.74396969E-12+2.25556092E+04+1.23157119E+01+0.00000000E+00    4
CHCHNH2                 C   2H   4N   1O   0    298.150 3000.000 1000.000      1  !\COMMENT:  1104  
+4.77534564E+00+1.46041683E-02-6.78153232E-06+1.55237043E-09-1.41604244E-13    2
+3.54379126E+04+3.02319529E-01+5.83297823E-01+3.10085354E-02-3.08423467E-05    3
+1.72290892E-08-3.96982789E-12+3.62945134E+04+2.06174831E+01+0.00000000E+00    4
CH3CN                   C   2H   3N   1         298.150 3000.000 1000.000      1  !\COMMENT:  
+2.42380288E+00+1.54861485E-02-7.68638356E-06+1.86346106E-09-1.76951943E-13    2
+7.52622169E+03+1.09652442E+01+2.50891120E+00+1.33696562E-02-1.84755678E-06    3
-3.80514907E-09+1.68421532E-12+7.59800297E+03+1.09986605E+01+0.00000000E+00    4
CHCNH2                  C   2H   3N   1O   0    298.150 3000.000 1000.000      1  !\COMMENT:  1107  
+4.67245309E+00+1.04989910E-02-4.62630454E-06+1.01345924E-09-8.92616681E-14    2
+2.60712723E+04-5.77430843E-01+1.34809615E+00+2.60893264E-02-3.14511691E-05    3
+2.11896099E-08-5.70652625E-12+2.66214983E+04+1.48874428E+01+0.00000000E+00    4
CH2CNH                  C   2H   3N   1O   0    298.150 3000.000 1000.000      1  !\COMMENT:  1107  
+4.08696039E+00+1.27930769E-02-6.17629436E-06+1.46135849E-09-1.36980402E-13    2
+2.06483281E+04+2.95368340E+00+6.74453393E-01+2.66535164E-02-2.72825709E-05    3
+1.57426210E-08-3.75989891E-12+2.13203089E+04+1.93644542E+01+0.00000000E+00    4
CH2CHN                  C   2H   3N   1O   0    298.150 3000.000 1000.000      1  !\COMMENT:  1110  
+4.14453572E+00+1.31731672E-02-6.28186453E-06+1.43989655E-09-1.30842159E-13    2
+4.10389141E+04+3.75755189E+00+3.85114887E-01+2.63155652E-02-2.31525336E-05    3
+1.07917240E-08-1.99497769E-12+4.18855625E+04+2.23684056E+01+0.00000000E+00    4
CH2CHN(S)               C   2H   3N   1O   0    298.150 3000.000 1000.000      1  !\COMMENT:  1110  
+4.14453572E+00+1.31731672E-02-6.28186453E-06+1.43989655E-09-1.30842159E-13    2
+4.85873563E+04+3.75755189E+00+3.85114887E-01+2.63155652E-02-2.31525336E-05    3
+1.07917240E-08-1.99497769E-12+4.94340048E+04+2.23684056E+01+0.00000000E+00    4
C-C2H3N                 C   2H   3N   1O   0    298.150 3000.000 1000.000      1  !\COMMENT:  1110  
+2.80979324E+00+1.50201816E-02-7.58141908E-06+1.85246807E-09-1.77642437E-13    2
+3.06581771E+04+8.95343001E+00+8.28524446E-02+2.20080656E-02-1.21834261E-05    3
+1.00059353E-09+1.01529601E-12+3.13995593E+04+2.30893128E+01+0.00000000E+00    4
CH2CN                   C   2H   2N   1         298.150 3000.000 1000.000      1  !\COMMENT:  
+4.06051561E+00+1.00705957E-02-5.02399400E-06+1.22784108E-09-1.17649648E-13    2
+2.94219446E+04+3.75029564E+00+2.41650063E+00+1.68217139E-02-1.54132587E-05    3
+8.32907580E-09-1.93672290E-12+2.97419947E+04+1.16379530E+01+0.00000000E+00    4
CHCNH                   C   2H   2N   1O   0    298.150 3000.000 1000.000      1  !\COMMENT:  1107  
+5.54662620E+00+7.65157744E-03-3.57997666E-06+8.31108900E-10-7.71666875E-14    2
+4.53945633E+04-3.17646312E+00+2.87300918E+00+1.98561384E-02-2.41519574E-05    3
+1.60558556E-08-4.26087659E-12+4.58537821E+04+9.34467032E+00+0.00000000E+00    4
H2NCHO                  C   1H   3N   1O   1    200.000 6000.000 1000.000      1  !\COMMENT:  O=CH-NH2 T12/09  
+4.93694660E+00+9.60834089E-03-3.32934933E-06+5.16597902E-10-2.99203362E-14    2
-2.50910273E+04-2.00078185E+00+3.17952470E+00+1.94589990E-03+3.43329627E-05    3
-4.64825836E-08+1.87268120E-11-2.40580400E+04+9.94755425E+00-2.28032632E+04    4
H2NCO                   C   1H   2N   1O   1    200.000 6000.000 1000.000      1  !\COMMENT:  H2N-C*=O T09/09  
+5.69169331E+00+6.08717989E-03-2.09433522E-06+3.28448737E-10-1.92703890E-14    2
-3.81028606E+03-3.22710215E+00+3.53640094E+00+9.73407134E-03-3.87292847E-07    3
-5.90128176E-09+3.01181866E-12-3.09623872E+03+8.47952204E+00-1.62287375E+03    4
CH3OCH2OCH2NH2          C   3H   9N   1O   2G   100.000 5000.000 969.95        1
 1.74723984E+01 1.92684465E-02-6.59252969E-06 1.21506536E-09-8.92606800E-14    2
-4.85670007E+04-6.50959042E+01 9.07714433E-01 5.37663035E-02-7.65084093E-06    3
-3.39985306E-08 1.82504635E-11-4.37630132E+04 2.25131193E+01                   4
CH2OCH2OCH2NH2          C   3H   8N   1O   2G   100.000 5000.000 954.51        1
 1.93940996E+01 1.35474299E-02-3.92258153E-06 7.09356638E-10-5.45380606E-14    2
-2.63646521E+04-7.37982670E+01 8.18720625E-01 5.50561411E-02-1.20544988E-05    3
-3.34909842E-08 1.93482257E-11-2.11634136E+04 2.36226194E+01                   4
CH3OCHOCH2NH2           C   3H   8N   1O   2G   100.000 5000.000 858.23        1
 7.97971496E+00 3.40133789E-02-1.58443759E-05 3.05994722E-09-2.15748836E-13    2
-2.22227882E+04-1.03640966E+01 1.23408644E+00 6.54529575E-02-7.07936904E-05    3
 4.57439681E-08-1.26494274E-11-2.10649227E+04 2.11483999E+01                   4
CH3OCH2OCHNH2           C   3H   8N   1O   2G   100.000 5000.000 970.38        1
 1.59963932E+01 1.83414888E-02-6.26367482E-06 1.11964224E-09-7.97346824E-14    2
-2.91223851E+04-5.52619341E+01 9.94944154E-01 5.53162235E-02-2.49864320E-05    3
-1.24210328E-08 1.02111058E-11-2.50403785E+04 2.26919021E+01                   4
CH3OCH2OCH2NH           C   3H   8N   1O   2G   100.000 5000.000 962.68        1
 1.85634360E+01 1.51744326E-02-4.85700772E-06 8.99431505E-10-6.80390267E-14    2
-2.44934694E+04-7.01478686E+01 9.07278539E-01 5.34049461E-02-9.68540119E-06    3
-3.36649385E-08 1.87523746E-11-1.94660758E+04 2.28166013E+01                   4
CH3OCH2ONH2             C   2H   7N   1O   2G   100.000 5000.000 956.26        1
 1.49519640E+01 1.30912952E-02-4.04938739E-06 7.18830943E-10-5.27763347E-14    2
-2.89897154E+04-5.15075695E+01 1.54104264E+00 4.34340880E-02-1.12466137E-05    3
-2.24279164E-08 1.33617317E-11-2.52473035E+04 1.87495958E+01                   4
DMM2NH2-A               C   4H  11N   1O   3G   100.000 5000.000 938.78        1
 2.97132838E+01 1.24908343E-02-1.72903371E-06 2.65410825E-10-2.77219449E-14    2
-7.28624560E+04-1.28526379E+02-6.65388176E-01 7.67693640E-02-3.20414576E-07    3
-7.46702809E-08 3.96170121E-11-6.42873460E+04 3.14068633E+01                   4
CH2OCOCOCN              C   4H  10N   1O   3G   100.000 5000.000 932.27        1
 3.16924255E+01 6.67395152E-03 9.95457966E-07-2.53054524E-10 8.05081308E-15    2
-5.06848052E+04-1.37553157E+02-7.58876614E-01 7.81046047E-02-4.83892541E-06    3
-7.40947992E-08 4.07299201E-11-4.16875509E+04 3.25329102E+01                   4
!!=CH2OCH2OCH2OCH2NH2
COCHOCOCN               C   4H  10N   1O   3G   100.000 5000.000 1043.61       1
 2.22590153E+01 2.37255191E-02-8.93750558E-06 1.62421766E-09-1.13677607E-13    2
-4.73609337E+04-8.52410633E+01-8.08030110E-01 9.41958276E-02-8.44371003E-05    3
 3.33799401E-08-3.77444794E-12-4.15692725E+04 3.17098967E+01                   4
!!=CH3OCHOCH2OCH2NH2
COCOCHOCN               C   4H  10N   1O   3G   100.000 5000.000 1043.61       1
 2.22590153E+01 2.37255191E-02-8.93750558E-06 1.62421766E-09-1.13677607E-13    2
-4.73609337E+04-8.52410633E+01-8.08030110E-01 9.41958276E-02-8.44371003E-05    3
 3.33799401E-08-3.77444794E-12-4.15692725E+04 3.17098967E+01                   4
!!=CH3OCH2OCHOCH2NH2
COCOCOCHN               C   4H  10N   1O   3G   100.000  5000.000 933.72       1
 2.82370962E+01 1.15654542E-02-1.40161140E-06 1.70416307E-10-1.82371156E-14    2
-5.34181570E+04-1.18692128E+02-5.73127661E-01 7.82538277E-02-1.73954687E-05    3
-5.34823970E-08 3.17698418E-11-4.55649245E+04 3.15679808E+01                   4
!!=CH3OCH2OCH2OCHNH2
COCOCOCNH               C   4H  10N   1O   3G   100.000  5000.000 935.95       1
 3.08351533E+01 8.34526556E-03 3.58618205E-08-5.71001476E-11-5.93370346E-15    2
-4.88021530E+04-1.33752425E+02-6.68810786E-01 7.64398832E-02-2.44677418E-06    3
-7.42544872E-08 4.01040759E-11-3.99902792E+04 3.17212419E+01                   4
!!=CH3OCH2OCH2OCH2NH
CH3OCH2OCH2ONH2         C   3H   9N   1O   3G   100.000  5000.000 928.88       1
 2.72532719E+01 6.21312211E-03 8.71204056E-07-2.44156173E-10 9.85863458E-15    2
-5.33112362E+04-1.15279463E+02-3.54790784E-02 6.64677814E-02-3.96823066E-06    3
-6.31322434E-08 3.47962343E-11-4.57714862E+04 2.76561544E+01                   4
END