!Transport data used in:
!Experimental and modelling study on the ignition delay time of dimethyl carbonate in shock tubes and rapid compression machine
!by Katiuska Alexandrino, María U. Alzueta, Henry J. Curran

!version:  15_50_1112
!authors:  c3
!note:     species re-arranged as the same order in mech, analogies have been indicated by corresponding species name in comments. data mostly from aramco mech 1.3
ar                            0   136.500     3.330     0.000     0.000     0.000 !
n2                            1    97.530     3.621     0.000     1.760     4.000 !
he                            0    10.200     2.576     0.000     0.000     0.000 !
h2                            1    38.000     2.920     0.000     0.790   280.000 !
h                             0   145.000     2.050     0.000     0.000     0.000 !
o2                            1   107.400     3.458     0.000     1.600     3.800 !
o                             0    80.000     2.750     0.000     0.000     0.000 !
h2o                           2   572.400     2.605     1.844     0.000     4.000 !
oh                            1    80.000     2.750     0.000     0.000     0.000 !
ohv                           1    80.000     2.750     0.000     0.000     0.000 !
h2o2                          2   107.400     3.458     0.000     0.000     3.800 !
ho2                           2   107.400     3.458     0.000     0.000     1.000 !
co                            1    98.100     3.650     0.000     1.950     1.800 !
co2                           1   244.000     3.763     0.000     2.650     2.100 !
hoco                          2   498.000     3.590     0.000     0.000     2.000 !
ch4                           2   141.400     3.746     0.000     2.600    13.000 !
ch3                           1   144.000     3.800     0.000     0.000     0.000 !
ch2                           1   144.000     3.800     0.000     0.000     0.000 !
ch2(s)                        1   144.000     3.800     0.000     0.000     0.000 !
c                             0    71.400     3.298     0.000     0.000     0.000 !
ch                            1    80.000     2.750     0.000     0.000     0.000 !
chv                           1    80.000     2.750     0.000     0.000     0.000 !
ch3o2h                        2   481.800     3.626     0.000     0.000     1.000 !
ch3o2                         2   481.800     3.626     0.000     0.000     1.000 !
ch2o2h                        2   238.400     3.496     0.000     0.000     1.500 !
ch3oh                         2   481.800     3.626     0.000     0.000     1.000 !
ch3o                          2   417.000     3.690     1.700     0.000     2.000 !
ch2oh                         2   417.000     3.690     1.700     0.000     2.000 !
ch2o                          2   498.000     3.590     0.000     0.000     2.000 !
hco                           2   498.000     3.590     0.000     0.000     0.000 !
hcoh                          2   498.000     3.590     0.000     0.000     1.000 !
ho2cho                        2   436.000     3.970     0.000     0.000     2.000 !
hoch2o2h                      2   481.800     3.626     1.700     0.000     1.000 !
hoch2o2                       2   481.800     3.626     1.700     0.000     1.000 !
och2o2h                       2   481.800     3.626     1.700     0.000     1.000 !
hoch2o                        2   470.600     4.410     0.000     0.000     1.500 !
o2cho                         2   436.000     3.970     0.000     0.000     2.000 !
hocho                         2   436.000     3.970     0.000     0.000     2.000 !
ocho                          2   498.000     3.590     0.000     0.000     2.000 !
c2h6                          2   247.500     4.350     0.000     0.000     1.500 !
c2h5                          2   247.500     4.350     0.000     0.000     1.500 !
c2h5o2h                       2   470.600     4.410     0.000     0.000     1.500 !
c2h5o2                        2   470.600     4.410     0.000     0.000     1.500 !
c2h4                          2   238.400     3.496     0.000     0.000     1.500 !
c2h3                          2   265.300     3.721     0.000     0.000     1.000 !
chocho                        1   440.200     4.010     0.000     0.000     2.000 !
c2h3ooh                       2   436.000     3.970     0.000     0.000     2.000 !
c2h3oo                        2   436.000     3.970     0.000     0.000     2.000 !ch3co2
chcho                         2   436.000     3.970     0.000     0.000     2.000 !hccoh
c2h2                          1   265.300     3.721     0.000     0.000     2.500 !
c2h                           1   265.300     3.721     0.000     0.000     2.500 !
h2cc                          2   209.000     4.100     0.000     0.000     2.500 !
c2h5oh                        2   470.600     4.410     0.000     0.000     1.500 !
c2h5o                         2   470.600     4.410     0.000     0.000     1.500 !
pc2h4oh                       2   470.600     4.410     0.000     0.000     1.500 !
sc2h4oh                       2   470.600     4.410     0.000     0.000     1.500 !
o2c2h4oh                      2   523.200     5.664     1.700     0.000     1.000 !
c2h4o2h                       2   470.600     4.410     0.000     0.000     1.500 !
c2h4o1-2                      2   436.000     3.970     0.000     0.000     2.000 !
c2h3o1-2                      2   436.000     3.970     0.000     0.000     2.000 !
ch3cho                        2   436.000     3.970     0.000     0.000     2.000 !
ch3co                         2   436.000     3.970     0.000     0.000     2.000 !
ch2cho                        2   436.000     3.970     0.000     0.000     2.000 !
o2ch2cho                      2   275.049     5.428     0.000     0.000     1.000 !
ho2ch2co                      2   279.007     5.505     1.300     0.000     1.000 !
c2h3oh                        2   470.600     4.410     0.000     0.000     1.500 !
c2h2oh                        2   224.700     4.162     0.000     0.000     1.000 !
ch2co                         2   436.000     3.970     0.000     0.000     2.000 !
hcco                          2   150.000     2.500     0.000     0.000     1.000 !
hccoh                         2   436.000     3.970     0.000     0.000     2.000 !
ch3co3h                       2   436.000     3.970     0.000     0.000     2.000 !
ch3co3                        2   436.000     3.970     0.000     0.000     2.000 !
ch3co2                        2   436.000     3.970     0.000     0.000     2.000 !
ch3och3                       2   395.000     4.037     1.300     0.000     1.000 !
ch3och2                       2   395.000     4.037     1.300     0.000     1.000 !
ch3och2o2h                    2   395.000     4.037     1.300     0.000     1.000 !
ch3och2o2                     2   395.000     4.037     1.300     0.000     1.000 !
ch2och2o2h                    2   395.000     4.037     1.300     0.000     1.000 !
o2ch2och2o2h                  2   395.000     4.037     1.300     0.000     1.000 !
ho2ch2ocho                    2   395.000     4.037     1.300     0.000     1.000 !
och2ocho                      2   395.000     4.037     1.300     0.000     1.000 !
hoch2oco                      2   395.000     4.037     1.300     0.000     1.000 !
ch3och2o                      2   395.000     4.037     1.300     0.000     1.000 !
ch3ocho                       2   395.000     4.037     1.300     0.000     1.000 !
ch3oco                        2   395.000     4.037     1.300     0.000     1.000 !
ch2ocho                       2   395.000     4.037     1.300     0.000     1.000 !
c3h8                          2   303.400     4.810     0.000     0.000     1.000 !
ic3h7                         2   303.400     4.810     0.000     0.000     1.000 !
nc3h7                         2   303.400     4.810     0.000     0.000     1.000 !
nc3h7o2h                      2   481.500     4.997     1.700     0.000     1.000 !
nc3h7o2                       2   481.500     4.997     1.700     0.000     1.000 !
ic3h7o2h                      2   459.500     5.036     1.700     0.000     1.000 !
ic3h7o2                       2   459.500     5.036     1.700     0.000     1.000 !
nc3h7o                        2   481.500     4.997     1.700     0.000     1.000 !
ic3h7o                        2   459.500     5.036     1.700     0.000     1.000 !
c3h6ooh1-2                    2   435.200     4.662     2.700     0.000     1.000 !
c3h6ooh1-3                    2   435.200     4.662     2.700     0.000     1.000 !
c3h6ooh2-1                    2   435.200     4.662     2.700     0.000     1.000 !
c3h6ooh1-2o2                  2   435.200     4.662     2.700     0.000     1.000 !
c3h6ooh1-3o2                  2   435.200     4.662     2.700     0.000     1.000 !
c3h6ooh2-1o2                  2   435.200     4.662     2.700     0.000     1.000 !
c3ket12                       2   464.200     5.009     2.600     0.000     1.000 !
c3ket13                       2   464.200     5.009     2.600     0.000     1.000 !
c3h51-2,3ooh                  2   549.655     5.716     0.000     0.000     0.000 !
c3h52-1,3ooh                  2   549.655     5.716     0.000     0.000     0.000 !
c3h5o1-2ooh-3                 2   464.200     5.009     2.600     0.000     1.000 !c3ket12
c3h5o1-3ooh-2                 2   464.200     5.009     2.600     0.000     1.000 !c3ket12
c3h6o1-2                      2   403.600     4.968     2.000     0.000     1.000 !
c3h6o1-3                      2   403.600     4.968     2.000     0.000     1.000 !
c3h6                          2   307.800     4.140     0.000     0.000     1.000 !
c3h5-a                        2   316.000     4.220     0.000     0.000     1.000 !
c3h5-s                        2   316.000     4.220     0.000     0.000     1.000 !
c3h5-t                        2   316.000     4.220     0.000     0.000     1.000 !
cc3h6                         2   307.800     4.140     0.000     0.000     1.000 !c3h6
c3h5o                         2   411.000     4.820     0.000     0.000     1.000 !
ch2choch2                     2   411.000     4.820     0.000     0.000     1.000 !c3h5o
ch3chcho                      2   387.860     4.687     0.000     0.000     0.000 !
ac4h7ooh                      2   330.435     5.741     0.000     0.000     1.000 !
c3h6oh1-2                     2   487.900     4.820     0.000     0.000     1.000 !
ch3chco                       2   443.200     4.120     0.000     0.000     1.000 !
ac3h5ooh                      2   481.500     4.997     1.700     0.000     1.000 !
c3h6oh2-1                     2   487.900     4.820     0.000     0.000     1.000 !
hoc3h6o2                      2   487.900     4.820     0.000     0.000     1.000 !1109
sc3h5oh                       2   304.276     5.450     0.000     0.000     1.000 !
ic3h5oh                       2   459.500     5.036     1.700     0.000     1.000 !
c3h5oh                        2   481.500     4.997     1.700     0.000     1.000 !
ch2cch2oh                     2   481.500     4.997     1.700     0.000     1.000 !
c3h4-p                        1   324.800     4.290     0.000     0.000     1.000 !
c3h4-a                        1   324.800     4.290     0.000     0.000     1.000 !
c3h3                          1   324.800     4.290     0.000     0.000     1.000 !
cc3h4                         1   252.000     4.760     0.000     0.000     1.000 !
c3h2                          2   209.000     4.100     0.000     0.000     1.000 !
h2ccc(s)                      2   265.300     3.721     0.000     0.000     1.000 !
c3h2(s)                       2   209.000     4.100     0.000     0.000     1.000 !
c3h2c                         1   290.616     4.368     0.000     0.000     1.000 !
pc3h4oh-2                     2   300.783     5.377     0.000     0.000     1.000 !
sc3h4oh                       2   298.893     5.345     0.000     0.000     1.000 !
c3h3o                         2   301.263     5.055     0.000     0.000     1.000 !
c3h3o2h                       2   301.658     5.310     0.000     0.000     1.000 !
c2hcho                        2   343.033     4.884     0.000     0.000     1.000 !
c2h5cho                       2   435.200     4.662     2.700     0.000     1.000 !
c2h5co                        2   424.600     4.820     0.000     0.000     1.000 !
ch2ch2cho                     2   424.600     4.820     0.000     0.000     1.000 !
c2h3cho                       2   428.800     4.958     2.900     0.000     1.000 !
c2h3co                        2   443.200     4.120     0.000     0.000     1.000 !
ch3coch3                      2   435.500     4.860     0.000     0.000     1.000 !
ch3coch2                      2   435.500     4.860     0.000     0.000     1.000 !
ch3coch2o2                    2   502.115     5.429     0.000     0.000     0.000 !
ch3coch2o                     2   447.639     5.086     0.000     0.000     0.000 !
c3ket21                       2   464.200     5.009     2.600     0.000     1.000 !
c4h10                         2   350.900     5.206     0.000     0.000     1.000 !
pc4h9                         2   352.000     5.240     0.000     0.000     1.000 !
sc4h9                         2   352.000     5.240     0.000     0.000     1.000 !
pc4h9o                        2   496.000     5.200     0.000     0.000     1.000 !
sc4h9o                        2   496.000     5.200     0.000     0.000     1.000 !
pc4h9o2                       2   496.000     5.200     0.000     0.000     1.000 !
sc4h9o2                       2   496.000     5.200     0.000     0.000     1.000 !
pc4h9o2h                      2   496.000     5.200     0.000     0.000     1.000 !
sc4h9o2h                      2   496.000     5.200     0.000     0.000     1.000 !
c4h8ooh1-2                    2   496.000     5.200     0.000     0.000     1.000 !
c4h8ooh1-3                    2   496.000     5.200     0.000     0.000     1.000 !
c4h8ooh1-4                    2   496.000     5.200     0.000     0.000     1.000 !
c4h8ooh2-1                    2   496.000     5.200     0.000     0.000     1.000 !
c4h8ooh2-3                    2   496.000     5.200     0.000     0.000     1.000 !
c4h8ooh2-4                    2   496.000     5.200     0.000     0.000     1.000 !
c4h8o1-2                      2   496.000     5.200     0.000     0.000     1.000 !
c4h8o1-3                      2   496.000     5.200     0.000     0.000     1.000 !
c4h8o1-4                      2   496.000     5.200     0.000     0.000     1.000 !
c4h8o2-3                      2   496.000     5.200     0.000     0.000     1.000 !
c4h8ooh1-2o2                  2   496.000     5.200     0.000     0.000     1.000 !
c4h8ooh1-3o2                  2   496.000     5.200     0.000     0.000     1.000 !
c4h8ooh1-4o2                  2   496.000     5.200     0.000     0.000     1.000 !
c4h8ooh2-1o2                  2   496.000     5.200     0.000     0.000     1.000 !
c4h8ooh2-3o2                  2   496.000     5.200     0.000     0.000     1.000 !
c4h8ooh2-4o2                  2   496.000     5.200     0.000     0.000     1.000 !
c4h71-2,4ooh                  2   496.000     5.200     0.000     0.000     1.000 !c4h8ooh1-2o2
c4h72-1,3ooh                  2   496.000     5.200     0.000     0.000     1.000 !c4h8ooh1-2o2
c4h72-1,4ooh                  2   496.000     5.200     0.000     0.000     1.000 !c4h8ooh1-2o2
c4h71-2,3ooh                  2   496.000     5.200     0.000     0.000     1.000 !c4h8ooh1-2o2
c4h7o1-3ooh-4                 2   476.000     5.778     2.600     0.000     1.000 !nc4ket12
c4h7o1-3ooh-2                 2   476.000     5.778     2.600     0.000     1.000 !nc4ket12
c4h7o1-2ooh-4                 2   476.000     5.778     2.600     0.000     1.000 !nc4ket12
c4h7o1-4ooh-2                 2   476.000     5.778     2.600     0.000     1.000 !nc4ket12
c4h7o1-2ooh-3                 2   476.000     5.778     2.600     0.000     1.000 !nc4ket12
c4h7o2-3ooh-1                 2   476.000     5.778     2.600     0.000     1.000 !nc4ket12
c4h72-1ooh                    2   496.000     5.200     0.000     0.000     1.000 !c4h8o2-3
nc4ket12                      2   476.000     5.778     2.600     0.000     1.000 !
nc4ket13                      2   476.000     5.778     2.600     0.000     1.000 !
nc4ket14                      2   476.000     5.778     2.600     0.000     1.000 !
nc4ket21                      2   476.000     5.778     2.600     0.000     1.000 !
nc4ket23                      2   476.000     5.778     2.600     0.000     1.000 !
nc4ket24                      2   476.000     5.778     2.600     0.000     1.000 !
c4h71-3ooh                    2   496.000     5.200     0.000     0.000     1.000 !c4h8o2-3
c4h71-3,4ooh                  2   496.000     5.200     0.000     0.000     1.000 !c4h8ooh1-2o2
c4h72-3,4ooh                  2   496.000     5.200     0.000     0.000     1.000 !c4h8ooh1-2o2
ho2ch2cho                     2   275.049     5.428     0.000     0.000     1.000 !o2ch2cho
ic4h10                        2   335.700     5.208     0.100     0.000     1.000 !
ic4h9                         2   352.000     5.240     0.000     0.000     1.000 !
tc4h9                         2   352.000     5.240     0.000     0.000     1.000 !
tc4h9o                        2   496.000     5.200     0.000     0.000     1.000 !
ic4h9o                        2   496.000     5.200     0.000     0.000     1.000 !
ic4h8o                        2   436.400     5.352     0.000     0.000     1.000 !
ic3h7cho                      2   436.400     5.352     0.000     0.000     1.000 !
ic3h7co                       2   436.400     5.352     0.000     0.000     1.000 !
ic3h6cho                      2   436.400     5.352     0.000     0.000     1.000 !
tc3h6cho                      2   436.400     5.352     0.000     0.000     1.000 !
ic3h5cho                      2   436.400     5.352     0.000     0.000     1.000 !
tc3h6o2cho                    2   436.400     5.352     0.000     0.000     1.000 !
ic3h5o2hcho                   2   436.400     5.352     0.000     0.000     1.000 !
tc3h6o2hco                    2   436.400     5.352     0.000     0.000     1.000 !
tc3h6ocho                     2   436.400     5.352     0.000     0.000     1.000 !
ic3h6co                       2   436.400     5.352     0.000     0.000     1.000 !
ic3h5co                       2   436.400     5.352     0.000     0.000     1.000 !
ic3h4cho-a                    2   436.400     5.352     0.000     0.000     1.000 !ic3h5co
sc4h7oh-i                     2   436.400     5.352     0.000     0.000     1.000 !ic4h8o
ic4h9o2                       2   502.252     5.430     0.000     0.000     0.000 !
tc4h9o2                       2   502.252     5.430     0.000     0.000     0.000 !
ic4h8o2h-i                    2   502.200     5.356     1.800     0.000     1.000 !
ic4h8o2h-t                    2   502.200     5.356     1.800     0.000     1.000 !
tc4h8o2h-i                    2   502.200     5.356     1.800     0.000     1.000 !
cc4h8o                        2   444.197     5.063     0.000     0.000     0.000 !
ic4h8ooh-io2                  2   600.078     6.009     0.000     0.000     0.000 !
ic4h8ooh-to2                  2   600.078     6.009     0.000     0.000     0.000 !
tc4h8ooh-io2                  2   600.078     6.009     0.000     0.000     0.000 !
ic4ketii                      2   549.655     5.716     0.000     0.000     0.000 !
ic4ketit                      2   549.655     5.716     0.000     0.000     0.000 !
tic4h7q2-i                    2   600.078     6.009     0.000     0.000     0.000 !
iic4h7q2-i                    2   600.078     6.009     0.000     0.000     0.000 !
iic4h7q2-t                    2   600.078     6.009     0.000     0.000     0.000 !
ic4h7ooh                      2   436.400     5.352     0.000     0.000     1.000 !
ic4h9o2h                      2   505.540     5.450     0.000     0.000     0.000 !
tc4h9o2h                      2   505.540     5.450     0.000     0.000     0.000 !
ic4h8                         2   344.500     5.089     0.500     0.000     1.000 !
ic4h7                         2   355.000     4.650     0.000     0.000     1.000 !
ic4h7-i1                      2   380.022     4.633     0.000     0.000     0.000 !
ic4h7o2                       2   436.400     5.352     0.000     0.000     1.000 !tc3h6ocho
ic4h6ooh-i                    2   436.400     5.352     0.000     0.000     1.000 !tc3h6ocho
ccyccooc-t1                   2   436.400     5.352     0.000     0.000     1.000 !tc3h6ocho
c2cycooc-i1                   2   436.400     5.352     0.000     0.000     1.000 !tc3h6ocho
ic4h7o                        2   496.000     5.200     0.000     0.000     1.000 !
cvcyccoc                      2   436.400     5.352     0.000     0.000     1.000 !ic3h6co
ccyc2oco                      2   436.400     5.352     0.000     0.000     1.000 !tc3h6ocho
ccyccooc-i2                   2   436.400     5.352     0.000     0.000     1.000 !tc3h6ocho
choic3h6o                     2   436.400     5.352     0.000     0.000     1.000 !tc3h6ocho
ic3h5ooch2                    2   436.400     5.352     0.000     0.000     1.000 !tc3h6ocho
ccycco-t1                     2   411.000     4.820     0.000     0.000     1.000 !c3h5o
ic4h8oh-it                    2   496.000     5.200     0.000     0.000     1.000 !pc4h9o
ic4h8oh-ti                    2   496.000     5.200     0.000     0.000     1.000 !pc4h9o
ic4h7oh                       2   502.200     5.356     1.800     0.000     1.000 !
ic4h8oh                       2   496.000     5.200     0.000     0.000     1.000 !
ic4h6oh                       2   502.200     5.356     1.800     0.000     1.000 !
tqjc4h8oh                     2   502.200     5.356     1.800     0.000     1.000 !c4h8oh-1o2
tqc4h8oi                      2   502.200     5.356     1.800     0.000     1.000 !c4h8oh-1o2
qc4h7ohp                      2   502.200     5.356     1.800     0.000     1.000 !c4h8oh-1o2
tqc4h7ohi                     2   502.200     5.356     1.800     0.000     1.000 !c4h8oh-1o2
ccy(cco)coh                   2   436.400     5.352     0.000     0.000     1.000 !ic4h7ooh
c2cy(coc)oh                   2   436.400     5.352     0.000     0.000     1.000 !ic4h7ooh
iqjc4h8oh                     2   502.200     5.356     1.800     0.000     1.000 !c4h8oh-1o2
ic3h6ohcho                    2   436.400     5.352     0.000     0.000     1.000 !ic4h7ooh
iqc4h8ot                      2   502.200     5.356     1.800     0.000     1.000 !c4h8oh-1o2
iqc4h7oht                     2   502.200     5.356     1.800     0.000     1.000 !c4h8oh-1o2
ccy(ccoc)oh                   2   436.400     5.352     0.000     0.000     1.000 !ic4h7ooh
ch2cohch2ooh                  2   464.200     5.009     2.600     0.000     1.000 !c3ket12
tc3h6oh                       2   459.500     5.036     1.700     0.000     1.000 !
tqc4h7ohio2                   2   523.200     5.664     1.700     0.000     1.000 !c5h10ooh1-2o2
tqc4h7ohto2                   2   523.200     5.664     1.700     0.000     1.000 !c5h10ooh1-2o2
tqc4h7ohiq-i                  2   523.200     5.664     1.700     0.000     1.000 !c5h10ooh1-2o2
tqc4h7ohiq-p                  2   523.200     5.664     1.700     0.000     1.000 !c5h10ooh1-2o2
ic3h5cohq                     2   476.000     5.778     2.600     0.000     1.000 !nc4ket12
ch2cqcohq                     2   496.000     5.200     0.000     0.000     1.000 !c4h8ooh1-2o2
ic3h5q                        2   481.500     4.997     1.700     0.000     1.000 !ac3h5ooh
cohqcyc(coc)                  2   597.176     5.992     0.000     0.000     0.000 !ic4h6q2-ii
qcyc(ccoc)oh                  2   597.176     5.992     0.000     0.000     0.000 !ic4h6q2-ii
hococq(ch3)2                  2   597.176     5.992     0.000     0.000     0.000 !ic4h6q2-ii
iqc4h7ohto2                   2   523.200     5.664     1.700     0.000     1.000 !c5h10ooh1-2o2
iqc4h8otq-i                   2   523.200     5.664     1.700     0.000     1.000 !c5h10ooh1-2o2
iqc4h7ohtq-p                  2   523.200     5.664     1.700     0.000     1.000 !c5h10ooh1-2o2
choc(ch3)ohch2q               2   597.176     5.992     0.000     0.000     0.000 !ic4h6q2-ii
co(ch2ooh)2                   2   496.000     5.200     0.000     0.000     1.000 !c4h8ooh1-2o2
ch3cocho                      2   301.658     5.310     0.000     0.000     1.000 !c3h3o2h
ic3h5och2                     2   496.000     5.200     0.000     0.000     1.000 !c4h7o
ic4h7ooch3                    2   523.200     5.664     1.700     0.000     1.000 !c5h10ooh1-2o2
ic4h7ooic4h7                  2   523.200     5.664     1.700     0.000     1.000 !c5h10ooh1-2o2
c4h8-1                        2   355.000     4.650     0.000     0.000     1.000 !
c4h8-2                        2   355.000     4.650     0.000     0.000     1.000 !
c4h71-1                       2   357.100     4.720     0.000     0.000     1.000 !
c4h71-2                       2   357.100     4.720     0.000     0.000     1.000 !
c4h71-3                       2   357.100     4.720     0.000     0.000     1.000 !
c4h71-4                       2   357.100     4.720     0.000     0.000     1.000 !
c4h72-2                       2   357.100     4.720     0.000     0.000     1.000 !
c4h71-o                       2   496.000     5.200     0.000     0.000     1.000 !
pc4h8oh-2                     2   496.000     5.200     0.000     0.000     1.000 !pc4h9o
sc4h8oh-1                     2   496.000     5.200     0.000     0.000     1.000 !pc4h9o
sc4h8oh-3                     2   496.000     5.200     0.000     0.000     1.000 !pc4h9o
c4h71-3oh                     2   436.400     5.352     0.000     0.000     1.000 !ic4h8o
c4h71-4oh                     2   436.400     5.352     0.000     0.000     1.000 !ic4h8o
c4h71-1oh                     2   436.400     5.352     0.000     0.000     1.000 !ic4h8o
c4h71-2oh                     2   436.400     5.352     0.000     0.000     1.000 !ic4h8o
c4h72-1oh                     2   436.400     5.352     0.000     0.000     1.000 !ic4h8o
c4h72-2oh                     2   436.400     5.352     0.000     0.000     1.000 !ic4h8o
sqc4h8op                      2   502.200     5.356     1.800     0.000     1.000 !c4h8oh-1o2
pqc4h8os                      2   502.200     5.356     1.800     0.000     1.000 !c4h8oh-1o2
pqc4h7ohs-3                   2   502.200     5.356     1.800     0.000     1.000 !c4h8oh-1o2
nc4ket12oh                    2   436.400     5.352     0.000     0.000     1.000 !ic4h7ooh
sqc4h7ohs-4                   2   502.200     5.356     1.800     0.000     1.000 !c4h8oh-1o2
sqc4h8os                      2   502.200     5.356     1.800     0.000     1.000 !c4h8oh-1o2
nc4ket23oh                    2   436.400     5.352     0.000     0.000     1.000 !ic4h7ooh
sc4h8oh-3o2                   2   502.200     5.356     1.800     0.000     1.000 !c4h8oh-1o2
ccy(cocc)oh                   2   436.400     5.352     0.000     0.000     1.000 !ic4h7ooh
c4h7o2-1                      2   436.400     5.352     0.000     0.000     1.000 !ic4h7ooh
c4h6-1                        2   357.000     4.720     0.000     0.000     1.000 !c4h6
ac3h5och2                     2   523.200     5.664     1.700     0.000     1.000 !sc3h5och2
c5h10-2                       2   396.800     5.458     0.000     0.000     1.000 !
cc5h10                        2   437.102     5.017     0.000     0.000     0.000 !
c6h10d24                      2   337.788     5.608     0.000     0.000     1.000 !c6h10
c5h91-3                       2   396.800     5.458     0.000     0.000     1.000 !
c5h92-4                       2   396.800     5.458     0.000     0.000     1.000 !
c5h92-5                       2   396.800     5.458     0.000     0.000     1.000 !
c5h91-4                       2   396.800     5.458     0.000     0.000     1.000 !
c5h91-5                       2   396.800     5.458     0.000     0.000     1.000 !
c5h9o2-4                      2   523.200     5.664     1.700     0.000     1.000 !
sc3h5och2-1                   2   496.000     5.200     0.000     0.000     1.000 !c4h7o
c8h141-5,3-4                  2   464.800     5.290     0.000    10.320     0.000 !c6h5ooh
c8h141-5,3                    2   464.800     5.290     0.000    10.320     0.000 !c6h5ooh
c8h142-6                      2   464.800     5.290     0.000    10.320     0.000 !c6h5ooh
c8h131-5,3-4,ta               2   395.000     4.037     1.300     0.000     1.000 !o2ch2och2o2h
c8h131-5,3,ta                 2   395.000     4.037     1.300     0.000     1.000 !o2ch2och2o2h
c8h131-5,3,sa                 2   395.000     4.037     1.300     0.000     1.000 !o2ch2och2o2h
c8h131-5,3,pa                 2   395.000     4.037     1.300     0.000     1.000 !o2ch2och2o2h
c8h132-6,sa                   2   395.000     4.037     1.300     0.000     1.000 !o2ch2och2o2h
c8h132-6,pa                   2   395.000     4.037     1.300     0.000     1.000 !o2ch2och2o2h
c6h101-3,3                    2   337.788     5.608     0.000     0.000     1.000 !c6h10
c8h131-5,3-4,tao              2   581.300     6.506     2.000     0.000     1.000 !nc7ket12
c8h131-5,3,tao                2   581.300     6.506     2.000     0.000     1.000 !nc7ket12
c8h131-5,3,sao                2   581.300     6.506     2.000     0.000     1.000 !nc7ket12
c8h131-5,3,pao                2   581.300     6.506     2.000     0.000     1.000 !nc7ket12
c8h132-6,sao                  2   581.300     6.506     2.000     0.000     1.000 !nc7ket12
c8h132-6,pao                  2   581.300     6.506     2.000     0.000     1.000 !nc7ket12
c7h111-5,3,6p                 2   450.000     5.500     0.000     0.000     1.000 !c6h5oh
c7h111-5,1p                   2   450.000     5.500     0.000     0.000     1.000 !c6h5oh
c4h64,2-1oh                   2   496.000     5.200     0.000     0.000     1.000 !c4h7o
c4h63,1-1oh                   2   496.000     5.200     0.000     0.000     1.000 !c4h7o
c4h63,1-3oh                   2   496.000     5.200     0.000     0.000     1.000 !c4h7o
c4h63,1-2oh                   2   496.000     5.200     0.000     0.000     1.000 !c4h7o
c4h5oh-13                     2   436.400     5.352     0.000     0.000     1.000 !ic3h6co
sqc4h7ohp-4                   2   502.200     5.356     1.800     0.000     1.000 !c4h8oh-1o2
cy(ccco)coh                   2   436.400     5.352     0.000     0.000     1.000 !ic4h7ooh
nc4ket21oh                    2   436.400     5.352     0.000     0.000     1.000 !ic4h7ooh
c2h5chohco                    2   436.400     5.352     0.000     0.000     1.000 !tc3h6ocho
ch3cocohch3                   2   436.400     5.352     0.000     0.000     1.000 !tc3h6ocho
c2h4coch2oh                   2   436.400     5.352     0.000     0.000     1.000 !tc3h6ocho
ch3cohco                      2   301.658     5.310     0.000     0.000     1.000 !c3h3o2h
ch2cohcho                     2   301.658     5.310     0.000     0.000     1.000 !c3h3o2h
sqc4h7ohp-4o2                 2   523.200     5.664     1.700     0.000     1.000 !c5h10ooh1-2o2
pqc4h7ohs-3o2                 2   523.200     5.664     1.700     0.000     1.000 !c5h10ooh1-2o2
sqc4h7ohs-4o2                 2   523.200     5.664     1.700     0.000     1.000 !c5h10ooh1-2o2
c4h7o2-1,3ooh                 2   523.200     5.664     1.700     0.000     1.000 !c5h10ooh1-2o2
nc4ket13oh-2                  2   597.176     5.992     0.000     0.000     0.000 !ic4h6q2-ii
nc4ket24oh-1                  2   597.176     5.992     0.000     0.000     0.000 !ic4h6q2-ii
nc4ket24oh-3                  2   597.176     5.992     0.000     0.000     0.000 !ic4h6q2-ii
c4h6ohooh1-4-3                2   476.000     5.778     2.600     0.000     1.000 !nc4ket12
c4h6ohooh2-2-1                2   476.000     5.778     2.600     0.000     1.000 !nc4ket12
c4h6ohooh1-3-4                2   476.000     5.778     2.600     0.000     1.000 !nc4ket12
c4h6ohooh1-2-3                2   476.000     5.778     2.600     0.000     1.000 !nc4ket12
hoch2cho                      2   395.000     4.037     1.300     0.000     1.000 !ch3ocho
c4h71-4ooh                    2   496.000     5.200     0.000     0.000     1.000 !c4h8o2-3
c4h71-4o2                     2   436.400     5.352     0.000     0.000     1.000 !tc3h6ocho
c4h61-3ooh4                   2   436.400     5.352     0.000     0.000     1.000 !tc3h6ocho
c4h6o1-3ooh4                  2   436.400     5.352     0.000     0.000     1.000 !tc3h6o2cho
c4h6o2-1ooh4                  2   436.400     5.352     0.000     0.000     1.000 !tc3h6o2cho
hoch2coch2                    2   447.639     5.086     0.000     0.000     0.000 !ch3coch2o
hoch2co                       2   436.000     3.970     0.000     0.000     2.000 !ch3co2
hochcho                       2   436.000     3.970     0.000     0.000     2.000 !ch3co2
pc3h4oh-3                     2   411.000     4.820     0.000     0.000     1.000 !c3h5o
pc3h4oh-1                     2   411.000     4.820     0.000     0.000     1.000 !c3h5o
ch3cochoh                     2   447.639     5.086     0.000     0.000     0.000 !ch3coch2o
sc2h2oh                       2   436.000     3.970     0.000     0.000     2.000 !ch3co
pc4h8oh-1                     2   496.000     5.200     0.000     0.000     1.000 !pc4h9o
pc4h8oh-3                     2   496.000     5.200     0.000     0.000     1.000 !pc4h9o
c4h7o1-4                      2   476.000     5.778     2.600     0.000     1.000 !
pc4h8oh-4                     2   496.000     5.200     0.000     0.000     1.000 !pc4h9o
sc4h8oh-2                     2   496.000     5.200     0.000     0.000     1.000 !pc4h9o
ch2cohco                      2   435.200     4.662     2.700     0.000     1.000 !hoc*ccj*o
c4h72-2o2                     2   436.400     5.352     0.000     0.000     1.000 !tc3h6ocho
c4h71-1o2                     2   436.400     5.352     0.000     0.000     1.000 !tc3h6ocho
c4h71-2o2                     2   436.400     5.352     0.000     0.000     1.000 !tc3h6ocho
c3h6oh1-1                     2   481.500     4.997     1.700     0.000     1.000 !nc3h7o
pc4h8oh-2o2                   2   502.200     5.356     1.800     0.000     1.000 !c4h8oh-1o2
sc4h8oh-1o2                   2   502.200     5.356     1.800     0.000     1.000 !c4h8oh-1o2
c4h71-3ooch3                  2   523.200     5.664     1.700     0.000     1.000 !c5h10ooh1-2o2
c4h72-1ooch3                  2   523.200     5.664     1.700     0.000     1.000 !c5h10ooh1-2o2
c4h6                          2   357.000     4.720     0.000     0.000     1.000 !
c4h612                        2   357.000     5.180     0.000     0.000     1.000 !
c4h6-2                        2   357.000     5.180     0.000     0.000     1.000 !
c4h5-i                        2   357.000     5.180     0.000     0.000     1.000 !
c4h5-n                        2   357.000     5.180     0.000     0.000     1.000 !
c4h5-2                        2   357.000     5.180     0.000     0.000     1.000 !
c4h4                          2   357.000     5.180     0.000     0.000     1.000 !
c4h3-i                        2   357.000     5.180     0.000     0.000     1.000 !
c4h3-n                        2   357.000     5.180     0.000     0.000     1.000 !
c4h2                          1   357.000     4.720     0.000     0.000     1.000 !
c4h6o25                       1   357.000     5.180     0.000     0.000     1.000 !
c2h3choch2                    1   357.000     5.180     0.000     0.000     1.000 !
c4h4o                         1   357.000     5.180     0.000     0.000     1.000 !
c4h6o23                       1   357.000     5.180     0.000     0.000     1.000 !
ch2chchcho                    1   357.000     5.180     0.000     0.000     1.000 !
h2c4o                         2   357.000     5.180     0.000     0.000     1.000 !
nc3h7cho                      2   464.200     5.009     2.600     0.000     1.000 !
nc3h7co                       2   464.200     5.009     2.600     0.000     1.000 !
c3h6cho-1                     2   464.200     5.009     2.600     0.000     1.000 !
c3h6cho-2                     2   464.200     5.009     2.600     0.000     1.000 !
c3h6cho-3                     2   464.200     5.009     2.600     0.000     1.000 !
sc3h5cho                      2   464.200     5.009     2.600     0.000     1.000 !
sc3h5co                       2   464.200     5.009     2.600     0.000     1.000 !
c2h5coch3                     2   454.000     5.413     3.300     0.000     1.000 !
c2h5coch2                     2   454.000     5.413     3.300     0.000     1.000 !
ch2ch2coch3                   2   440.584     5.040     0.000     0.000     0.000 !
ch3chcoch3                    2   440.584     5.040     0.000     0.000     0.000 !
c2h3coch3                     2   454.000     5.413     3.300     0.000     1.000 !
ch3choococh3                  2   546.562     5.698     0.000     0.000     0.000 !
ch2choohcoch3                 2   546.562     5.698     0.000     0.000     0.000 !
c2h5chco                      2   436.950     5.016     0.000     0.000     0.000 !
ic4h6q2-ii                    2   597.176     5.992     0.000     0.000     0.000 !
c5h10-1                       2   386.200     5.489     0.400     0.000     1.000 !
c5h81-3                       2   408.000     5.200     0.000     0.000     1.000 !
c5h9o1-3                      2   523.200     5.664     1.700     0.000     1.000 !
bc5h10                        2   391.400     5.550     0.000     0.000     1.000 !
cc5h9-a                       2   396.800     5.458     0.000     0.000     1.000 !c5h91-3
cc5h9-b                       2   396.800     5.458     0.000     0.000     1.000 !c5h91-3
ac5h9o-c                      2   396.800     5.458     0.000     0.000     1.000 !c5h91-3
cc5h9o-b                      2   396.800     5.458     0.000     0.000     1.000 !c5h91-3
ac5h10                        2   386.600     5.532     0.500     0.000     1.000 !
ac5h9-a2                      2   396.800     5.458     0.000     0.000     1.000 !c5h91-3
ac5h9-c                       2   396.800     5.458     0.000     0.000     1.000 !c5h91-3
ac5h9-d                       2   396.800     5.458     0.000     0.000     1.000 !c5h91-3
b2e2m1oj                      2   523.200     5.664     1.700     0.000     1.000 !c5h9o1-3
b13de2m                       2   408.000     5.200     0.000     0.000     1.000 !c5h81-3
b13de2mj                      2   408.000     5.200     0.000     0.000     1.000 !c5h7
b12de3m                       2   408.000     5.200     0.000     0.000     1.000 !c5h81-3
b2e3m1oj                      2   523.200     5.664     1.700     0.000     1.000 !c5h9o1-3
tc4h8cho                      2   476.000     5.778     2.600     0.000     1.000 !
o2c4h8cho                     2   588.531     5.942     0.000     0.000     0.000 !
o2hc4h8co                     2   588.531     5.942     0.000     0.000     0.000 !
c6h101-5                      2   337.788     5.608     0.000     0.000     1.000 !c6h10
c6h9-a                        2   346.876     5.564     0.000     0.000     1.000 !
h15de25dm                     2   464.800     5.290     0.000    10.320     0.000 !c6h5ooh
h15de25dm-s                   2   395.000     4.037     1.300     0.000     1.000 !o2ch2och2o2h
h15de25dm-a                   2   395.000     4.037     1.300     0.000     1.000 !o2ch2och2o2h
h15de25dm-ao                  2   496.000     5.200     0.000     0.000     1.000 !c4h8ooh1-2o2
h15de25dm-so                  2   496.000     5.200     0.000     0.000     1.000 !c4h8ooh1-2o2
h15de2m-t                     2   450.000     5.500     0.000     0.000     1.000 !c6h5oh
ic4h7cho                      2   476.000     5.778     2.600     0.000     1.000 !
l-c6h4                        2   412.300     5.349     0.000     0.000     1.000 !
c-c6h4                        2   464.800     5.290     0.000    10.320     0.000 !
c6h3                          2   357.000     5.180     0.000     0.000     1.000 !
c6h2                          1   408.000     5.200     0.000     0.000     1.000 !
c6h6                          2   468.500     5.230     0.000    10.300     1.000 !
fulvene                       2   468.500     5.230     0.000     0.000     1.000 !
c6h5                          2   412.300     5.349     0.000     0.000     1.000 !
c6h5oo                        2   464.800     5.290     0.000    10.320     0.000 !
c6h5ooh                       2   464.800     5.290     0.000    10.320     0.000 !
c6h5oh                        2   450.000     5.500     0.000     0.000     1.000 !
c6h5o                         2   450.000     5.500     0.000     0.000     1.000 !
c6h4oh                        2   464.800     5.290     0.000    10.320     0.000 !
oc6h4oh                       2   621.100     5.640     0.000     0.000     1.000 !
o-c6h4o2                      2   450.000     5.500     0.000     0.000     1.000 !
p-c6h4o2                      2   450.000     5.500     0.000     0.000     1.000 !
o-oc6h5oj                     2   450.000     5.500     0.000     0.000     1.000 !
p-oc6h5oj                     2   450.000     5.500     0.000     0.000     1.000 !
p-c6h3o2                      2   450.000     5.500     0.000     0.000     1.000 !
c5h6                          1   408.000     5.200     0.000     0.000     1.000 !
c5h5                          1   408.000     5.200     0.000     0.000     1.000 !
c5h6-l                        2   408.000     5.200     0.000     0.000     1.000 !
c#ccvccj                      2   408.000     5.200     0.000     0.000     1.000 !
c5h7                          2   408.000     5.200     0.000     0.000     1.000 !
cvccjcvc                      2   408.000     5.200     0.000     0.000     1.000 !
cvccvccj                      2   408.000     5.200     0.000     0.000     1.000 !
cvccjcvcoh                    2   523.200     5.664     1.700     0.000     1.000 !
hocvccvo                      2   435.200     4.662     2.700     0.000     1.000 !
cvccvccoh                     2   523.200     5.664     1.700     0.000     1.000 !
oc5h7o                        2   496.000     5.200     0.000     0.000     1.000 !
oc4h6o                        2   496.000     5.200     0.000     0.000     1.000 !
oc4h5o                        2   496.000     5.200     0.000     0.000     1.000 !
o2cchooj                      2   470.600     4.410     0.000     0.000     1.500 !
hocvccjvo                     2   435.200     4.662     2.700     0.000     1.000 !
c5h5oh                        2   450.000     5.500     0.000     0.000     1.000 !
c5h5o                         2   450.000     5.500     0.000     0.000     1.000 !
c5h4oh                        2   450.000     5.500     0.000     0.000     1.000 !
c5h4o                         2   450.000     5.500     0.000     0.000     1.000 !
c5h3o                         2   511.398     5.357     0.000     0.000     1.000 !
cjvccvccvo                    2   523.200     5.664     1.700     0.000     1.000 !
cvccvccjvo                    2   523.200     5.664     1.700     0.000     1.000 !
cjvccvo                       2   443.200     4.120     0.000     0.000     1.000 !c2h3co
!species in dmc sub-mech
coc*ooc                       2   543.400     5.095     1.700     0.000     1.000 !   tc and pc from nist webbook (steele, chirico, et al., 1997)
coc*oocj                      2   543.400     5.095     1.700     0.000     1.000 !   coc*ooc
coc*ooj                       2   543.400     5.095     1.700     0.000     1.000 !   coc*ooc
coc*ooch                      2   543.400     5.095     1.700     0.000     1.000 !   coc*ooc