thermo all
  300.000  1000.000  5000.000
n2                000000n   2               g     300.0    4000.0  1000.0      1
      2.92664e0   1.4879768e-3    -5.68476e-7  1.0097038e-10  -6.753351e-15    2
    -9.227977e2     5.980528e0     3.298677e0   1.4082404e-3   -3.963222e-6    3
    5.641515e-9  -2.444854e-12   -1.0208999e3     3.950372e0                   4
ar                000000ar  1               g    300.00   4000.00 1000.00      1
 2.50000000e+00 0.00000000e+00 0.00000000e+00 0.00000000e+00 0.00000000e+00    2
-7.45375000e+02 4.36600000e+00 2.50000000e+00 0.00000000e+00 0.00000000e+00    3
 0.00000000e+00 0.00000000e+00-7.45375000e+02 4.36600000e+00                   4
he                000000he  1               g    300.00   4000.00 1000.00      1
 2.50000000e+00 0.00000000e+00 0.00000000e+00 0.00000000e+00 0.00000000e+00    2
-7.45375000e+02 9.15348900e-01 2.50000000e+00 0.00000000e+00 0.00000000e+00    3
 0.00000000e+00 0.00000000e+00-7.45375000e+02 9.15348800e-01                   4
o2                000000o   2               g     300.0    4000.0  1000.0      1
   3.28253784e0  1.48308754e-3 -7.57966669e-7 2.09470555e-10-2.16717794e-14    2
  -1.08845772e3   5.45323129e0   3.78245636e0 -2.99673416e-3  9.84730201e-6    3
 -9.68129509e-9 3.24372837e-12  -1.06394356e3   3.65767573e0                   4
o                 000000o   1               g     300.0    4000.0  1000.0      1
   2.56942078e0 -8.59741137e-5  4.19484589e-8-1.00177799e-11 1.22833691e-15    2
   2.92175791e4   4.78433864e0    3.1682671e0 -3.27931884e-3  6.64306396e-6    3
 -6.12806624e-9 2.11265971e-12   2.91222592e4   2.05193346e0                   4
oh                000000h   1o   1          g     300.0    4000.0  1000.0      1
   2.86472886e0  1.05650448e-3 -2.59082758e-7 3.05218674e-11-1.33195876e-15    2
   3.71885774e3   5.70164073e0   4.12530561e0 -3.22544939e-3  6.52764691e-6    3
 -5.79853643e-9 2.06237379e-12   3.38153812e3  -6.9043296e-1                   4
h2                000000h   2               g     300.0    4000.0  1000.0      1
    3.3372792e0 -4.94024731e-5  4.99456778e-7-1.79566394e-10 2.00255376e-14    2
  -9.50158922e2  -3.20502331e0   2.34433112e0  7.98052075e-3  -1.9478151e-5    3
  2.01572094e-8-7.37611761e-12  -9.17935173e2  6.83010238e-1                   4
h                 000000h   1               g     300.0    4000.0  1000.0      1
   2.50000001e0-2.30842973e-11 1.61561948e-14-4.73515235e-18 4.98197357e-22    2
   2.54736599e4 -4.46682914e-1          2.5e0 7.05332819e-13-1.99591964e-15    3
 2.30081632e-18-9.27732332e-22   2.54736599e4 -4.46682853e-1                   4
h2o               000000h   2o   1          g     300.0    4000.0  1000.0      1
   3.03399249e0  2.17691804e-3 -1.64072518e-7 -9.7041987e-11 1.68200992e-14    2
  -3.00042971e4    4.9667701e0   4.19864056e0  -2.0364341e-3  6.52040211e-6    3
 -5.48797062e-9 1.77197817e-12  -3.02937267e4 -8.49032208e-1                   4
ho2               000000h   1o   2          g     300.0    4000.0  1000.0      1
   4.17228741e0  1.88117627e-3 -3.46277286e-7 1.94657549e-11 1.76256905e-16    2
   3.10206839e1   2.95767672e0   4.30179807e0 -4.74912097e-3  2.11582905e-5    3
 -2.42763914e-8 9.29225225e-12   2.64018485e2    3.7166622e0                   4
h2o2              000000h   2o   2          g     300.0    4000.0  1000.0      1
   4.16500285e0  4.90831694e-3 -1.90139225e-6 3.71185986e-10-2.87908305e-14    2
  -1.78617877e4   2.91615662e0   4.27611269e0 -5.42822417e-4  1.67335701e-5    3
 -2.15770813e-8 8.62454363e-12  -1.77025821e4   3.43505074e0                   4
co                000000o   1c   1          g     300.0    4000.0  1000.0      1
   2.71518561e0  2.06252743e-3 -9.98825771e-7 2.30053008e-10-2.03647716e-14    2
  -1.41518724e4   7.81868772e0   3.57953347e0  -6.1035368e-4  1.01681433e-6    3
 9.07005884e-10-9.04424499e-13   -1.4344086e4   3.50840928e0                   4
co2               000000o   2c   1          g     300.0    4000.0  1000.0      1
   3.85746029e0  4.41437026e-3 -2.21481404e-6 5.23490188e-10-4.72084164e-14    2
   -4.8759166e4   2.27163806e0   2.35677352e0  8.98459677e-3 -7.12356269e-6    3
  2.45919022e-9-1.43699548e-13  -4.83719697e4   9.90105222e0                   4
hco               000000h   1o   1c   1     g     300.0    4000.0  1000.0      1
   2.77217438e0  4.95695526e-3 -2.48445613e-6 5.89161778e-10-5.33508711e-14    2
   4.01191815e3   9.79834492e0   4.22118584e0 -3.24392532e-3  1.37799446e-5    3
 -1.33144093e-8 4.33768865e-12   3.83956496e3   3.39437243e0                   4
txch2             000000h   2c   1          g     300.0    4000.0  1000.0      1
   2.87410113e0  3.65639292e-3 -1.40894597e-6 2.60179549e-10-1.87727567e-14    2
    4.6263604e4   6.17119324e0   3.76267867e0  9.68872143e-4  2.79489841e-6    3
 -3.85091153e-9 1.68741719e-12   4.60040401e4   1.56253185e0                   4
ch3               000000h   3c   1          g     300.0    4000.0  1000.0      1
    2.9781206e0    5.797852e-3    -1.97558e-6   3.072979e-10 -1.7917416e-14    2
    1.6509513e4    4.7224799e0    3.6571797e0   2.1265979e-3   5.4583883e-6    3
  -6.6181003e-9  2.4657074e-12    1.6422716e4    1.6735354e0                   4
ch4               000000h   4c   1          g     300.0    4000.0  1000.0      1
   1.65326226e0  1.00263099e-2 -3.31661238e-6 5.36483138e-10-3.14696758e-14    2
  -1.00095936e4   9.90506283e0   5.14911468e0 -1.36622009e-2  4.91453921e-5    3
 -4.84246767e-8 1.66603441e-11  -1.02465983e4  -4.63848842e0                   4
ch2o              000000h   2o   1c   1     g     300.0    4000.0  1000.0      1
   1.76069008e0  9.20000082e-3 -4.42258813e-6  1.00641212e-9 -8.8385564e-14    2
  -1.39958323e4    1.3656323e1   4.79372315e0 -9.90833369e-3  3.73220008e-5    3
 -3.79285261e-8 1.31772652e-11  -1.43089567e4    6.028129e-1                   4
sxch2             000000h   2c   1          g     300.0    4000.0  1000.0      1
   2.29203842e0  4.65588637e-3 -2.01191947e-6    4.17906e-10-3.39716365e-14    2
   5.09259997e4   8.62650169e0   4.19860411e0 -2.36661419e-3   8.2329622e-6    3
 -6.68815981e-9 1.94314737e-12   5.04968163e4 -7.69118967e-1                   4
ch3oh             000000h   4o   1c   1     g     300.0    4000.0  1000.0      1
   1.78970791e0  1.40938292e-2 -6.36500835e-6  1.38171085e-9 -1.1706022e-13    2
  -2.53748747e4   1.45023623e1   5.71539582e0 -1.52309129e-2  6.52441155e-5    3
 -7.10806889e-8 2.61352698e-11  -2.56427656e4  -1.50409823e0                   4
ch2oh             000000h   3o   1c   1     g     300.0    4000.0  1000.0      1
   3.69266569e0  8.64576797e-3  -3.7510112e-6 7.87234636e-10-6.48554201e-14    2
  -3.24250627e3   5.81043215e0   3.86388918e0  5.59672304e-3  5.93271791e-6    3
 -1.04532012e-8 4.36967278e-12  -3.19391367e3   5.47302243e0                   4
ch3o              000000h   3o   1c   1     g     300.0    4000.0  1000.0      1
     3.770799e0    7.871497e-3   -2.656384e-6   3.944431e-10  -2.112616e-14    2
    1.2783252e2     2.929575e0     2.106204e0    7.216595e-3    5.338472e-6    3
   -7.377636e-9    2.07561e-12     9.786011e2    1.3152177e1                   4
ocho              000000h   1o   2c   1     g     300.0    4000.0  1000.0      1
   2.99846322e0  9.93143566e-3 -5.29405621e-6  9.9066206e-10          0.0e0    2
  -2.06414991e4   9.08898989e0   1.35213452e0  1.50082004e-2 -1.09896141e-5    3
   3.7367984e-9-4.81014498e-13  -2.02253647e4   1.74373147e1                   4
hocho             000000h   2o   2c   1     g     300.0    4000.0  1000.0      1
   2.71806922e0  1.23155199e-2 -6.02976465e-6  1.06137058e-9          0.0e0    2
  -4.67812848e4   1.08043488e1   1.43548185e0  1.63363016e-2 -1.06257421e-5    3
  3.32132977e-9-4.02176103e-13  -4.64616504e4   1.72885798e1                   4
hcco              000000h   1o   1c   2     g     300.0    4000.0  1000.0      1
    5.6282058e0   4.0853401e-3  -1.5934547e-6  2.8626052e-10 -1.9407832e-14    2
    1.9327215e4   -3.9302595e0    2.2517214e0   1.7655021e-2  -2.3729101e-5    3
   1.7275759e-8 -5.0664811e-12    2.0059449e4    1.2490417e1                   4
ch3co             000000c   2o   1h   3     g    300.00   4000.00 1000.00      1
 5.61227900e+00 8.44988600e-03-2.85414700e-06 4.23837600e-10-2.26840400e-14    2
-5.18786300e+03-3.27494900e+00 3.12527800e+00 9.77822000e-03 4.52144800e-06    3
-9.00946200e-09 3.19371800e-12-4.10850800e+03 1.12288500e+01                   4
ch2co             000000h   2o   1c   2     g     300.0    4000.0  1000.0      1
   4.51129732e0  9.00359745e-3 -4.16939635e-6 9.23345882e-10-7.94838201e-14    2
  -7.55105311e3  6.32247205e-1    2.1358363e0  1.81188721e-2 -1.73947474e-5    3
  9.34397568e-9-2.01457615e-12  -7.04291804e3    1.2215648e1                   4
ch3o2             000000h   3o   2c   1     g     300.0    4000.0  1000.0      1
   5.92505819e0  9.00194542e-3 -3.24254309e-6 5.24362718e-10-3.14263003e-14    2
  -1.53258958e3  -4.93669747e0   4.76597792e0 -3.51077148e-3  4.54394152e-5    3
 -5.66763729e-8 2.21591482e-11  -4.82401289e2   4.76095141e0                   4
ch3o2h            000000h   4o   2c   1     g     300.0    4000.0  1000.0      1
   4.46640989e0  1.51021326e-2 -6.80105535e-6  1.13252538e-9          0.0e0    2
  -1.80236075e4   3.04195823e0   3.23442817e0  1.90129767e-2 -1.13386287e-5    3
  3.40306653e-9-4.11830222e-13  -1.77197926e4   9.25623949e0                   4
c2h2              000000h   2c   2          g     300.0    4000.0  1000.0      1
   4.14756964e0  5.96166664e-3 -2.37294852e-6 4.67412171e-10-3.61235213e-14    2
   2.59359992e4  -1.23028121e0  8.08681094e-1  2.33615629e-2 -3.55171815e-5    3
  2.80152437e-8-8.50072974e-12   2.64289807e4   1.39397051e1                   4
c2h3              000000h   3c   2          g     300.0    4000.0  1000.0      1
     3.016724e0  1.03302292e-2 -4.68082349e-6  1.01763288e-9-8.62607041e-14    2
   3.46128739e4   7.78732378e0   3.21246645e0  1.51479162e-3  2.59209412e-5    3
 -3.57657847e-8 1.47150873e-11   3.48598468e4   8.51054025e0                   4
c2h4              000000h   4c   2          g     300.0    4000.0  1000.0      1
   2.03611116e0  1.46454151e-2 -6.71077915e-6  1.47222923e-9-1.25706061e-13    2
   4.93988614e3   1.03053693e1   3.95920148e0 -7.57052247e-3  5.70990292e-5    3
 -6.91588753e-8 2.69884373e-11   5.08977593e3   4.09733096e0                   4
c2h5              000000h   5c   2          g     300.0    4000.0  1000.0      1
   1.95465642e0  1.73972722e-2 -7.98206668e-6  1.75217689e-9-1.49641576e-13    2
     1.285752e4   1.34624343e1   4.30646568e0 -4.18658892e-3  4.97142807e-5    3
 -5.99126606e-8 2.30509004e-11   1.28416265e4   4.70720924e0                   4
c2h6              000000h   6c   2          g     300.0    4000.0  1000.0      1
    1.0718815e0  2.16852677e-2 -1.00256067e-5  2.21412001e-9 -1.9000289e-13    2
  -1.14263932e4   1.51156107e1   4.29142492e0  -5.5015427e-3  5.99438288e-5    3
 -7.08466285e-8 2.68685771e-11  -1.15222055e4   2.66682316e0                   4
ch2cho            000000h   3o   1c   2     g     300.0    4000.0  1000.0      1
   2.42606357e0  1.72400021e-2 -9.77132119e-6  2.66555672e-9-2.82120078e-13    2
    8.3310699e2   1.26038737e1   1.09685733e0  2.20228796e-2 -1.44583444e-5    3
  3.00779578e-9 6.08992877e-13   1.06943322e3   1.90094813e1                   4
ch3cho            000000h   4o   1c   2     g     300.0    4000.0  1000.0      1
   2.68543112e0  1.76802373e-2 -8.65402739e-6  2.03680589e-9-1.87630935e-13    2
  -2.21653701e4   1.11635653e1   1.40653856e0  2.16984438e-2 -1.47573265e-5    3
  7.30435478e-9-2.09119467e-12  -2.17973223e4   1.77513265e1                   4
ch3och2           000000h   5o   1c   2     g     300.0    4000.0  1000.0      1
   2.88564016e0  2.00972128e-2 -8.86437198e-6   1.4375775e-9          0.0e0    2
   -1.1603991e3   1.18400146e1   2.91327415e0  2.03364659e-2 -9.59712342e-6    3
  2.07478525e-9-1.71343362e-13   -1.1884424e3   1.16066817e1                   4
ch3och2o2         000000h   5o   3c   2     g     300.0    4000.0  1000.0      1
   6.77859461e0  2.16883731e-2  -9.5910016e-6  1.56766855e-9          0.0e0    2
   -2.0577339e4  -3.70123048e0   2.21029612e0  3.68877454e-2 -2.82561555e-5    3
  1.15730533e-8 -1.9713047e-12   -1.9494094e4   1.91463601e1                   4
ch3ocho           000000h   4o   2c   2     g     300.0    4000.0  1000.0      1
   1.62368619e0  2.51546964e-2 -1.25731488e-5  2.24534252e-9          0.0e0    2
  -4.38326475e4   1.98876954e1   3.08839783e0  2.03760048e-2  -6.8477704e-6    3
-7.28186203e-10 5.62130216e-13  -4.41855167e4   1.25364719e1                   4
ch2och2o2h        000000h   5o   3c   2     g     300.0    4000.0  1000.0      1
   9.67966551e0  1.88443697e-2 -8.69141828e-6  1.46802868e-9          0.0e0    2
   -1.6139462e4  -1.81373903e1   2.52895507e0   4.2412829e-2 -3.73406386e-5    3
  1.66639333e-8-2.96443312e-12  -1.44293306e4   1.76899251e1                   4
axc3h4            000000c   3h   4          g    300.00   4000.00 1000.00      1
 2.56128757e+00 1.95080128e-02-1.04061366e-05 2.70165173e-09-2.75074329e-13    2
 2.13894289e+04 9.20550397e+00 3.68928265e-01 2.89351397e-02-2.44386408e-05    3
 1.12547166e-08-2.03040262e-12 2.17585256e+04 1.95267211e+01                   4
axc3h5            000000c   3h   5          g    300.00   4000.00 1000.00      1
 2.28794927e+00 2.36401575e-02-1.27891450e-05 3.36838540e-09-3.47449449e-13    2
 1.83033514e+04 1.14063418e+01-1.03516444e+00 3.75043366e-02-3.26381242e-05    3
 1.47662613e-08-2.43741154e-12 1.88792254e+04 2.71451071e+01                   4
c3h5o             000000c   3o   1h   5     g    300.00   4000.00 1000.00      1
 3.39074577e+00 2.41301620e-02-1.13650894e-05 1.97900938e-09 0.00000000e+00    2
 9.00757452e+03 1.03459501e+01 1.19822582e+00 3.05579837e-02-1.80630276e-05    3
 4.86150033e-09-4.19854562e-13 9.58217784e+03 2.15566221e+01                   4
c3h6              000000c   3h   6          g    300.00   4000.00 1000.00      1
 4.71697982e-01 2.89513070e-02-1.56601819e-05 4.11443199e-09-4.23075141e-13    2
 1.12603387e+03 2.15237289e+01-2.29261670e-03 3.10261065e-02-1.67151548e-05    3
 1.89594170e-09 1.24957915e-12 1.13437406e+03 2.35719601e+01                   4
nxc3h7            000000c   3h   7          g    300.00   4000.00 1000.00      1
 7.70404050e+00 1.60415400e-02-5.28159670e-06 7.62544030e-10-3.93534620e-14    2
 8.29795310e+03-1.54875140e+01 1.04754730e+00 2.60077940e-02 2.35622520e-06    3
-1.95923170e-08 9.36801160e-12 1.06326370e+04 2.11418760e+01                   4
ch3och2och3       000000h   8o   2c   3     g     300.0    4000.0  1000.0      1
   3.62900361e0  3.61977371e-2 -1.81547692e-5  4.28375225e-9-3.85037027e-13    2
  -4.35509717e4    1.0420876e1   5.38872321e0  1.38240288e-2  6.29873619e-5    3
 -9.79182636e-8 4.12888364e-11  -4.39554849e4   3.71667659e0                   4
ch3och2och2       000000h   7o   2c   3     g     300.0    4000.0  1000.0      1
   8.07320728e0  2.54135929e-2 -1.20542654e-5  2.71647731e-9-2.35424292e-13    2
  -2.23247764e4  -1.15177413e1   2.74029708e0  4.21443596e-2 -2.23048959e-5    3
 -5.64292124e-9 6.97674816e-12  -2.12929577e4   1.46986688e1                   4
ch3ochoch3        000000h   7o   2c   3     g     300.0    4000.0  1000.0      1
   6.35183807e0  2.70351735e-2 -1.24198687e-5  2.71354721e-9-2.28721159e-13    2
  -2.16781244e4 -6.39037689e-1   5.05574228e0  2.76444811e-2 -3.88680706e-6    3
 -1.09961155e-8 5.63466819e-12  -2.12762985e4   6.54227673e0                   4
ch3och2och2oo     000000h   7o   4c   3     g     300.0    4000.0  1000.0      1
   7.08747689e0  3.68916645e-2 -1.92018331e-5  4.65227368e-9-4.26107314e-13    2
  -3.91759573e4 -5.97296073e-1   5.24447573e0  3.18034731e-2  3.34976951e-5    3
  -7.8110204e-8 3.65680347e-11  -3.90635789e4   9.21108921e0                   4
ch3ochoch2ooh     000000h   7o   4c   3     g     300.0    4000.0  1000.0      1
   1.59284733e1  2.47042437e-2 -1.24602322e-5  2.93282098e-9-2.61835776e-13    2
  -3.83774171e4   -5.1877649e1   4.74125379e0  4.52484165e-2  -4.5865906e-6    3
 -2.96981026e-8 1.51384929e-11   -3.5009166e4   7.94682431e0                   4
ch3ocoohoch2ooh   000000h   7o   6c   3     g     300.0    4000.0  1000.0      1
   2.37470096e1    1.598531e-2 -5.54395701e-6 8.69813906e-10 -5.0867717e-14    2
  -6.17889332e4  -8.62573772e1   6.04300885e0  5.47064855e-2 -3.66737725e-5    3
  1.17222585e-8-1.42005744e-12  -5.54264552e4   9.68071125e0                   4
ch3ocoohhocho     000000h   6o   5c   3     g     300.0    4000.0  1000.0      1
   2.16856797e1   1.3954684e-2 -5.03785319e-6 8.10886544e-10-4.82440979e-14    2
  -7.64785897e4  -7.95150166e1   5.67373958e0  3.85165468e-2 -1.01688316e-5    3
 -6.02742291e-9 2.67395272e-12  -6.98003075e4   1.07610148e1                   4
ch3ocohocho       000000h   5o   4c   3     g     300.0    4000.0  1000.0      1
   1.56804185e1  1.46624894e-2 -5.24580703e-6 8.39260561e-10 -4.9720821e-14    2
  -5.55668577e4  -4.87898867e1   1.03910768e1  6.41936843e-3  2.69942204e-5    3
 -2.47429766e-8 6.16028815e-12  -5.16836234e4  -1.30928597e1                   4
c3h6o3cy13        000000h   6o   3c   3     g     300.0    4000.0  1000.0      1
   1.34879251e1  1.70057817e-2 -5.78095877e-6 8.94042654e-10-5.17377458e-14    2
  -4.98955103e4  -4.46326836e1  2.93234203e-1  4.37049417e-2 -2.39265547e-5    3
   5.1201861e-9-1.08016444e-13  -4.49891968e4   2.75450594e1                   4
pode2             -thermh  10o   3c   4     g     300.0    5000.0  1678.0      1
   1.35682296e1   2.8379512e-2 -1.00569851e-5  1.60429354e-9-9.49781308e-14    2
  -6.94390858e4  -3.95282484e1   6.35090292e0  3.58602091e-2 -5.48012551e-6    3
 -5.39773926e-9  1.7793673e-12  -6.61770123e4   2.37943441e0                   4
pode2rx1          -thermh   9o   3c   4     g     300.0    5000.0  1681.0      1
   1.32488463e1  2.57814762e-2 -9.07414971e-6  1.44055358e-9-8.49878594e-14    2
  -4.63396459e4  -3.43998063e1   6.19541939e0  3.54396055e-2 -9.26122795e-6    3
 -2.40783954e-9 1.12062164e-12  -4.33866182e4   5.70276361e0                   4
pode2rx3          -thermh   9o   3c   4     g     300.0    5000.0  1682.0      1
   1.36680886e1  2.56865783e-2 -9.10701267e-6  1.45320026e-9-8.60508534e-14    2
    -4.709856e4  -3.77057497e1   7.42805264e0  3.17342632e-2 -4.36247406e-6    3
 -5.07746486e-9 1.62831056e-12  -4.42316066e4  -1.31154295e0                   4
pode2roox1        -thermh   9o   5c   4     g     300.0    5000.0  1367.0      1
   2.14378542e1  2.21973634e-2 -7.50542351e-6  1.15750514e-9-6.68833915e-14    2
  -6.99987711e4  -7.44390726e1   6.76994883e0  4.97029938e-2 -2.42314556e-5    3
  4.17661957e-9 1.08115551e-13   -6.4208034e4   6.77281941e0                   4
pode2qoohx3x1     -thermh   9o   5c   4     g     300.0    5000.0  1377.0      1
   2.42017616e1  2.09205168e-2 -7.38465769e-6  1.17112115e-9-6.89651975e-14    2
  -6.60647115e4  -8.96505068e1   3.60762803e0  6.86158445e-2  -5.1082418e-5    3
  2.01855044e-8-3.37090939e-12  -5.87148789e4   2.13679844e1                   4
pode2x1oohx3oo    -thermh   9o   7c   4     g     300.0    5000.0  1375.0      1
   2.71448516e1  2.30194952e-2 -8.09052793e-6  1.27925123e-9-7.51734342e-14    2
  -8.56669105e4  -9.93357496e1   7.58953019e0  6.55914868e-2 -4.39429275e-5    3
  1.54486374e-8-2.32250502e-12  -7.84076784e4   7.06028427e0                   4
pode2xket1x3      000000h   8o   6c   4     g     300.0    5000.0  1498.0      1
   2.64078211e1  1.95283093e-2 -7.01671558e-6  1.12585277e-9-6.68365918e-14    2
  -1.09438311e5  -1.02687769e2   7.84291589e0  4.57764356e-2 -8.95444665e-6    3
 -9.17368406e-9 3.55055362e-12  -1.01398708e5   2.89795095e0                   4
ch3och2ocho       000000h   6o   3c   3     g     300.0    5000.0  1497.0      1
   1.48979349e1  1.52330024e-2 -5.42079146e-6 8.64224744e-10-5.10769229e-14    2
  -7.08248509e4  -5.05255661e1   4.80000416e0  2.49195703e-2  2.88751756e-6    3
  -1.1079233e-8 3.34307649e-12  -6.59611243e4   8.58679121e0                   4
pode3             -thermh  12o   4c   5     g     300.0    5000.0  1673.0      1
   1.74092537e1  3.46451385e-2 -1.22803095e-5  1.95948795e-9-1.16035095e-13    2
  -9.15192021e4  -5.55432889e1   8.45115171e0  4.35811811e-2  -5.8424165e-6    3
 -7.25849736e-9 2.32877178e-12  -8.74417184e4  -3.41259587e0                   4
pode3rx3          -thermh  11o   4c   5     g     300.0    5000.0  1676.0      1
   1.75105238e1  3.19551076e-2 -1.13322648e-5  1.80879369e-9-1.07135061e-13    2
  -6.91790959e4  -5.37293519e1   9.52346064e0  3.94895681e-2 -4.77575774e-6    3
 -6.90766656e-9 2.17131056e-12  -6.54960023e4  -7.08421954e0                   4
pode3rx1          -thermh  11o   4c   5     g     300.0    5000.0  1995.0      1
   1.69169206e1  3.24097825e-2 -1.14693091e-5  1.82735073e-9-1.08074462e-13    2
  -6.83702384e4  -4.94754118e1   7.95258287e0  4.48786441e-2 -1.22212938e-5    3
 -2.65419478e-9 1.32281274e-12  -6.46054714e4   1.45513947e0                   4
pode3roox1        -thermh  11o   6c   5     g     300.0    5000.0  1371.0      1
   2.69467399e1  2.78488684e-2  -9.6712424e-6  1.51796022e-9-8.87734576e-14    2
  -9.32429144e4  -1.01132048e2   5.21363885e0  7.19412909e-2 -4.24492034e-5    3
   1.2168702e-8-1.37754797e-12  -8.48885454e4   1.81966373e1                   4
pode3qoohx3x1     -thermh  11o   6c   5     g     300.0    5000.0  2020.0      1
   2.44471086e1  3.21228115e-2 -1.18331243e-5  1.93681473e-9-1.16725814e-13    2
  -8.63912235e4  -8.49157406e1   1.03139883e1  5.39616855e-2 -1.77320551e-5    3
 -1.88874431e-9 1.42212243e-12   -8.0618299e4  -5.32488932e0                   4
pode3x1oohx3oo    -thermh  11o   8c   5     g     300.0    5000.0  1368.0      1
   3.21023322e1  2.76439604e-2 -9.58662028e-6  1.50346753e-9-8.78828561e-14    2
  -1.08266954e5  -1.21745847e2    9.9470645e0  7.15971904e-2 -4.04678173e-5    3
  1.03277968e-8-8.79473824e-13  -9.97007385e4  1.70228166e-1                   4
pode3xket1x3      -thermh  10o   7c   5     g     300.0    5000.0  1680.0      1
   2.62295228e1   3.1013706e-2   -1.154803e-5  1.90322036e-9 -1.1523797e-13    2
  -1.29316122e5  -9.50436929e1   9.24985866e0  5.87806206e-2 -2.12668727e-5    3
 -1.25481517e-9 1.48357916e-12   -1.2260404e5 -6.91766306e-2                   4
ch3och2och2ocho   -thermh   8o   4c   4     g     300.0    5000.0  1530.0      1
   1.91762882e1  2.10563207e-2  -7.4561278e-6  1.18479822e-9-6.98623713e-14    2
  -9.32346855e4  -6.92701512e1   7.21412816e0  3.08462703e-2  5.55002306e-6    3
 -1.49344688e-8 4.35909086e-12  -8.72626652e4   1.42364502e0                   4
pode4             -thermh  14o   5c   6     g     300.0    5000.0  1562.0      1
   2.50317568e1  3.60129899e-2 -1.23272063e-5  1.91513305e-9-1.11173601e-13    2
  -1.15783598e5  -9.39252537e1   1.19497008e1  4.35842327e-2  8.06729773e-6    3
 -1.97736953e-8   5.626592e-12  -1.08886625e5  -1.54161256e1                   4
pode4rx3          -thermh  13o   5c   6     g     300.0    5000.0  1672.0      1
   2.13596397e1  3.82135267e-2 -1.35532249e-5  2.16364773e-9-1.28173888e-13    2
  -9.12623074e4  -6.97906149e1   1.16195489e1   4.7241082e-2 -5.17980287e-6    3
 -8.74605295e-9 2.71643758e-12  -8.67604987e4   -1.2859984e1                   4
pode4rx1          -thermh  13o   5c   6     g     300.0    5000.0  1676.0      1
    2.0671609e1  3.87414296e-2 -1.37117281e-5  2.18496542e-9-1.29243738e-13    2
  -9.03765957e4  -6.49321451e1   1.05545955e1  5.06425468e-2 -1.00509827e-5    3
 -5.89088209e-9 2.14033706e-12  -8.59525756e4  -6.71317862e0                   4
pode4roox1        -thermh  13o   7c   6     g     300.0    5000.0  1682.0      1
    2.6285892e1  4.12596462e-2  -1.5229097e-5  2.49548928e-9-1.50500195e-13    2
  -1.13292832e5  -9.17254116e1   1.23044907e1  5.47561119e-2 -4.70334588e-6    3
 -1.19568501e-8  3.6319363e-12  -1.06828988e5  -1.01099614e1                   4
pode4qoohx3x1     000000h  13o   7c   6     g     300.0    5000.0  2005.0      1
   2.87084201e1  3.79687981e-2 -1.39020789e-5  2.26726729e-9-1.36328309e-13    2
  -1.08668704e5  -1.03398627e2   1.21099066e1   6.2843869e-2 -1.90462667e-5    3
 -3.52458789e-9 1.97294987e-12  -1.01835916e5  -9.68886265e0                   4
pode4x1oohx3oo    000000h  13o   9c   6     g     300.0    5000.0  1364.0      1
   3.66476319e1  3.29448249e-2 -1.13807161e-5  1.78036503e-9-1.03891804e-13    2
  -1.30727717e5  -1.41878552e2   1.22810152e1  7.79750338e-2 -3.82221426e-5    3
   6.4281381e-9 2.10724257e-13  -1.20994692e5  -6.65185863e0                   4
pode4xket1x3      000000h  12o   8c   6     g     300.0    5000.0  1679.0      1
   2.98057615e1  3.77458759e-2 -1.39866549e-5  2.29775828e-9-1.38819024e-13    2
  -1.51302825e5  -1.09598462e2   1.16126429e1  6.54182452e-2 -2.02389621e-5    3
 -3.77543548e-9 2.13910338e-12  -1.43909898e5  -7.09019812e0                   4
c4h9o4cho         -thermh  10o   5c   5     g     300.0    5000.0  1511.0      1
   2.34833641e1  2.67520798e-2 -9.42389282e-6  1.49231141e-9-8.77838796e-14    2
  -1.15605532e5  -8.80734694e1   9.75048917e0  3.63799007e-2  8.91114828e-6    3
 -1.93995805e-8  5.5517724e-12  -1.08588231e5  -6.34477713e0                   4
pode5             -thermh  16o   6c   7     g     300.0    5000.0  1563.0      1
   2.94831609e1  4.14894855e-2 -1.42003355e-5  2.20608139e-9-1.28063815e-13    2
   -1.3821506e5  -1.13548958e2   1.43016555e1  4.99102515e-2  1.03124522e-5    3
 -2.35968017e-8 6.68495296e-12  -1.30183775e5   -2.2325931e1                   4
pode5rx3          -thermh  15o   6c   7     g     300.0    5000.0  1564.0      1
   2.93530222e1  3.90970863e-2 -1.33846408e-5  2.07971881e-9-1.20743916e-13    2
  -1.15739787e5  -1.10364578e2   1.52274968e1  4.65912638e-2  9.99943774e-6    3
 -2.22410181e-8 6.27226696e-12  -1.08218406e5  -2.53404513e1                   4
pode5rx1          -thermh  15o   6c   7     g     300.0    5000.0  1553.0      1
   2.84877836e1  3.98962714e-2 -1.36666234e-5  2.12377381e-9-1.23291567e-13    2
   -1.1476218e5  -1.04470362e2   1.46043455e1  4.82671547e-2  7.39200733e-6    3
 -2.05816319e-8 5.91749371e-12  -1.07483252e5  -2.12868652e1                   4
pode5roox1        -thermh  15o   8c   7     g     300.0    5000.0  1676.0      1
   3.05508367e1  4.67232993e-2 -1.70778508e-5  2.78196803e-9-1.67141244e-13    2
  -1.35471719e5  -1.09962533e2   1.40544338e1  6.46035275e-2 -8.36893386e-6    3
  -1.1994962e-8 3.84207077e-12  -1.28058022e5  -1.44087019e1                   4
pode5qoohx3x1     -thermh  15o   8c   7     g     300.0    5000.0  1681.0      1
   3.28822913e1  4.37528342e-2 -1.59173497e-5  2.58577681e-9-1.55084849e-13    2
  -1.30833215e5  -1.21248083e2   1.39321908e1  7.19224811e-2 -2.11605452e-5    3
 -4.53840777e-9 2.38137485e-12  -1.23064219e5  -1.42312768e1                   4
pode5x1oohx3oo    -thermh  15o  10c   7     g     300.0    5000.0  1364.0      1
   4.09213449e1  3.90505353e-2 -1.35737574e-5  2.13173731e-9-1.24717812e-13    2
  -1.53208247e5   -1.6076903e2    1.4202966e1  8.63905378e-2 -3.96571688e-5    3
   5.4771561e-9  5.0654869e-13  -1.42229309e5  -1.15949507e1                   4
pode5xket1x3      -thermh  14o   9c   7     g     300.0    5000.0  1678.0      1
   3.35583693e1  4.41483648e-2 -1.62686701e-5  2.66312509e-9-1.60502809e-13    2
  -1.73345081e5  -1.25112763e2   1.36157202e1  7.35926745e-2 -2.12988435e-5    3
 -5.19859995e-9 2.59457488e-12  -1.65160444e5   -1.2436457e1                   4
c5h11o5cho        -thermh  12o   6c   6     g     300.0    5000.0  1513.0      1
   2.78460679e1  3.23648439e-2 -1.13556975e-5  1.79349435e-9-1.05309256e-13    2
  -1.37998294e5  -1.07190144e2   1.21020559e1  4.28211017e-2  1.08266478e-5    3
 -2.29320471e-8 6.53208552e-12   -1.2988801e5  -1.32744748e1                   4
pode6             -thermh  18o   7c   8     g     300.0    5000.0  1538.0      1
   3.39383477e1   4.6959887e-2 -1.60708294e-5  2.49657077e-9-1.44925617e-13    2
  -1.60647956e5  -1.33193808e2   1.66543858e1  5.62313259e-2  1.25683579e-5    3
 -2.74290013e-8 7.74573618e-12  -1.51481014e5  -2.92390831e1                   4
pode6rx3          -thermh  17o   7c   8     g     300.0    5000.0  1565.0      1
   3.38149362e1  4.45562296e-2 -1.52501785e-5  2.36933457e-9-1.37551163e-13    2
  -1.38175178e5  -1.30046802e2   1.75797494e1  5.29113251e-2  1.22639133e-5    3
 -2.60837509e-8 7.33630824e-12  -1.29515515e5  -3.22508743e1                   4
pode6rx1          -thermh  17o   7c   8     g     300.0    5000.0  1534.0      1
     3.289892e1  4.54389695e-2 -1.55687302e-5  2.41981305e-9 -1.4049898e-13    2
  -1.37178647e5  -1.23870342e2   1.69277198e1  5.47370699e-2  9.38104286e-6    3
 -2.42164068e-8 6.92915363e-12  -1.28776363e5  -2.80669214e1                   4
pode6roox1        -thermh  17o   9c   8     g     300.0    5000.0  1673.0      1
   3.47003536e1  5.22721986e-2 -1.89524108e-5   3.0720306e-9-1.83970533e-13    2
  -1.57595227e5  -1.27511405e2   1.58673786e1  7.42124416e-2  -1.1922695e-5    3
 -1.20015718e-8 4.03279332e-12   -1.4929628e5   -1.9000501e1                   4
pode6qoohx3x1     -thermh  17o   9c   8     g     300.0    5000.0  1674.0      1
   3.73790948e1   4.9201464e-2 -1.78028475e-5  2.88252093e-9-1.72512278e-13    2
   -1.5314196e5  -1.40935676e2   1.55367378e1  8.23256819e-2 -2.49512473e-5    3
 -4.74048061e-9 2.65235861e-12  -1.44273205e5  -1.78604268e1                   4
pode6x1oohx3oo    -thermh  17o  11c   8     g     300.0    5000.0  1364.0      1
    4.5274734e1  4.51768733e-2 -1.57930914e-5  2.48918411e-9 -1.4597644e-13    2
  -1.75748634e5  -1.80186315e2   1.61781153e1  9.44759313e-2 -4.03307543e-5    3
  3.98360738e-9 9.26754133e-13  -1.63470829e5  -1.67720193e1                   4
pode6xket1x3      -thermh  16o  10c   8     g     300.0    5000.0  1676.0      1
   3.73290319e1  5.05309427e-2 -1.85436634e-5  3.02745365e-9-1.82130972e-13    2
  -1.95396154e5  -1.40731793e2   1.57183138e1   8.1336461e-2 -2.17339114e-5    3
 -6.98720198e-9 3.12428473e-12  -1.86426354e5  -1.82460136e1                   4
c6h13o6cho        -thermh  14o   7c   7     g     300.0    5000.0  1513.0      1
   3.22472289e1  3.79193098e-2 -1.32622085e-5  2.09022775e-9-1.22556467e-13    2
  -1.60409273e5  -1.26531212e2    1.4404453e1  4.93866201e-2  1.26697713e-5    3
 -2.64767469e-8 7.52434875e-12  -1.51177996e5  -1.99577875e1                   4
end