! ************************************************************** !
! **        Transport properties for DCPR mechanisms          ** !
! **                                                          ** !
! **                DCPR - NANCY - FRANCE                     ** !
! **                   Roda Bounaceur                         ** !
! ** 	               (NOVEMBRE 2008)                        ** !
! **                                                          ** !
! **               MODELE VITESSE DE FLAMME                   ** !
! **                                                          ** !
! ** 1st col: species name                                    ** !
! ** 2nd col: 0 for monatomic, 1 for linear, 2 for nonlinear  ** !
! ** 3rd col: Lennard-Jones well depth  e/k                   ** !
! ** 4th col: Lennard-Jones collision diameter (A)            ** !
! ** 5th col: dipole moment in Debye                          ** !
! ** 6th col: polarizability in A^3                           ** !
! ** 7th col: rotational relaxation collision number at 298K  ** !
! ************************************************************** !
 


!SPECIES
!Bath gas!
AR                 0   136.500     3.330     0.000     0.000     0.000
HE                 0    10.200     2.576     0.000     0.000     0.000
N2                 1    97.530     3.621     0.000     1.760     4.000

! Biradicals (CO-C2 reaction base):
B1O                0    80.000     2.750     0.000     0.000     0.000 ! (GRI)
B2CO               1    98.100     3.650     0.000     1.950     1.800 ! (GRI)
B3C                0    71.400     3.298     0.000     0.000     0.000 ! (GRI)
B4CH               1    80.000     2.750     0.000     0.000     0.000 ! (GRI)
B5CH2              1   144.000     3.800     0.000     0.000     0.000 ! (GRI)
B6CH2              1   144.000     3.800     0.000     0.000     0.000 ! (GRI)

! Primary Molecules :
! Reactants and CO-C2 base:
H2                 1    38.000     2.920     0.000     0.790   280.000 ! (GRI)
H2O                2   572.400     2.605     1.844     0.000     4.000 ! (GRI)
O2                 1   107.400     3.458     0.000     1.600     3.800 ! (GRI)
H2O2               2   107.400     3.458     0.000     0.000     3.800 ! (GRI)
CH4                2   141.400     3.746     0.000     2.600    13.000 ! (GRI)
CO2                1   244.000     3.763     0.000     2.650     2.100 ! (GRI)
HCHO               2   498.000     3.590     0.000     0.000     2.000 ! formaldehyde (GRI)
CH3OH              2   481.800     3.626     0.000     0.000     1.000 ! sve (GRI)
CH3OOH             2   481.800     3.626     0.000     0.000     1.000 ! ??? ASSUMED SAME AS CH3OH  APC
C2H2T              1   209.000     4.100     0.000     0.000     2.500 ! (GRI)
C2H4Z              2   280.800     3.971     0.000     0.000     1.500 ! (GRI)
C2H6               2   252.300     4.302     0.000     0.000     1.500 ! (GRI)
C2H4O#3            2   436.000     3.970     0.000     0.000     2.000 ! wjp same as ch2co
CH2COZ             2   436.000     3.970     0.000     0.000     2.000 ! ASSUMED SAME AS CH2CO  APC
CH3CHO             2   436.000     3.970     0.000     0.000     2.000 ! (GRI)
C2H5OH             2   362.6       4.53      0.000     0.000     1.000 ! sve
C2H5OOH            2   362.6       4.53      0.000     0.000     1.000 ! same as C2H5OH  APC
CH3COOOH           2   436.000     3.970     0.000     0.000     2.000 ! wjp
C3H8               2   266.800     4.982     0.000     0.000     1.000 ! (GRI)
C4H8Y              2   357.000     5.176     0.000     0.000     1.000 ! (GRI)
C4H10              2   531.4       4.687     0.0       0.0       1.000
C2H5CHO            2   435.2       4.662     2.7       0.0       1.0   ! wjp
C3H7OH             2   444.197     5.063     0.000     0.000     0.000 ! same as C3H8CO  APC
C2H6CO             2   403.6       4.968     2.0       0.0       1.0   ! wjp - Acetone c3h6o or (ch3)2co
C3H8CO             2   444.197     5.063     0.000     0.000     0.000 ! flamemaster - butanone ou iso-butanone?
C2H3CHOZ           2   428.8       4.958     2.9       0.0       1.0   ! wjp: TcPc acrolein, Poling, 4th Ed. (curran)


! Free radicals :
! C0-C2 reaction base :
R1H                0   145.000     2.050     0.000     0.000     0.000 ! (curran and GRI)
R2OH               1    80.000     2.750     0.000     0.000     0.000 ! (GRI)
R3OOH              2   107.400     3.458     0.000     0.000     1.000 ! (GRI)
R4CH3              1   144.000     3.800     0.000     0.000     0.000 ! (GRI)
R5CHO              2   498.000     3.590     0.000     0.000     0.000 ! (GRI)
R6CH2OH            2   417.000     3.690     1.700     0.000     2.000 ! (GRI)
R7CH3O             2   417.000     3.690     1.700     0.000     2.000 ! (GRI)
R8CH3OO            2   481.800     3.626     0.000     0.000     1.000 ! wjp
R9C2HT             1   209.000     4.100     0.000     0.000     2.500 ! (GRI)
R10C2H3V           2   209.000     4.100     0.000     0.000     1.000 ! (GRI)
R11C2H5            2   252.300     4.302     0.000     0.000     1.500 ! (GRI)
R12CHCOV           2   150.000     2.500     0.000     0.000     1.000 ! HCCO (GRI)
R13CH2CHO          2   436.000     3.970     0.000     0.000     2.000 ! (GRI)
R14CH3CO           2   436.000     3.970     0.000     0.000     2.000 ! (GRI)
R15C2H5O           2   470.600     4.410     0.000     0.000     1.500 ! nmm
R16C2H4OOH         2   470.600     4.410     0.000     0.000     1.500 ! wjp
R17C2H5OO          2   470.600     4.410     0.000     0.000     1.500 ! same as R16C2H4OOH  APC
R18CH3COOO         2   436.000     3.970     0.000     0.000     2.000 ! wjp
R19C3H7            2   266.800     4.982     0.000     0.000     1.000 ! (GRI)
R20C4H9            2   357.000     5.176     0.000     0.000     1.000 ! (GRI)





! Other Molecules
C3H8               2   266.800     4.982     0.000     0.000     1.000 ! (GRI)
C3H6Y              2   266.800     4.982     0.000     0.000     1.000 ! (GRI)

C2H5CHO            2   435.2       4.662     2.7       0.0       1.0   ! wjp
C3H7OH             2   444.197     5.063     0.000     0.000     0.000 ! same as C3H8CO  APC
C2H6CO             2   403.6       4.968     2.0       0.0       1.0   ! wjp - Acetone c3h6o or (ch3)2co
C3H8CO             2   444.197     5.063     0.000     0.000     0.000 ! flamemaster - butanone ou iso-butanone?
C4H6Z2             2   357.000     5.180     0.000     0.000     1.000 ! nmn (GRI)

C3H6Z              2   266.800     4.982     0.000     0.000     1.000 ! (GRI)

C5H10Z             2   437.138     5.090     0.000     0.000     1.000

C4H8Z              2   357.000     5.176     0.000     0.000     1.000 ! (GRI)

C6H12Z             2   485.870     5.409     0.000     0.000     1.000
C4H8OA             2   444.218     5.137     0.000     0.000     1.000
C5H10OA            2   492.434     5.450     0.000     0.000     1.000
C3H6OLY            2   391.827     4.780     0.000     0.000     1.000
C3H6O2PY           2   451.217     5.184     0.000     0.000     1.000
C4H6OAY            2   436.958     5.089     0.000     0.000     1.000
C4H8OLY            2   444.218     5.137     0.000     0.000     1.000
C4H8O2QY           2   498.969     5.492     0.000     0.000     1.000
C6H10Y2            2   479.106     5.365     0.000     0.000     1.000
C7H12Y2            2   524.955     5.654     0.000     0.000     1.000
C4H8O2PY           2   498.969     5.492     0.000     0.000     1.000
C5H8OAY            2   485.736     5.408     0.000     0.000     1.000
C5H10OLY           2   492.434     5.450     0.000     0.000     1.000
C5H10O2QY          2   543.493     5.768     0.000     0.000     1.000
C8H14Y2            2   568.099     5.917     0.000     0.000     1.000
C3H4OKZ            2   383.864     4.724     0.000     0.000     1.000

! Cyclic molecules
C3H6O#3            2   403.6       4.968     2.0       0.0       1.0   ! wjp - c3h6o1-2 (curran)
C4H8O#3            2   447.3       5.078     1.7       0.0       1.0   ! wjp, tetrahydrofuran (c4h8o1-4) - cc4h8o (curran)
C5H10O#3           2   492.434     5.450     0.000     0.000     1.000
C6H12O#3           2   537.292     5.730     0.000     0.000     1.000
C3H8O2P            2   458.278     5.230     0.000     0.000     1.000
C4H10OL            2   451.358     5.185     0.000     0.000     1.000
C4H10OE            2   451.358     5.185     0.000     0.000     1.000
C4H10O2Q           2   505.539     5.533     0.000     0.000     1.000

C5H12              2   391.700     5.591     0.000     0.000     1.000   
C6H14              2   427.400     5.946     0.000     0.000     1.000

! Other Radicals
R25C4H9            2   388.057     4.754     0.000     0.000     1.000
RC3H5Y             2   316.000     4.220     0.000     0.000     1.000
RC4H7Y             2   355.000     4.650     0.000     0.000     1.000 ! nmm - ic4h7 (curran)

RC3H5O             2   387.860     4.752     0.000     0.000     1.000
RC3H5O3            2   502.115     5.512     0.000     0.000     1.000
RC4H7O             2   440.599     5.113     0.000     0.000     1.000
RC5H9O             2   489.110     5.429     0.000     0.000     1.000
RC4H7O3            2   546.574     5.787     0.000     0.000     1.000
RC5H9O3            2   588.467     6.037     0.000     0.000     1.000


! Other Radicals
R21CH3OCO          2   395.415     4.805     0.000     0.000     1.000 ! Exgas
R22CO2H            2   337.926     4.391     0.000     0.000     1.000 ! Exgas
R23C2H4OH          2   337.926     4.391     0.000     0.000     1.000 ! Exgas
R24C2H4OH          2   337.926     4.391     0.000     0.000     1.000 ! Exgas
R25C3H7            2   266.800     4.982     0.000     0.000     1.000 
R26C4H9            2   357.000     5.176     0.000     0.000     1.000



! C3-C6 reaction base :
C3H2               2   209.000     4.100     0.000     0.000     1.000 ! (GRI)
aC3H4              1   252.000     4.760     0.000     0.000     1.000 ! JAM (GRI)
pC3H4              1   252.000     4.760     0.000     0.000     1.000 ! same as aC3H4  APC
C3H6Y              2   266.800     4.982     0.000     0.000     1.000
C2H3CHO            2   428.8       4.958     2.9       0.0       1.0   ! wjp
C4H2               1   357.000     5.180     0.000     0.000     1.000 ! (GRI)
C4H4               1   357.000     5.180     0.000     0.000     1.000 ! 1,2,3-Butatriene
tC4H4              1   357.000     5.180     0.000     0.000     1.000 ! same as C4H4  APC
C6H2               1   357.000     5.180     0.000     0.000     1.000 ! (GRI)
C4H6Z2             2   357.000     5.180     0.000     0.000     1.000 ! nmn (GRI)
C4H6YZ             2   357.000     5.180     0.000     0.000     1.000 ! same as C4H6Z2  APC
C2H3CHOZ           2   428.8       4.958     2.9       0.0       1.0   ! wjp: TcPc acrolein, Poling, 4th Ed. (curran)
C5H12              2   382.1       5.548     0.0       0.0       1.0   ! wjp TcPc 2-methyl butane (curran)
C2H5COOOH          2   464.2       5.009     2.6       0.0       1.0   ! wjp - Ketohydroperoxide (curran)
C3H7COOOH          2   476.0       5.778     2.6       0.0       1.0   ! wjp - Ketohydroperoxide (curran)
C4H9COOOH          2   451.9       6.041     0.0       0.0       1.0   ! wjp,  2-methyl-1-butanol (ic5h11oh-1) (curran)
C5H10Y             2   386.2       5.489     0.4       0.0       1.0   ! wjp (curran)
C5H10Z             2   386.2       5.489     0.4       0.0       1.0   ! wjp (curran)
C5H11OOH           2   451.9       6.041     0.0       0.0       1.0   ! wjp,  2-methyl-1-butanol (ic5h11oh-1) (curran)
C3H5OOHZ           2   481.5       4.997     1.7       0.0       1.0   ! wjp nc3h7oh (curran)
C4H7OOHZ           2   436.4       5.352     0.0       0.0       1.0   ! wjp,isobutyraldehyde (ic3h7cho) (curran)
C5H9OOHY           2   543.585     5.680     0.000     0.000     0.000 ! flamemaster (curran)
C5H9OOHZ           2   543.585     5.680     0.000     0.000     0.000 ! flamemaster (curran)
C3H7CHO            2   436.4       5.352     0.0       0.0       1.0   ! wjp, TcPc, isobutyraldehyde (curran)
C4H9CHO            2   476.0       5.778     2.6       0.0       1.0   ! WJP, nc4h9cho (curran)
C3H5OOHY           2   481.5       4.997     1.7       0.0       1.0   ! wjp nc3h7oh (curran)
C4H10CO            2   476.0       5.778     2.6       0.0       1.0   ! same as C4H9CHO  APC
C3H7OOH            2   481.5       4.997     1.7       0.0       1.0   ! wjp nc3h7o2h (curran)
C4H9OH             2   502.2       5.356     1.8       0.0       1.0   ! wjp TcPc, n-butanol (curran)
C4H10O             2   496.000     5.200     0.000     0.000     1.000 ! same as C4H10OO  APC
C4H10OO            2   496.000     5.200     0.000     0.000     1.000 ! wjp - pc4h9o2h (curran)
C6H14              2   427.4       5.946     0.0       0.0       1.0   ! wjp, TcPc, n-hexane (curran)
C4H9OOH            2   496.000     5.200     0.000     0.000     1.000 ! same as C4H10OO  APC
cC4H6              2   357.000     5.180     0.000     0.000     1.000 ! same as C4H6Z2  APC
C4H6(12)           2   357.000     5.180     0.000     0.000     1.000 ! same as C4H6Z2  APC
C4H6-1             2   357.000     5.180     0.000     0.000     1.000 ! same as C4H6Z2  APC
C4H6-2             2   357.000     5.180     0.000     0.000     1.000 ! same as C4H6Z2  APC
lC6H4              2   412.300     5.349     0.000     0.000     1.000 ! jam
lC6H6              2   412.300     5.349     0.000     0.000     1.000 ! SVE
lC6H8              2   557.0       5.15      0.000     0.000     1.000
C6H4#              2   412.300     5.349     0.000     0.000     1.000 ! same as lC6H4  APC
C6H6#              2   557.0       5.15      0.000     0.000     1.000 ! BENZENE C6H6 ()
C6H8#              2   557.0       5.15      0.000     0.000     1.000 ! same as lC6H8  APC
C6H10#             2   554.        5.50      0.        0.        1.
C8H10#             2   557.0       5.15      0.000     0.000     1.000 ! same as benzene  APC - ethylbenzene
C6H10Y             2   554.        5.50      0.        0.        1.    ! SAME AS CYC6H12 -  1,5 hexadiene


R1C3H7O            2   357.000     5.176     0.000     0.000     1.000  !=C4H8
R2C3H7O            2   357.000     5.176     0.000     0.000     1.000  !=C4H8
R1C4H9O            2   502.2       5.356     1.8       0.0       1.0    ! as n-butanol (curran)

! C3-C6 reaction base :
C3H3               2   252.000     4.760     0.000     0.000     1.000
C3H5OOY            2   357.000     5.176     0.000     0.000     1.000 ! same as C4H8
CH2CHCO            2   443.200     4.120     0.000     0.000     1.000 ! nmm
tC3H5              2   316.000     4.220     0.000     0.000     1.000
sC3H5              2   316.000     4.220     0.000     0.000     1.000
nC4H3              2   357.000     5.180     0.000     0.000     1.000
iC4H3              2   357.000     5.180     0.000     0.000     1.000
nC4H5              2   357.000     5.180     0.000     0.000     1.000
iC4H5              2   357.000     5.180     0.000     0.000     1.000
C4H5-1s            2   357.000     5.180     0.000     0.000     1.000 ! same as nC4H5  APC
C4H5-1p            2   357.000     5.180     0.000     0.000     1.000 ! same as nC4H5  APC
C4H5-2             2   357.000     5.180     0.000     0.000     1.000 ! same as nC4H5  APC
C6H5#              2   412.300     5.349     0.000     0.000     1.000 ! JAM
lC6H5              2   412.300     5.349     0.000     0.000     1.000 ! JAM
lC6H7              2   412.300     5.349     0.000     0.000     1.000 ! JAM ()
lC6H9              2   412.300     5.349     0.000     0.000     1.000 ! SAME AS C6H6 ()
C6H7#              2   412.300     5.349     0.000     0.000     1.000 ! JAM ()
C6H9#              2   412.300     5.349     0.000     0.000     1.000 ! SAME AS C6H6 ()
C5H5#              1   408.000     5.200     0.000     0.000     1.000 ! nmm (curran)
C5H6#              1   408.000     5.200     0.000     0.000     1.000 ! nmm

C6H12Z-1         2   485.879     5.409     0.000     0.000     1.000
CH2COZ           2   324.840     4.292     0.000     0.000     1.000
CH3CHO           2   333.786     4.360     0.000     0.000     1.000
C2H5OH           2   342.562     4.425     0.000     0.000     1.000
C2H5OOH          2   407.217     4.887     0.000     0.000     1.000
CH3COOOH         2   458.146     5.229     0.000     0.000     1.000
C3H6Y            2   325.035     4.294     0.000     0.000     1.000
C3H8             2   333.978     4.361     0.000     0.000     1.000
C4H8Y            2   384.056     4.725     0.000     0.000     1.000
C4H10            2   392.000     4.781     0.000     0.000     1.000
C2H5CHO          2   391.829     4.780     0.000     0.000     1.000
C3H7OH           2   399.661     4.835     0.000     0.000     1.000
C2H6CO           2   391.829     4.780     0.000     0.000     1.000
C3H8CO           2   444.210     5.137     0.000     0.000     1.000
C4H6Z2           2   375.991     4.668     0.000     0.000     1.000
C2H3CHOZ         2   383.883     4.724     0.000     0.000     1.000
C6H12Z           2   485.879     5.409     0.000     0.000     1.000
C5H8Z2           2   429.790     5.041     0.000     0.000     1.000
C3H4Z2           2   315.911     4.224     0.000     0.000     1.000
C6H10Z2          2   479.094     5.365     0.000     0.000     1.000
C6H10Y2          2   479.094     5.365     0.000     0.000     1.000
C6H10T           2   479.094     5.365     0.000     0.000     1.000
C4H9CHO          2   492.450     5.450     0.000     0.000     1.000
C3H5OHZ          2   391.829     4.780     0.000     0.000     1.000
C6H11OHZ         2   537.485     5.731     0.000     0.000     1.000
C7H14Z           2   531.321     5.693     0.000     0.000     1.000
C7H14Y           2   531.321     5.693     0.000     0.000     1.000
C5H8T            2   429.790     5.041     0.000     0.000     1.000
C3H7CHO          2   444.210     5.137     0.000     0.000     1.000
C6H10YZ          2   479.094     5.365     0.000     0.000     1.000
C4H8CO           2   485.732     5.408     0.000     0.000     1.000
C5H10Z           2   437.122     5.090     0.000     0.000     1.000
C5H9OHZ          2   492.450     5.450     0.000     0.000     1.000
C3H6CO           2   436.964     5.089     0.000     0.000     1.000
C3H4T            2   315.911     4.224     0.000     0.000     1.000
C4H7CHOZ         2   485.732     5.408     0.000     0.000     1.000
C5H11CHO         2   537.485     5.731     0.000     0.000     1.000
C4H7OHZ          2   444.210     5.137     0.000     0.000     1.000
C3H5OHY          2   391.829     4.780     0.000     0.000     1.000
C5H12CO          2   537.485     5.731     0.000     0.000     1.000
C5H10Y           2   437.122     5.090     0.000     0.000     1.000
C3H5CHOZ         2   436.964     5.089     0.000     0.000     1.000
C4H7OHY          2   444.210     5.137     0.000     0.000     1.000
C2H4CO           2   383.883     4.724     0.000     0.000     1.000
C12H24Z          2   726.315     6.813     0.000     0.000     1.000
C6H11OOHZ        2   585.726     6.021     0.000     0.000     1.000
C3H7OOH          2   458.299     5.230     0.000     0.000     1.000
C6H11CHOZ        2   573.977     5.952     0.000     0.000     1.000
C7H13OHZ         2   579.937     5.987     0.000     0.000     1.000
C4H9OH           2   451.371     5.185     0.000     0.000     1.000
C7H14OZ          2   579.937     5.987     0.000     0.000     1.000
C4H10O           2   451.371     5.185     0.000     0.000     1.000
C7H14OOZ         2   625.764     6.254     0.000     0.000     1.000
C4H10OO          2   505.550     5.533     0.000     0.000     1.000
C8H16Z           2   574.106     5.952     0.000     0.000     1.000
C5H12            2   444.366     5.138     0.000     0.000     1.000
C12H22Z2         2   721.257     6.786     0.000     0.000     1.000
C9H18Z           2   614.696     6.190     0.000     0.000     1.000
C6H14            2   492.595     5.451     0.000     0.000     1.000
C7H16            2   537.621     5.732     0.000     0.000     1.000
C8H18            2   580.066     5.988     0.000     0.000     1.000
C10H21CHO        2   731.239     6.839     0.000     0.000     1.000
C7H12Z2          2   524.966     5.654     0.000     0.000     1.000
C8H14Z2          2   568.102     5.917     0.000     0.000     1.000
C6H13CHO         2   579.937     5.987     0.000     0.000     1.000
C7H15CHO         2   620.248     6.222     0.000     0.000     1.000
C7H13OHY         2   579.937     5.987     0.000     0.000     1.000
C7H13OOHY        2   625.764     6.254     0.000     0.000     1.000
C8H16Y           2   574.106     5.952     0.000     0.000     1.000
C7H13CHOY        2   614.573     6.190     0.000     0.000     1.000
C8H15OHY         2   620.248     6.222     0.000     0.000     1.000
C8H16OOY         2   664.027     6.471     0.000     0.000     1.000
C9H18Y           2   614.696     6.190     0.000     0.000     1.000
C14H26Y2         2   789.505     7.147     0.000     0.000     1.000
C12H22Y2         2   721.257     6.786     0.000     0.000     1.000
C5H9OHY          2   492.450     5.450     0.000     0.000     1.000
C5H9OOHY         2   543.598     5.769     0.000     0.000     1.000
C6H12Y           2   485.879     5.409     0.000     0.000     1.000
C5H9CHOY         2   531.184     5.693     0.000     0.000     1.000
C6H11OHY         2   537.485     5.731     0.000     0.000     1.000
C6H12OOY         2   585.726     6.021     0.000     0.000     1.000
C10H18Y2         2   647.968     6.381     0.000     0.000     1.000
C10H20Z          2   653.431     6.411     0.000     0.000     1.000
iC4H8Y           2   384.056     4.725     0.000     0.000     1.000
cC3H6            2   325.035     4.294     0.000     0.000     1.000
cC3H4            2   315.911     4.224     0.000     0.000     1.000
C4H2             2   359.473     4.549     0.000     0.000     1.000
C4H2O            2   422.205     4.990     0.000     0.000     1.000
C4H4             2   367.799     4.610     0.000     0.000     1.000
tC4H4            2   367.799     4.610     0.000     0.000     1.000
C6H2             2   451.227     5.184     0.000     0.000     1.000
cC4H6            2   375.991     4.668     0.000     0.000     1.000
C4H6(12)         2   375.991     4.668     0.000     0.000     1.000
C4H6-1           2   375.991     4.668     0.000     0.000     1.000
C4H6-2           2   375.991     4.668     0.000     0.000     1.000
lC6H4            2   458.308     5.230     0.000     0.000     1.000
lC6H6            2   465.312     5.276     0.000     0.000     1.000
lC6H8            2   472.239     5.321     0.000     0.000     1.000
C6H6#            2   465.312     5.276     0.000     0.000     1.000
C6H8#            2   472.239     5.321     0.000     0.000     1.000
C6H10#           2   479.094     5.365     0.000     0.000     1.000
C8H10#           2   555.952     5.844     0.000     0.000     1.000
C2H4O#3          2   333.786     4.360     0.000     0.000     1.000
C3H6O#3          2   391.829     4.780     0.000     0.000     1.000
C4H8O#3          2   444.210     5.137     0.000     0.000     1.000
C6H10Z#6         2   479.094     5.365     0.000     0.000     1.000
C7H12Z#6         2   524.966     5.654     0.000     0.000     1.000
C8H14Z#6         2   568.102     5.917     0.000     0.000     1.000
C7H14O#3         2   579.937     5.987     0.000     0.000     1.000
C5H10O#3         2   492.450     5.450     0.000     0.000     1.000
C6H12O#3         2   537.485     5.731     0.000     0.000     1.000
C12H24O#3        2   765.591     7.022     0.000     0.000     1.000
C8H16O#3         2   620.248     6.222     0.000     0.000     1.000
C14H26Z#6        2   789.505     7.147     0.000     0.000     1.000
C9H18O#3         2   658.745     6.441     0.000     0.000     1.000
C9H16Z#6         2   608.984     6.157     0.000     0.000     1.000
nC3H7            2   329.528     4.328     0.000     0.000     1.000
R21C5H9Z         2   433.467     5.065     0.000     0.000     1.000
R22C4H7Z         2   380.039     4.697     0.000     0.000     1.000
.C3H5Y           2   320.497     4.259     0.000     0.000     1.000
R24C6H11X        2   482.495     5.387     0.000     0.000     1.000
R25C6H11Z        2   482.495     5.387     0.000     0.000     1.000
R26C6H11V        2   482.495     5.387     0.000     0.000     1.000
R27C6H11V        2   482.495     5.387     0.000     0.000     1.000
R28C6H11Z        2   482.495     5.387     0.000     0.000     1.000
R29C6H11Z        2   482.495     5.387     0.000     0.000     1.000
R30C6H13         2   489.245     5.430     0.000     0.000     1.000
R31C6H13         2   489.245     5.430     0.000     0.000     1.000
R34C7H15         2   534.478     5.713     0.000     0.000     1.000
R35C7H15         2   534.478     5.713     0.000     0.000     1.000
R36C5H9V         2   433.467     5.065     0.000     0.000     1.000
R37C5H9V         2   433.467     5.065     0.000     0.000     1.000
R38C4H7V         2   380.039     4.697     0.000     0.000     1.000
R39C6H11X        2   482.495     5.387     0.000     0.000     1.000
R40C6H11Z        2   482.495     5.387     0.000     0.000     1.000
R41C6H11Z        2   482.495     5.387     0.000     0.000     1.000
R42C4H9CO        2   489.100     5.429     0.000     0.000     1.000
R43C6H13         2   489.245     5.430     0.000     0.000     1.000
R49C7H15         2   534.478     5.713     0.000     0.000     1.000
R50C7H15         2   534.478     5.713     0.000     0.000     1.000
R51C7H15         2   534.478     5.713     0.000     0.000     1.000
R52C7H15         2   534.478     5.713     0.000     0.000     1.000
R53C7H15         2   534.478     5.713     0.000     0.000     1.000
R54C3H7CO        2   440.598     5.113     0.000     0.000     1.000
R55C5H9Z         2   433.467     5.065     0.000     0.000     1.000
R56C6H11Z        2   482.495     5.387     0.000     0.000     1.000
R57C6H11V        2   482.495     5.387     0.000     0.000     1.000
R58C3H5V         2   320.497     4.259     0.000     0.000     1.000
R59C6H11V        2   482.495     5.387     0.000     0.000     1.000
.C4H7Y           2   380.039     4.697     0.000     0.000     1.000
R61C4H8CHO       2   489.100     5.429     0.000     0.000     1.000
R62C4H8CHO       2   489.100     5.429     0.000     0.000     1.000
R71C7H15         2   534.478     5.713     0.000     0.000     1.000
R72C5H11         2   440.755     5.114     0.000     0.000     1.000
iC3H7            2   329.528     4.328     0.000     0.000     1.000
R74C7H15         2   534.478     5.713     0.000     0.000     1.000
R75C4H9          2   388.043     4.754     0.000     0.000     1.000
R76C7H15         2   534.478     5.713     0.000     0.000     1.000
R77C5H11         2   440.755     5.114     0.000     0.000     1.000
R78C3H6CHO       2   440.598     5.113     0.000     0.000     1.000
R79C6H11V        2   482.495     5.387     0.000     0.000     1.000
R80C4H8CHO       2   489.100     5.429     0.000     0.000     1.000
R81C2H4CHO       2   387.871     4.752     0.000     0.000     1.000
R85C5H11         2   440.755     5.114     0.000     0.000     1.000
R86C5H11         2   440.755     5.114     0.000     0.000     1.000
R87C2H5CO        2   387.871     4.752     0.000     0.000     1.000
nC4H9-2          2   388.043     4.754     0.000     0.000     1.000
R99C5H11         2   440.755     5.114     0.000     0.000     1.000
tC4H9            2   388.043     4.754     0.000     0.000     1.000
.iC4H7Y          2   380.039     4.697     0.000     0.000     1.000
.COC2H3Z         2   379.865     4.696     0.000     0.000     1.000
.C7H13Y          2   528.151     5.674     0.000     0.000     1.000
.COC4H7Z         2   482.348     5.386     0.000     0.000     1.000
.COC5H11         2   534.341     5.712     0.000     0.000     1.000
.C5H9Y           2   433.467     5.065     0.000     0.000     1.000
.COC3H5Z         2   433.308     5.064     0.000     0.000     1.000
.COC6H11Z        2   570.980     5.934     0.000     0.000     1.000
.COC10H21        2   728.726     6.826     0.000     0.000     1.000
.COC6H13         2   576.963     5.969     0.000     0.000     1.000
.COC7H15         2   617.415     6.206     0.000     0.000     1.000
.COOOC5H11       2   628.449     6.270     0.000     0.000     1.000
.COOOC10H21      2   805.700     7.231     0.000     0.000     1.000
.COOOC6H13       2   666.599     6.485     0.000     0.000     1.000
.COOOC7H15       2   703.229     6.688     0.000     0.000     1.000
.C5H7Z2          2   426.090     5.016     0.000     0.000     1.000
tC3H5            2   320.497     4.259     0.000     0.000     1.000
sC3H5            2   320.497     4.259     0.000     0.000     1.000
nC4H3            2   363.653     4.580     0.000     0.000     1.000
iC4H3            2   363.653     4.580     0.000     0.000     1.000
nC4H5            2   371.912     4.639     0.000     0.000     1.000
iC4H5            2   371.912     4.639     0.000     0.000     1.000
C4H5-1s          2   371.912     4.639     0.000     0.000     1.000
C4H5-1p          2   371.912     4.639     0.000     0.000     1.000
C4H5-2           2   371.912     4.639     0.000     0.000     1.000
lC6H5            2   461.820     5.253     0.000     0.000     1.000
lC6H7            2   468.785     5.298     0.000     0.000     1.000
lC6H9            2   475.676     5.343     0.000     0.000     1.000
C6H4#            2   458.308     5.230     0.000     0.000     1.000
C6H5#            2   461.820     5.253     0.000     0.000     1.000
C6H7#            2   468.785     5.298     0.000     0.000     1.000
C6H9Z#           2   475.676     5.343     0.000     0.000     1.000
C4H7-2           2   380.039     4.697     0.000     0.000     1.000
CH2CHCO          2   379.865     4.696     0.000     0.000     1.000
C3H3             2   311.277     4.188     0.000     0.000     1.000
cC3H3            2   311.277     4.188     0.000     0.000     1.000
C3H2             2   306.592     4.152     0.000     0.000     1.000

 B2CO            2   256.688     3.750     0.000     0.000     1.000
 O2              2   277.291     3.919     0.000     0.000     1.000
 CH4             2   185.791     3.114     0.000     0.000     1.000
 CO2             2   333.594     4.358     0.000     0.000     1.000
 C2H2            2   246.044     3.659     0.000     0.000     1.000
 C2H4Z           2   256.920     3.751     0.000     0.000     1.000
 C2H6            2   267.471     3.839     0.000     0.000     1.000
 aC3H4           2   315.911     4.224     0.000     0.000     1.000
 pC3H4           2   315.911     4.224     0.000     0.000     1.000
 C3H6Y           2   325.035     4.294     0.000     0.000     1.000
 C4H6Z2          2   375.991     4.668     0.000     0.000     1.000
 C4H8Y           2   384.056     4.725     0.000     0.000     1.000
 C6H6#           2   465.312     5.276     0.000     0.000     1.000
 toluene         2   512.087     5.574     0.000     0.000     1.000
 CH3CHO          2   333.786     4.360     0.000     0.000     1.000
 C2H5CHO         2   391.829     4.780     0.000     0.000     1.000
 C2H3CHO         2   383.883     4.724     0.000     0.000     1.000
 C6H5OH#         2   518.416     5.614     0.000     0.000     1.000
 etC6H5          2   555.952     5.844     0.000     0.000     1.000
 styrene         2   549.805     5.806     0.000     0.000     1.000
 C10H10#         2   625.772     6.254     0.000     0.000     1.000
 C6H5CHO         2   555.819     5.843     0.000     0.000     1.000
 naphthalene     2   620.134     6.222     0.000     0.000     1.000
 HOC6H4CH3       2   561.919     5.879     0.000     0.000     1.000
 ph#C3H5Z        2   591.609     6.056     0.000     0.000     1.000
 ph#C4H7-1       2   631.374     6.286     0.000     0.000     1.000
 ph#C4H7-2       2   631.374     6.286     0.000     0.000     1.000
 ph#C4H7-3       2   631.374     6.286     0.000     0.000     1.000
 ph#C4H9         2   636.940     6.318     0.000     0.000     1.000
 methylstyr      2   591.609     6.056     0.000     0.000     1.000
 indene          2   585.734     6.021     0.000     0.000     1.000
 indane          2   591.609     6.056     0.000     0.000     1.000
 benzofuran      2   591.482     6.055     0.000     0.000     1.000
 ph#CH2CHO       2   597.315     6.089     0.000     0.000     1.000
 anisole         2   561.919     5.879     0.000     0.000     1.000
 cumene          2   597.441     6.090     0.000     0.000     1.000
 ph#C4H5         2   625.772     6.254     0.000     0.000     1.000
 ph#C4H7O#3      2   674.624     6.530     0.000     0.000     1.000
 stilbene        2   755.734     6.970     0.000     0.000     1.000
 bibenzyl        2   760.625     6.996     0.000     0.000     1.000
 MCPD            2   472.239     5.321     0.000     0.000     1.000
 HCHO            2   267.246     3.837     0.000     0.000     1.000
 CH3OH           2   277.511     3.921     0.000     0.000     1.000
 C4H4            2   367.799     4.610     0.000     0.000     1.000
 iC5H10          2   437.122     5.090     0.000     0.000     1.000
 C2H5OH          2   342.562     4.425     0.000     0.000     1.000
 OC6H4O          2   561.787     5.879     0.000     0.000     1.000
 C5H4OH#         2   475.527     5.342     0.000     0.000     1.000
 OC6H4CH3        2   558.875     5.861     0.000     0.000     1.000
 ph#C5H11        2   674.739     6.531     0.000     0.000     1.000
 OC6H4#C4H9      2   677.281     6.545     0.000     0.000     1.000
 ph#C4H7O#5      2   674.624     6.530     0.000     0.000     1.000
 C6H5#C2H        2   543.607     5.769     0.000     0.000     1.000
 C4H8OE#3        2   444.210     5.137     0.000     0.000     1.000
 C3H8            2   333.978     4.361     0.000     0.000     1.000
 C2H4O#3         2   333.786     4.360     0.000     0.000     1.000
 C2H6CO          2   391.829     4.780     0.000     0.000     1.000
 R8CH3OO         2   346.702     4.456     0.000     0.000     1.000
 C5H5OH#         2   478.946     5.364     0.000     0.000     1.000
 C6H5O#          2   515.189     5.594     0.000     0.000     1.000
 OC6H4OH         2   564.820     5.897     0.000     0.000     1.000
 C6H4OHCHO       2   602.983     6.122     0.000     0.000     1.000
 C8H9#           2   552.884     5.825     0.000     0.000     1.000
 ph#C3H7         2   597.441     6.090     0.000     0.000     1.000
 ph#C4H6XOH      2   674.624     6.530     0.000     0.000     1.000
 C3H6O#3         2   391.829     4.780     0.000     0.000     1.000
 C3H6O#4         2   391.829     4.780     0.000     0.000     1.000
 C3H5OHO#3       2   451.217     5.184     0.000     0.000     1.000
 C4H8OE#4        2   444.210     5.137     0.000     0.000     1.000
 iC5H8           2   429.790     5.041     0.000     0.000     1.000
 C5H4O#          2   472.090     5.320     0.000     0.000     1.000
 CH2COZ          2   324.840     4.292     0.000     0.000     1.000
 C4H4O           2   429.630     5.040     0.000     0.000     1.000
 C6H5CH2OH       2   561.919     5.879     0.000     0.000     1.000
 ph#C4H8X        2   634.161     6.302     0.000     0.000     1.000
 ph#C3H7CO       2   674.624     6.530     0.000     0.000     1.000
 ph#C4H7O#4      2   674.624     6.530     0.000     0.000     1.000
 ph#C2H3O#3      2   597.315     6.089     0.000     0.000     1.000
 C3H5OH          2   391.829     4.780     0.000     0.000     1.000
 C3H5OHO#4       2   451.217     5.184     0.000     0.000     1.000
 C4H8OA          2   444.210     5.137     0.000     0.000     1.000
 C4H8OE#5        2   444.210     5.137     0.000     0.000     1.000
 ph#CH2CO        2   594.404     6.072     0.000     0.000     1.000
 H2              2    55.790     1.561     0.000     0.000     1.000
 H2O             2   198.715     3.237     0.000     0.000     1.000
 H2O2            2   287.293     4.000     0.000     0.000     1.000
 HE              2   124.141     2.471     0.000     0.000     1.000
 C2H5OOH         2   407.217     4.887     0.000     0.000     1.000
 C4H2            2   359.473     4.549     0.000     0.000     1.000
 C4H6-12         2   375.991     4.668     0.000     0.000     1.000
 C4H6-1          2   375.991     4.668     0.000     0.000     1.000
 C4H6-2          2   375.991     4.668     0.000     0.000     1.000
 iC4H8           2   384.056     4.725     0.000     0.000     1.000
 C4H10           2   392.000     4.781     0.000     0.000     1.000
 C5H8            2   429.790     5.041     0.000     0.000     1.000
 C5H10           2   437.122     5.090     0.000     0.000     1.000
 C5H8#           2   429.790     5.041     0.000     0.000     1.000
 C5H6#           2   422.366     4.991     0.000     0.000     1.000
 MCP             2   479.094     5.365     0.000     0.000     1.000
 B1O             2   185.498     3.112     0.000     0.000     1.000
 B3C             2   157.079     2.828     0.000     0.000     1.000
 B4CH            2   164.595     2.905     0.000     0.000     1.000
 B5CH2           2   171.870     2.978     0.000     0.000     1.000
 B6CH2           2   171.870     2.978     0.000     0.000     1.000
 C3H2            2   306.592     4.152     0.000     0.000     1.000
 CH3OOH          2   350.993     4.487     0.000     0.000     1.000
 C3H7OH          2   399.661     4.835     0.000     0.000     1.000
 C3H8CO          2   444.210     5.137     0.000     0.000     1.000
 cC3H4           2   315.911     4.224     0.000     0.000     1.000
 cC3H6           2   325.035     4.294     0.000     0.000     1.000
 tC4H4           2   367.799     4.610     0.000     0.000     1.000
 C6H2            2   451.227     5.184     0.000     0.000     1.000
 cC4H6           2   375.991     4.668     0.000     0.000     1.000
 lC6H4           2   458.308     5.230     0.000     0.000     1.000
 lC6H6           2   465.312     5.276     0.000     0.000     1.000
 lC6H8           2   472.239     5.321     0.000     0.000     1.000
 C6H8#           2   472.239     5.321     0.000     0.000     1.000
 C6H10#          2   479.094     5.365     0.000     0.000     1.000
 C8H10#          2   555.952     5.844     0.000     0.000     1.000
 R1H             2    37.321     1.239     0.000     0.000     1.000
 R2OH            2   192.189     3.176     0.000     0.000     1.000
 R3OOH           2   282.324     3.960     0.000     0.000     1.000
 R4CH3           2   178.929     3.048     0.000     0.000     1.000
 R5CHO           2   262.006     3.794     0.000     0.000     1.000
 R6CH2OH         2   272.413     3.880     0.000     0.000     1.000
 R7CH3O          2   272.413     3.880     0.000     0.000     1.000
 R9C2H           2   240.474     3.612     0.000     0.000     1.000
 R10C2H3V        2   251.525     3.706     0.000     0.000     1.000
 R11C2H5         2   262.234     3.796     0.000     0.000     1.000
 R12CHCOZ        2   320.299     4.258     0.000     0.000     1.000
 R13CH2CHO       2   329.335     4.326     0.000     0.000     1.000
 R14CH3CO        2   329.335     4.326     0.000     0.000     1.000
 R15C2H5O        2   338.194     4.393     0.000     0.000     1.000
 R20C4H9         2   388.043     4.754     0.000     0.000     1.000
 iC3H7           2   329.528     4.328     0.000     0.000     1.000
 nC3H7           2   329.528     4.328     0.000     0.000     1.000
 C3H3            2   311.277     4.188     0.000     0.000     1.000
 C3H5Y           2   320.497     4.259     0.000     0.000     1.000
 tC3H5           2   320.497     4.259     0.000     0.000     1.000
 sC3H5           2   320.497     4.259     0.000     0.000     1.000
 nC4H3           2   363.653     4.580     0.000     0.000     1.000
 iC4H3           2   363.653     4.580     0.000     0.000     1.000
 nC4H5           2   371.912     4.639     0.000     0.000     1.000
 iC4H5           2   371.912     4.639     0.000     0.000     1.000
 C4H5-1s         2   371.912     4.639     0.000     0.000     1.000
 C4H5-1p         2   371.912     4.639     0.000     0.000     1.000
 C4H5-2          2   371.912     4.639     0.000     0.000     1.000
 lC6H5           2   461.820     5.253     0.000     0.000     1.000
 lC6H7           2   468.785     5.298     0.000     0.000     1.000
 lC6H9           2   475.676     5.343     0.000     0.000     1.000
 C6H4#           2   458.308     5.230     0.000     0.000     1.000
 C6H5#           2   461.820     5.253     0.000     0.000     1.000
 C6H7#           2   468.785     5.298     0.000     0.000     1.000
 C6H9Z#          2   475.676     5.343     0.000     0.000     1.000
 C4H7-1          2   380.039     4.697     0.000     0.000     1.000
 C4H7-2          2   380.039     4.697     0.000     0.000     1.000
 C4H7Y           2   380.039     4.697     0.000     0.000     1.000
 C4H7T           2   380.039     4.697     0.000     0.000     1.000
 iC4H7           2   380.039     4.697     0.000     0.000     1.000
 C4H7V           2   380.039     4.697     0.000     0.000     1.000
 C5H7Y           2   426.090     5.016     0.000     0.000     1.000
 iC5H7Y          2   426.090     5.016     0.000     0.000     1.000
 C5H9Y           2   433.467     5.065     0.000     0.000     1.000
 iC5H9           2   433.467     5.065     0.000     0.000     1.000
 iC5H9Y          2   433.467     5.065     0.000     0.000     1.000
 CH2CHCO         2   379.865     4.696     0.000     0.000     1.000
 cC3H3           2   311.277     4.188     0.000     0.000     1.000
 AR              2   315.374     4.220     0.000     0.000     1.000
 lC5H6           2   422.366     4.991     0.000     0.000     1.000
 C6H5C3H3        2   585.734     6.021     0.000     0.000     1.000
 biphenyl        2   690.351     6.617     0.000     0.000     1.000
 C5H5#           2   418.619     4.965     0.000     0.000     1.000
 lC5H5           2   418.619     4.965     0.000     0.000     1.000
 C5H3O#          2   468.635     5.298     0.000     0.000     1.000
 C5H5O#          2   475.527     5.342     0.000     0.000     1.000
 C6H5O2          2   564.820     5.897     0.000     0.000     1.000
 C6H4OH#         2   515.189     5.594     0.000     0.000     1.000
 C6H5CH2OOH      2   608.736     6.156     0.000     0.000     1.000
 benzyl          2   508.830     5.554     0.000     0.000     1.000
 C6H4CH3         2   508.830     5.554     0.000     0.000     1.000
 C6H4OHCO        2   600.091     6.106     0.000     0.000     1.000
 HOC6H4CH2OO     2   650.349     6.394     0.000     0.000     1.000
 HOC6H4CH2       2   558.875     5.861     0.000     0.000     1.000
 C6H5CO          2   552.751     5.824     0.000     0.000     1.000
 C6H5CHOH        2   558.875     5.861     0.000     0.000     1.000
 C6H5CH2O        2   558.875     5.861     0.000     0.000     1.000
 HOC6H4CH2O      2   605.864     6.139     0.000     0.000     1.000
 C6H5CH2OO       2   605.864     6.139     0.000     0.000     1.000
 C8H9#-1         2   552.884     5.825     0.000     0.000     1.000
 C6H5C2H2        2   546.712     5.788     0.000     0.000     1.000
 C14H13#         2   758.182     6.983     0.000     0.000     1.000
 C5H8-12         2   429.790     5.041     0.000     0.000     1.000
 C5H7#           2   426.090     5.016     0.000     0.000     1.000
 C5H7#Y          2   426.090     5.016     0.000     0.000     1.000
 C5H7#V          2   426.090     5.016     0.000     0.000     1.000
 C5H7-1s         2   426.090     5.016     0.000     0.000     1.000
 C5H7-2t         2   426.090     5.016     0.000     0.000     1.000
 C5H7-4t         2   426.090     5.016     0.000     0.000     1.000
 C5H7-3t         2   426.090     5.016     0.000     0.000     1.000
 C5H7-5p         2   426.090     5.016     0.000     0.000     1.000
 C5H7-12-5p      2   426.090     5.016     0.000     0.000     1.000
 C5H9#           2   433.467     5.065     0.000     0.000     1.000
 C5H9            2   433.467     5.065     0.000     0.000     1.000
 RMCP1           2   475.676     5.343     0.000     0.000     1.000
 RMCP2           2   475.676     5.343     0.000     0.000     1.000
 RMCPY1          2   475.676     5.343     0.000     0.000     1.000
 RMCPY2          2   475.676     5.343     0.000     0.000     1.000
 RMCPD           2   468.785     5.298     0.000     0.000     1.000
 RMCPDY          2   468.785     5.298     0.000     0.000     1.000
 C5H5C2H2        2   508.830     5.554     0.000     0.000     1.000
 C5H4CCH2        2   505.559     5.533     0.000     0.000     1.000
 C5H5CCH         2   505.559     5.533     0.000     0.000     1.000
 CH3COOOH        2   458.146     5.229     0.000     0.000     1.000
 N2              2   256.703     3.750     0.000     0.000     1.000
 R16C2H4OOH      2   403.368     4.860     0.000     0.000     1.000
 R17C2H5OO       2   403.368     4.860     0.000     0.000     1.000
 R18CH3COOO      2   454.615     5.206     0.000     0.000     1.000
 ph#C4H8O        2   677.281     6.545     0.000     0.000     1.000
 ph#C4H8-1       2   634.161     6.302     0.000     0.000     1.000
 ph#C4H8-2       2   634.161     6.302     0.000     0.000     1.000
 ph#C4H8-3       2   634.161     6.302     0.000     0.000     1.000
 ph#C3H6-1       2   594.530     6.073     0.000     0.000     1.000
 ph#C3H4Y        2   588.677     6.039     0.000     0.000     1.000
 ph#C4H6X        2   628.578     6.270     0.000     0.000     1.000
 ph#C4H6X(1-3)   2   628.578     6.270     0.000     0.000     1.000
 ph#C4H6Y(2-4)   2   628.578     6.270     0.000     0.000     1.000
 ph#C4H6-1       2   628.578     6.270     0.000     0.000     1.000
 C9H11#-1        2   594.530     6.073     0.000     0.000     1.000
 indenyl         2   582.781     6.004     0.000     0.000     1.000
 naphthyl        2   617.300     6.205     0.000     0.000     1.000
 ph#C3H6COOOH    2   755.621     6.969     0.000     0.000     1.000
 ph#C3H4OOH      2   679.817     6.559     0.000     0.000     1.000
 ph#C4H8-1OOH    2   721.038     6.784     0.000     0.000     1.000
 ph#C4H8-2OOH    2   721.038     6.784     0.000     0.000     1.000
 ph#C4H8-3OOH    2   721.038     6.784     0.000     0.000     1.000
 ph#C4H8XOOH     2   721.038     6.784     0.000     0.000     1.000
 ph#C4H8XOH      2   679.931     6.560     0.000     0.000     1.000
 C2H5COOH        2   451.217     5.184     0.000     0.000     1.000
 ph#C4H7(OOH)2   2   798.556     7.194     0.000     0.000     1.000
 ph#C4H8-1OO     2   718.498     6.771     0.000     0.000     1.000
 ph#C4H8-2OO     2   718.498     6.771     0.000     0.000     1.000
 ph#C4H8-3OO     2   718.498     6.771     0.000     0.000     1.000
 ph#C4H8XOO      2   718.498     6.771     0.000     0.000     1.000
 ph#C4H7-1OOH-1  2   718.498     6.771     0.000     0.000     1.000
 ph#C4H7-1OOH-2  2   718.498     6.771     0.000     0.000     1.000
 ph#C4H7-1OOH-3  2   718.498     6.771     0.000     0.000     1.000
 ph#C4H7-1OOH-X  2   718.498     6.771     0.000     0.000     1.000
 ph#C4H7-2OOH-1  2   718.498     6.771     0.000     0.000     1.000
 ph#C4H7-2OOH-3  2   718.498     6.771     0.000     0.000     1.000
 ph#C4H7-2OOH-X  2   718.498     6.771     0.000     0.000     1.000
 ph#C4H7-3OOH-1  2   718.498     6.771     0.000     0.000     1.000
 ph#C4H7-3OOH-2  2   718.498     6.771     0.000     0.000     1.000
 ph#C4H7-3OOH-X  2   718.498     6.771     0.000     0.000     1.000
 ph#C4H7XOOH-1   2   718.498     6.771     0.000     0.000     1.000
 ph#C4H7XOOH-2   2   718.498     6.771     0.000     0.000     1.000
 ph#C4H7XOOH-3   2   718.498     6.771     0.000     0.000     1.000
 ph#C4H7XOOH-X   2   718.498     6.771     0.000     0.000     1.000
 ph#C4H7XOOH-1OO 2   796.198     7.182     0.000     0.000     1.000
 ph#C4H7XOOH-2OO 2   796.198     7.182     0.000     0.000     1.000
 ph#C4H7XOOH-3OO 2   796.198     7.182     0.000     0.000     1.000
 ph#C4H7XOOH-XOO 2   796.198     7.182     0.000     0.000     1.000
 ph#C4H7-3OOH-1OO 2   796.198     7.182     0.000     0.000     1.000
 ph#C4H7-3OOH-2OO 2   796.198     7.182     0.000     0.000     1.000
 ph#C4H7-3OOH-XOO 2   796.198     7.182     0.000     0.000     1.000
 ph#C4H7-2OOH-1OO 2   796.198     7.182     0.000     0.000     1.000
 ph#C4H7-2OOH-3OO 2   796.198     7.182     0.000     0.000     1.000
 ph#C4H7-2OOH-XOO 2   796.198     7.182     0.000     0.000     1.000
 ph#C4H7-1OOH-1OO 2   796.198     7.182     0.000     0.000     1.000
 ph#C4H7-1OOH-2OO 2   796.198     7.182     0.000     0.000     1.000
 ph#C4H7-1OOH-3OO 2   796.198     7.182     0.000     0.000     1.000
 ph#C4H7-1OOH-XOO 2   796.198     7.182     0.000     0.000     1.000
 ph#C2H3OOH      2   644.986     6.364     0.000     0.000     1.000
 ph#C2H3CHO      2   634.041     6.302     0.000     0.000     1.000
 ph#C3H5O#3      2   636.820     6.317     0.000     0.000     1.000
 ph#C4H8CHO      2   710.952     6.730     0.000     0.000     1.000
 ph#C3H6CHO      2   674.624     6.530     0.000     0.000     1.000
 ph#C2H4CHO      2   636.820     6.317     0.000     0.000     1.000
 ph#C4H6CHO      2   705.815     6.702     0.000     0.000     1.000
 ph#C3H4YOH      2   636.820     6.317     0.000     0.000     1.000
 ph#C3H4CHO      2   669.286     6.500     0.000     0.000     1.000
 ph#C3H4COOOH    2   750.707     6.943     0.000     0.000     1.000
 C3H6O3          2   505.408     5.532     0.000     0.000     1.000
 C3H7OOH         2   458.299     5.230     0.000     0.000     1.000
 C3H4O4#4        2   549.529     5.805     0.000     0.000     1.000
 C2H3COOOH       2   498.816     5.491     0.000     0.000     1.000
 C2H4OHCOOOH     2   555.678     5.842     0.000     0.000     1.000
 C3H5OOH         2   451.217     5.184     0.000     0.000     1.000
 C3H6OHOOH       2   511.937     5.573     0.000     0.000     1.000
 C6H5C2OOOH      2   679.702     6.558     0.000     0.000     1.000
 C6H5C2H2OOH     2   642.233     6.348     0.000     0.000     1.000
 ph#C4H6X(1-3)OOH 2   715.953     6.757     0.000     0.000     1.000
 ph#C4H6Y(2-4)OOH 2   715.953     6.757     0.000     0.000     1.000
 ph#C4H6XOOH     2   715.953     6.757     0.000     0.000     1.000
 ph#C4H6-1OOH    2   715.953     6.757     0.000     0.000     1.000
 C8H9#OOH        2   647.731     6.379     0.000     0.000     1.000
 C4H8O3KP        2   549.662     5.805     0.000     0.000     1.000
 C3H6O2PZ        2   451.217     5.184     0.000     0.000     1.000
 C4H10O2P        2   505.550     5.533     0.000     0.000     1.000
 C4H6O4E#4KP     2   591.347     6.054     0.000     0.000     1.000
 C4H6O4E#5KP     2   591.347     6.054     0.000     0.000     1.000
 C4H6OAY         2   436.964     5.089     0.000     0.000     1.000
 C4H8OLY         2   444.210     5.137     0.000     0.000     1.000
 C4H8O2PY        2   498.960     5.492     0.000     0.000     1.000
 ph#.C4H7O#4     2   671.959     6.515     0.000     0.000     1.000
 ph#.C4H7O#5     2   671.959     6.515     0.000     0.000     1.000
 .OOph#C4H7O#4   2   753.167     6.956     0.000     0.000     1.000
 .OOph#C4H7O#5   2   753.167     6.956     0.000     0.000     1.000
 ph#.C4H6O#4OOH  2   753.167     6.956     0.000     0.000     1.000
 ph#.C4H6O#5OOH  2   753.167     6.956     0.000     0.000     1.000
 ph#.OOC4H6O#4OOH 2   828.470     7.347     0.000     0.000     1.000
 ph#.OOC4H6O#5OOH 2   828.470     7.347     0.000     0.000     1.000
 ph#C3H5O#4COOOH 2   789.094     7.145     0.000     0.000     1.000
 ph#C3H5O#5COOOH 2   789.094     7.145     0.000     0.000     1.000
 ph#C2H4CO       2   634.041     6.302     0.000     0.000     1.000
 ph#C3H6CO       2   671.959     6.515     0.000     0.000     1.000
 ph#C4H8CO       2   708.387     6.716     0.000     0.000     1.000
 ph#C2H4CO3      2   718.388     6.770     0.000     0.000     1.000
 ph#C3H6CO3      2   753.167     6.956     0.000     0.000     1.000
 ph#C4H8CO3      2   786.819     7.133     0.000     0.000     1.000
 ph#C4H6XOO      2   713.400     6.743     0.000     0.000     1.000
 ph#C4H6X(1-3)OO 2   713.400     6.743     0.000     0.000     1.000
 ph#C4H6Y(2-4)OO 2   713.400     6.743     0.000     0.000     1.000
 ph#C4H6-1OO     2   713.400     6.743     0.000     0.000     1.000
 ph#C4H5XOOH-3   2   713.400     6.743     0.000     0.000     1.000
 ph#C4H5XOOHX    2   713.400     6.743     0.000     0.000     1.000
 ph#C4H5YOOH1    2   713.400     6.743     0.000     0.000     1.000
 ph#C4H5-1OOH-2  2   713.400     6.743     0.000     0.000     1.000
 ph#C4H5XOOH-3OO 2   791.467     7.157     0.000     0.000     1.000
 ph#C4H5XOOHXOO  2   791.467     7.157     0.000     0.000     1.000
 ph#C4H5YOOH-1OO 2   791.467     7.157     0.000     0.000     1.000
 ph#C4H5-1OOH-2OO 2   791.467     7.157     0.000     0.000     1.000
 C3H5YOO         2   447.646     5.160     0.000     0.000     1.000
 C3H7OO          2   454.768     5.207     0.000     0.000     1.000
 iC3H7OO         2   454.768     5.207     0.000     0.000     1.000
 C3H6OOH-2       2   454.768     5.207     0.000     0.000     1.000
 C3H6OOH-1       2   454.768     5.207     0.000     0.000     1.000
 iC3H6OOH        2   454.768     5.207     0.000     0.000     1.000
 C3H6OOH-2OO     2   558.735     5.860     0.000     0.000     1.000
 C3H6OOH-1OO     2   558.735     5.860     0.000     0.000     1.000
 iC3H6OOHOO      2   558.735     5.860     0.000     0.000     1.000
 RC3H5O#4        2   387.871     4.752     0.000     0.000     1.000
 RC3H5O3#4       2   502.120     5.512     0.000     0.000     1.000
 RC3H4O3H#4      2   502.120     5.512     0.000     0.000     1.000
 RC3H4O5H#4      2   599.958     6.105     0.000     0.000     1.000
 C3H4YOOH-2      2   447.646     5.160     0.000     0.000     1.000
 C3H4YOOH-1      2   447.646     5.160     0.000     0.000     1.000
 C3H4YOOH-2OO    2   552.610     5.823     0.000     0.000     1.000
 C3H4YOOH-1OO    2   552.610     5.823     0.000     0.000     1.000
 C3H6OH-2        2   395.759     4.808     0.000     0.000     1.000
 C3H6OH-1        2   395.759     4.808     0.000     0.000     1.000
 C3H6OH-2OO      2   508.680     5.553     0.000     0.000     1.000
 C3H6OH-1OO      2   508.680     5.553     0.000     0.000     1.000
 C3H5OH-2OOH3    2   508.680     5.553     0.000     0.000     1.000
 C3H5OH-2OOH1    2   508.680     5.553     0.000     0.000     1.000
 C3H5OH-1OOH2    2   508.680     5.553     0.000     0.000     1.000
 C3H5OH-1OOH3    2   508.680     5.553     0.000     0.000     1.000
 C3H5OH-2OOH3OO  2   605.732     6.138     0.000     0.000     1.000
 C3H5OH-2OOH1OO  2   605.732     6.138     0.000     0.000     1.000
 C3H5OH-1OOH2OO  2   605.732     6.138     0.000     0.000     1.000
 C3H5OH-1OOH3OO  2   605.732     6.138     0.000     0.000     1.000
 C6H5C2H2OO      2   639.471     6.332     0.000     0.000     1.000
 C6H5C2HOOH      2   639.471     6.332     0.000     0.000     1.000
 C6H5C2HOOHOO    2   723.351     6.797     0.000     0.000     1.000
 R26C4H9         2   388.043     4.754     0.000     0.000     1.000
 R28C4H9O2U      2   502.262     5.513     0.000     0.000     1.000
 R29C4H9O2U      2   502.262     5.513     0.000     0.000     1.000
 R32C4H9O2P      2   502.262     5.513     0.000     0.000     1.000
 R33C4H9O2P      2   502.262     5.513     0.000     0.000     1.000
 R34C4H9O2P      2   502.262     5.513     0.000     0.000     1.000
 R35C4H9O2P      2   502.262     5.513     0.000     0.000     1.000
 R36C4H9O2P      2   502.262     5.513     0.000     0.000     1.000
 R37C4H9O2P      2   502.262     5.513     0.000     0.000     1.000
 R40C4H9O4UP     2   600.083     6.106     0.000     0.000     1.000
 R41C4H9O4UP     2   600.083     6.106     0.000     0.000     1.000
 R42C4H9O4UP     2   600.083     6.106     0.000     0.000     1.000
 R43C4H9O2P      2   502.262     5.513     0.000     0.000     1.000
 R44C4H9O4UP     2   600.083     6.106     0.000     0.000     1.000
 R45C4H9O4UP     2   600.083     6.106     0.000     0.000     1.000
 R46C4H9O4UP     2   600.083     6.106     0.000     0.000     1.000
 R47C4H9O4UP     2   600.083     6.106     0.000     0.000     1.000
 RC4H7OE#4       2   440.598     5.113     0.000     0.000     1.000
 RC4H7OE#5       2   440.598     5.113     0.000     0.000     1.000
 RC4H7O3E#4U     2   546.569     5.787     0.000     0.000     1.000
 RC4H7O3E#5U     2   546.569     5.787     0.000     0.000     1.000
 RC4H7O3E#4P     2   546.569     5.787     0.000     0.000     1.000
 RC4H7O3E#5P     2   546.569     5.787     0.000     0.000     1.000
 RC4H7O5E#4UP    2   639.343     6.332     0.000     0.000     1.000
 RC4H7O5E#5UP    2   639.343     6.332     0.000     0.000     1.000
 RC3H5O          2   387.871     4.752     0.000     0.000     1.000
 RC4H7O          2   440.598     5.113     0.000     0.000     1.000
 RC3H5O3         2   502.120     5.512     0.000     0.000     1.000
 RC4H7O3         2   546.569     5.787     0.000     0.000     1.000
 coke            2   858.015     7.497     0.000     0.000     1.000
