AR 0 127.697 3.462 0.0 1.609 2.0
N2 1 97.839 3.61 0.0 1.756 4.0
H2 1 304.69 2.19 0.0 0.775 280.0
H 0 541.672 1.53 0.0 0.666 0.0
O2 1 676.424 3.069 0.0 1.487 3.8
O 0 235.686 2.485 0.0 0.744 0.0
H2O 2 637.056 2.943 1.851 1.407 4.0
OH 1 514.598 2.582 1.635 1.077 0.0
OHV 1 80.0 2.75 0.0 0.0 0.0
H2O2 2 1361.148 3.179 1.702 2.239 3.8
HO2 2 963.003 3.129 2.146 1.959 3.8
HOCO 2 498.0 3.59 0.0 0.0 2.0
CO 1 98.1 3.65 0.0 1.95 1.8
CO2 1 244.0 3.763 0.0 2.65 2.1
CH3O2H 2 481.8 3.626 0.0 0.0 1.0
CH3O2 2 481.8 3.626 0.0 0.0 1.0
CH2O2H 2 238.4 3.496 0.0 0.0 1.5
CH4 2 141.4 3.746 0.0 2.6 13.0
CH3 1 144.0 3.8 0.0 0.0 0.0
CH2 1 144.0 3.8 0.0 0.0 0.0
CH2(S) 1 144.0 3.8 0.0 0.0 0.0
C 0 71.4 3.298 0.0 0.0 0.0
CH 1 80.0 2.75 0.0 0.0 0.0
CHV 1 80.0 2.75 0.0 0.0 0.0
CH3OH 2 481.8 3.626 0.0 0.0 1.0
CH3O 2 417.0 3.69 1.7 0.0 2.0
CH2OH 2 417.0 3.69 1.7 0.0 2.0
HO2CHO 2 436.0 3.97 0.0 0.0 2.0
HOCH2O 2 470.6 4.41 0.0 0.0 1.5
O2CHO 2 436.0 3.97 0.0 0.0 2.0
HOCHO 2 436.0 3.97 0.0 0.0 2.0
OCHO 2 498.0 3.59 0.0 0.0 2.0
CH2O 2 498.0 3.59 0.0 0.0 2.0
HCO 2 498.0 3.59 0.0 0.0 0.0
HCOH 2 498.0 3.59 0.0 0.0 1.0
C2H5O2H 2 470.6 4.41 0.0 0.0 1.5
C2H5O2 2 470.6 4.41 0.0 0.0 1.5
C2H6 2 247.5 4.35 0.0 0.0 1.5
C2H5 2 247.5 4.35 0.0 0.0 1.5
CHOCHO 1 440.2 4.01 0.0 0.0 2.0
C2H3OO 2 436.0 3.97 0.0 0.0 2.0
CHCHO 2 436.0 3.97 0.0 0.0 2.0
C2H4 2 238.4 3.496 0.0 0.0 1.5
C2H3 2 265.3 3.721 0.0 0.0 1.0
C2O 1 232.4 3.828 0.0 0.0 1.0
C2H2 1 265.3 3.721 0.0 0.0 2.5
C2H 1 265.3 3.721 0.0 0.0 2.5
H2CC 2 209.0 4.1 0.0 0.0 2.5
C2 1 97.53 3.621 0.0 1.76 4.0
O2C2H4OH 2 523.2 5.664 1.7 0.0 1.0
C2H4O2H 2 470.6 4.41 0.0 0.0 1.5
C2H4O1-2 2 436.0 3.97 0.0 0.0 2.0
C2H3O1-2 2 436.0 3.97 0.0 0.0 2.0
C2H5OH 2 470.6 4.41 0.0 0.0 1.5
C2H5O 2 470.6 4.41 0.0 0.0 1.5
PC2H4OH 2 470.6 4.41 0.0 0.0 1.5
SC2H4OH 2 470.6 4.41 0.0 0.0 1.5
O2CH2CHO 2 275.049 5.428 0.0 0.0 1.0
HO2CH2CO 2 279.007 5.505 1.3 0.0 1.0
CH2CO2 2 899.0 5.64 0.0 0.0 0.0
CH3CHOHOJ 2 470.3 4.6 0.0 0.0 1.0
CH3CHO 2 436.0 3.97 0.0 0.0 2.0
CH3CO 2 436.0 3.97 0.0 0.0 2.0
CH2CHO 2 436.0 3.97 0.0 0.0 2.0
C2H3OH 2 470.6 4.41 0.0 0.0 1.5
C2H2OH 2 224.7 4.162 0.0 0.0 1.0
SC2H2OH 2 436.0 3.97 0.0 0.0 2.0
CH2CO 2 436.0 3.97 0.0 0.0 2.0
HCCO 2 150.0 2.5 0.0 0.0 1.0
HCCOH 2 436.0 3.97 0.0 0.0 2.0
CH2COOH 2 784.947 4.04 1.3 0.0 1.0
CH3CCO 2 749.596 5.14 0.0 0.0 0.0
CH3COH 2 470.6 4.41 0.0 0.0 1.5
CH3CO3H 2 436.0 3.97 0.0 0.0 2.0
CH3CO3 2 436.0 3.97 0.0 0.0 2.0
CH3CO2 2 436.0 3.97 0.0 0.0 2.0
CH3CCHO 2 313.367 5.35 0.0 0.0 0.0
CH2CCO 2 419.557 4.557 0.0 0.0 1.0
NC3H7O2H 2 481.5 4.997 1.7 0.0 1.0
NC3H7O2 2 481.5 4.997 1.7 0.0 1.0
C3H6OOH1-2 2 435.2 4.662 2.7 0.0 1.0
C3H6OOH1-3 2 435.2 4.662 2.7 0.0 1.0
C3H6OOH2-1 2 435.2 4.662 2.7 0.0 1.0
C3H6OOH1-3O2 2 435.2 4.662 2.7 0.0 1.0
C3KET12 2 464.2 5.009 2.6 0.0 1.0
C3KET13 2 464.2 5.009 2.6 0.0 1.0
C3H6O1-2 2 403.6 4.968 2.0 0.0 1.0
C3H6O1-3 2 403.6 4.968 2.0 0.0 1.0
SC3H5OO 2 481.5 4.997 1.7 0.0 1.0
TC3H5OO 2 481.5 4.997 1.7 0.0 1.0
CH3COCHO 2 301.658 5.31 0.0 0.0 1.0
CH2CHOCHO 2 322.943 5.25 0.0 0.0 0.0
OCHCH2CH2O 2 459.9 5.0 0.0 0.0 1.0
CH2CHOCO 2 395.0 4.037 1.3 0.0 1.0
C3H8 2 303.4 4.81 0.0 0.0 1.0
IC3H7 2 303.4 4.81 0.0 0.0 1.0
NC3H7 2 303.4 4.81 0.0 0.0 1.0
CH3CHCHO 2 387.86 4.687 0.0 0.0 0.0
CH3CHCO 2 443.2 4.12 0.0 0.0 1.0
C3H5O 2 411.0 4.82 0.0 0.0 1.0
CH2CHOCH2 2 411.0 4.82 0.0 0.0 1.0
AC4H7OOH 2 330.435 5.741 0.0 0.0 1.0
AC3H5OOH 2 481.5 4.997 1.7 0.0 1.0
C3H6 2 307.8 4.14 0.0 0.0 1.0
C3H5-A 2 316.0 4.22 0.0 0.0 1.0
C3H5-S 2 316.0 4.22 0.0 0.0 1.0
C3H5-T 2 316.0 4.22 0.0 0.0 1.0
CC3H6 2 307.8 4.14 0.0 0.0 1.0
CC3H5 2 362.5 4.4 0.0 0.0 1.0
SC3H4OH 2 298.893 5.345 0.0 0.0 1.0
C3H3O 2 301.263 5.055 0.0 0.0 1.0
C2HCHO 2 343.033 4.884 0.0 0.0 1.0
CH2CHCH2OO 2 481.5 4.997 1.7 0.0 1.0
C3H4-P 1 324.8 4.29 0.0 0.0 1.0
C3H4-A 1 324.8 4.29 0.0 0.0 1.0
C3H3 1 324.8 4.29 0.0 0.0 1.0
CC3H4 1 252.0 4.76 0.0 0.0 1.0
C3H2 2 209.0 4.1 0.0 0.0 1.0
H2CCC(S) 2 265.3 3.721 0.0 0.0 1.0
C3H2(S) 2 209.0 4.1 0.0 0.0 1.0
C3H2C 1 290.616 4.368 0.0 0.0 1.0
TQC3H5OHI 2 464.2 5.009 2.6 0.0 1.0
C3H4OH1KT2-3 2 1067.06 6.94 0.0 0.0 0.0
CHOCOHCH3 2 481.5 4.997 1.7 0.0 1.0
HO2CH2CHO 2 275.049 5.428 0.0 0.0 1.0
CJCYCCO 2 411.0 4.82 0.0 0.0 1.0
CCYCCJO 2 411.0 4.82 0.0 0.0 1.0
CH3OCHCH2 2 435.2 4.662 2.7 0.0 1.0
C3H6OH1-1 2 481.5 4.997 1.7 0.0 1.0
NC3H7O 2 481.5 4.997 1.7 0.0 1.0
C3H5OH 2 481.5 4.997 1.7 0.0 1.0
SC3H5OH 2 304.276 5.45 0.0 0.0 1.0
CH2CCH2OH 2 481.5 4.997 1.7 0.0 1.0
C3H6OH2-1 2 487.9 4.82 0.0 0.0 1.0
IC3H5OH 2 459.5 5.036 1.7 0.0 1.0
CH3COCH2O2 2 502.115 5.429 0.0 0.0 0.0
CH3COCH2O 2 447.639 5.086 0.0 0.0 0.0
C3KET21 2 464.2 5.009 2.6 0.0 1.0
CH3COCH2 2 435.5 4.86 0.0 0.0 1.0
C2H3CHO 2 428.8 4.958 2.9 0.0 1.0
C2H3CO 2 443.2 4.12 0.0 0.0 1.0
CH2OHCHCHO 2 459.9 5.0 0.0 0.0 1.0
CH2OHCH(OO)CHO 2 548.6 5.2 0.0 0.0 1.0
CH2OHCH(OOH)CO 2 548.6 5.2 0.0 0.0 1.0
QCH3CHCO3H 2 902.59 6.08 0.0 0.0 0.0
CH3CH(OO)CHO 2 925.889 6.28 0.0 0.0 0.0
QCH3CH(OOH)CO 2 925.889 6.28 0.0 0.0 0.0
O2CH2CH2CHO 2 920.803 6.25 0.0 0.0 0.0
QHO2CH2CH2CO 2 920.803 6.25 0.0 0.0 0.0
CYC2H3OCHO 2 920.803 6.25 0.0 0.0 0.0
C2H5CHO 2 435.2 4.662 2.7 0.0 1.0
C2H5CO 2 424.6 4.82 0.0 0.0 1.0
CH2CH2CHO 2 424.6 4.82 0.0 0.0 1.0
CH2CHCHOH 2 414.8 4.8 0.0 0.0 1.0
PC4H9O2 2 496.0 5.2 0.0 0.0 1.0
C4H8OOH1-2 2 496.0 5.2 0.0 0.0 1.0
C4H8OOH1-3 2 496.0 5.2 0.0 0.0 1.0
C4H8O1-2 2 496.0 5.2 0.0 0.0 1.0
C4H72-1OOH 2 496.0 5.2 0.0 0.0 1.0
NC4KET12 2 476.0 5.778 2.6 0.0 1.0
NC4KET21 2 476.0 5.778 2.6 0.0 1.0
C4H71-3OOH 2 496.0 5.2 0.0 0.0 1.0
C4H71-O 2 496.0 5.2 0.0 0.0 1.0
C4H10 2 350.9 5.206 0.0 0.0 1.0
PC4H9 2 352.0 5.24 0.0 0.0 1.0
SC4H9 2 352.0 5.24 0.0 0.0 1.0
TC3H6CHO 2 436.4 5.352 0.0 0.0 1.0
IC3H5CHO 2 436.4 5.352 0.0 0.0 1.0
IC3H6CO 2 436.4 5.352 0.0 0.0 1.0
IC3H5CO 2 436.4 5.352 0.0 0.0 1.0
IC3H4CHO-A 2 436.4 5.352 0.0 0.0 1.0
CCYCCO-T1 2 411.0 4.82 0.0 0.0 1.0
C4H5-2C2H 2 468.5 5.23 0.0 10.3 1.0
IC4H8 2 344.5 5.089 0.5 0.0 1.0
IC4H7 2 355.0 4.65 0.0 0.0 1.0
SC3H5CHO 2 464.2 5.009 2.6 0.0 1.0
SC3H5CO 2 464.2 5.009 2.6 0.0 1.0
C4H7O2-1 2 436.4 5.352 0.0 0.0 1.0
C4H71-1O2 2 436.4 5.352 0.0 0.0 1.0
C4H71-2O2 2 436.4 5.352 0.0 0.0 1.0
C4H71-3O2 2 436.4 5.352 0.0 0.0 1.0
C4H72-1O2 2 436.4 5.352 0.0 0.0 1.0
C4H71-4O2 2 436.4 5.352 0.0 0.0 1.0
C4H72OO1-3 2 444.5 5.0 0.0 0.0 1.0
C4H71OO2-3 2 430.1 5.1 0.0 0.0 1.0
C4H7O2-3O-1 2 467.2 5.1 0.0 0.0 1.0
C4H7O1-2O-3 2 474.3 5.1 0.0 0.0 1.0
C4H71OO2-4 2 444.5 5.0 0.0 0.0 1.0
C4H7O1-2O-4 2 471.4 5.1 0.0 0.0 1.0
C4H61KET43O 2 394.846 7.972 0.0 8.35 1.0
C4H61-3OOH4 2 436.4 5.352 0.0 0.0 1.0
C4H8-1 2 355.0 4.65 0.0 0.0 1.0
C4H71-1 2 357.1 4.72 0.0 0.0 1.0
C4H71-2 2 357.1 4.72 0.0 0.0 1.0
C4H71-3 2 357.1 4.72 0.0 0.0 1.0
C4H71-4 2 357.1 4.72 0.0 0.0 1.0
C4H6-1 2 357.0 4.72 0.0 0.0 1.0
C4H5-3 2 357.0 5.18 0.0 0.0 1.0
C4H5-4 2 357.0 5.18 0.0 0.0 1.0
C2HCOCH3 2 418.4 4.9 0.0 0.0 1.0
C2H5CCO 2 458.7 5.0 0.0 0.0 1.0
CH3C3H2O 2 454.1 5.0 0.0 0.0 1.0
C2H5CCHOH 2 442.8 5.2 0.0 0.0 1.0
C2H5CCHO 2 442.8 5.2 0.0 0.0 1.0
C2H5COCH 2 435.3 5.2 0.0 0.0 1.0
C2H5COCHO 2 461.3 5.3 0.0 0.0 1.0
C4H5O1-4 2 434.0 5.0 0.0 0.0 1.0
C4H5-4O2H 2 452.1 5.2 0.0 0.0 1.0
C4H5-4O2 2 452.1 5.2 0.0 0.0 1.0
C4H8-2 2 355.0 4.65 0.0 0.0 1.0
C4H72-2 2 357.1 4.72 0.0 0.0 1.0
CH2COHCHO 2 301.658 5.31 0.0 0.0 1.0
C4H71-3OH 2 436.4 5.352 0.0 0.0 1.0
C4H63,1-3OH 2 496.0 5.2 0.0 0.0 1.0
SC4H8OH-1 2 496.0 5.2 0.0 0.0 1.0
C4H71-1OH 2 436.4 5.352 0.0 0.0 1.0
C4H71-4OH 2 436.4 5.352 0.0 0.0 1.0
C4H72-1OH 2 436.4 5.352 0.0 0.0 1.0
C4H64,2-1OH 2 496.0 5.2 0.0 0.0 1.0
CC5H9OH-A 2 453.2 5.5 0.0 0.0 1.0
CC5H8OHA-B 2 453.2 5.5 0.0 0.0 1.0
CC5H8OHA-BO 2 524.9 5.6 0.0 0.0 1.0
C4H64,1-1OH 2 432.9 5.2 0.0 0.0 1.0
CH2CYC3H4OH 2 445.1 5.0 0.0 0.0 1.0
C4H64,1OH-2O2 2 522.8 5.4 0.0 0.0 1.0
C4H64,OOH2-1O 2 522.8 5.4 0.0 0.0 1.0
C4H54,1OHQ2-1 2 522.8 5.4 0.0 0.0 1.0
C4H5OH1O1-2 2 467.6 5.0 0.0 0.0 1.0
C2H3COCHOH 2 485.2 5.2 0.0 0.0 1.0
C4H63,1-1OH 2 496.0 5.2 0.0 0.0 1.0
C4H5OH-13 2 436.4 5.352 0.0 0.0 1.0
C4H6OHOOH1-4-3 2 476.0 5.778 2.6 0.0 1.0
HOCH2COCH2 2 447.639 5.086 0.0 0.0 0.0
HOCH2CHO 2 395.0 4.037 1.3 0.0 1.0
HOCH2CO 2 436.0 3.97 0.0 0.0 2.0
HOCHCHO 2 436.0 3.97 0.0 0.0 2.0
HOCH2COCH2O 2 404.107 5.569 0.0 7.41 1.0
PC4H8OH-2 2 496.0 5.2 0.0 0.0 1.0
IC3H6OHCHO 2 436.4 5.352 0.0 0.0 1.0
CYHEXDN13 2 459.307 5.772 0.0 0.0 1.0
CYHEXDN14 2 459.307 5.772 0.0 0.0 1.0
C6H8 2 438.849 5.605 0.0 0.0 1.0
CYHEXEN-4J 2 477.077 5.838 0.0 0.0 1.0
CYPENTN-4MJ 2 534.27 5.14 0.0 0.0 1.0
CYPENTN-4M4J 2 446.713 5.922 0.0 0.0 1.0
CYPENTN-4M3J 2 458.249 5.671 0.0 0.0 1.0
CH2CHCHCHO 1 357.0 5.18 0.0 0.0 1.0
C2H3CHOHCH2 2 436.4 5.352 0.0 0.0 1.0
C4H51,3OH2 2 457.513 5.165 0.0 0.0 1.0
C3H4CH2OH-3O 2 436.4 5.352 0.0 0.0 1.0
C2H3COCH2OH 2 496.0 5.2 0.0 0.0 1.0
C2H3CHOHCO 2 394.846 7.972 0.0 8.35 1.0
C3H4CH2OH-1OOH 2 476.0 5.778 2.6 0.0 1.0
C3H4CH2OH-1O 2 436.4 5.352 0.0 0.0 1.0
CHCHCH2OH 2 414.8 4.8 0.0 0.0 1.0
CHOOCHCH2OH 2 512.3 5.0 0.0 0.0 1.0
C2H3CHOCH2 1 357.0 5.18 0.0 0.0 1.0
C4H4O 1 357.0 5.18 0.0 0.0 1.0
C4H6O23 1 357.0 5.18 0.0 0.0 1.0
CPT 2 420.9 5.1 0.0 0.0 1.0
C4H6 2 357.0 4.72 0.0 0.0 1.0
C4H5-I 2 357.0 5.18 0.0 0.0 1.0
C4H5-N 2 357.0 5.18 0.0 0.0 1.0
C4H5-2 2 357.0 5.18 0.0 0.0 1.0
C4H4 2 357.0 5.18 0.0 0.0 1.0
C4H3-I 2 357.0 5.18 0.0 0.0 1.0
C4H3-N 2 357.0 5.18 0.0 0.0 1.0
C4H2 1 357.0 4.72 0.0 0.0 1.0
CH2CHCHCHCCH 2 468.5 5.23 0.0 10.3 1.0
C4H612 2 357.0 5.18 0.0 0.0 1.0
C4H6-2 2 357.0 5.18 0.0 0.0 1.0
H2C4O 2 357.0 5.18 0.0 0.0 1.0
CH2CCOCH3 2 446.6 5.0 0.0 0.0 1.0
C3H6CHO-1O2 2 436.4 5.352 0.0 0.0 1.0
C3H6CHO-2O2 2 436.4 5.352 0.0 0.0 1.0
C3H6CHO-3O2 2 436.4 5.352 0.0 0.0 1.0
C3H6COQ1 2 436.4 5.352 0.0 0.0 1.0
C3H6COQ2 2 436.4 5.352 0.0 0.0 1.0
C3H5CHOQ2-1 2 436.4 5.352 0.0 0.0 1.0
C3H6COQ3 2 436.4 5.352 0.0 0.0 1.0
CH3CYC2H2OCHO 2 458.29 5.221 0.0 0.0 1.0
C3H7CHO 2 464.2 5.009 2.6 0.0 1.0
NC3H7CO 2 464.2 5.009 2.6 0.0 1.0
C3H6CHO-1 2 464.2 5.009 2.6 0.0 1.0
C3H6CHO-2 2 464.2 5.009 2.6 0.0 1.0
C3H6CHO-3 2 464.2 5.009 2.6 0.0 1.0
C2H5COCH2 2 454.0 5.413 3.3 0.0 1.0
CH2CH2COCH3 2 440.584 5.04 0.0 0.0 0.0
CH3CHCOCH3 2 440.584 5.04 0.0 0.0 0.0
C2H3COCH3 2 454.0 5.413 3.3 0.0 1.0
C2H5CHCO 2 436.95 5.016 0.0 0.0 0.0
C5H5CH3-1 2 383.046 5.397 0.0 10.74 1.0
C5H5CH3-2 2 383.046 5.397 0.0 10.74 1.0
C5H5CH2-1 2 380.6 5.377 0.0 10.57 1.0
C5H5CH2-2 2 380.6 5.377 0.0 10.57 1.0
CYC6H7 2 380.6 5.377 0.0 10.57 1.0
C6H7-2 2 380.6 5.377 0.0 10.57 1.0
C5H4CH3 2 380.6 5.377 0.0 10.57 1.0
C5H5CH2 2 380.6 5.377 0.0 10.57 1.0
C5H10O1-2 2 523.2 5.664 1.7 0.0 1.0
C5H91-3OOH 2 523.2 5.664 1.7 0.0 1.0
C5H92-1OOH 2 523.2 5.664 1.7 0.0 1.0
NC5KET12 2 494.8 6.174 1.8 0.0 1.0
NC5KET12O 2 494.8 6.174 1.8 0.0 1.0
C2H4OCHO 2 464.2 5.009 2.6 0.0 1.0
C5H11-2 2 523.2 5.664 1.7 0.0 1.0
C-DC5H10O 2 492.434 5.369 0.0 0.0 0.0
IC3H5COCH3 2 485.716 5.327 0.0 0.0 0.0
AC3H4COCH3 2 482.331 5.306 0.0 0.0 0.0
C5H81-2 2 352.829 5.143 0.0 9.23 1.0
C5H81-3 2 408.0 5.2 0.0 0.0 1.0
C5H8OH13-2O2 2 549.2 5.7 0.0 0.0 1.0
C5H83OOH2-1O 2 549.2 5.7 0.0 0.0 1.0
C5H8D14 2 352.829 5.143 0.0 9.23 1.0
C5H82-3 2 352.829 5.143 0.0 9.23 1.0
C5H8-1 2 352.829 5.143 0.0 9.23 1.0
C5H8-2 2 352.829 5.143 0.0 9.23 1.0
CH3CYC3H3CH3-3 2 396.8 5.458 0.0 0.0 1.0
CH2CYC3H4CH3 2 396.8 5.458 0.0 0.0 1.0
CYC3H4C2H5-2 2 396.8 5.458 0.0 0.0 1.0
CYC3H5CHCH3 2 396.8 5.458 0.0 0.0 1.0
CYC5H9 2 396.8 5.458 0.0 0.0 1.0
CYC3H5CHCH2 2 352.829 5.143 0.0 9.23 1.0
C5H7-13-2 2 408.0 5.2 0.0 0.0 1.0
C5H7-13-3 2 408.0 5.2 0.0 0.0 1.0
CVCCJCVC 2 408.0 5.2 0.0 0.0 1.0
C5H7-14-1 2 408.0 5.2 0.0 0.0 1.0
CVCCVCCOJ 2 390.189 5.456 0.0 9.63 1.0
CVCCVCCVO 2 387.787 5.436 0.0 9.46 1.0
C5H9O1-3 2 523.2 5.664 1.7 0.0 1.0
C5H9O2-1 2 523.2 5.664 1.7 0.0 1.0
C5H9O2-4 2 523.2 5.664 1.7 0.0 1.0
C5H91-3O2 2 430.92 5.783 0.0 10.54 1.0
C5H91-4O2 2 430.92 5.783 0.0 10.54 1.0
C5H92-1O2 2 430.92 5.783 0.0 10.54 1.0
C5H92-2O2 2 430.92 5.783 0.0 10.54 1.0
C5H92-3O2 2 430.92 5.783 0.0 10.54 1.0
C5H92-4O2 2 430.92 5.783 0.0 10.54 1.0
C5H92-5O2 2 430.92 5.783 0.0 10.54 1.0
C5H91OO2-4 2 430.92 5.783 0.0 10.54 1.0
C5H92OO1-3 2 430.92 5.783 0.0 10.54 1.0
C5H92OO3-5 2 430.92 5.783 0.0 10.54 1.0
C5H93OO2-5 2 430.92 5.783 0.0 10.54 1.0
C5H9O1-2O-3 2 430.92 5.783 0.0 10.54 1.0
C5H9O1-2O-4 2 430.92 5.783 0.0 10.54 1.0
C5H9O2-3O-1 2 430.92 5.783 0.0 10.54 1.0
C5H9O2-3O-5 2 430.92 5.783 0.0 10.54 1.0
C5H81OOH3-1 2 430.92 5.783 0.0 10.54 1.0
C5H81OOH3-4 2 430.92 5.783 0.0 10.54 1.0
C5H81OOH3-5 2 430.92 5.783 0.0 10.54 1.0
C5H81OOH4-3 2 430.92 5.783 0.0 10.54 1.0
C5H81OOH5-3 2 430.92 5.783 0.0 10.54 1.0
C5H82OOH1-3 2 430.92 5.783 0.0 10.54 1.0
C5H82OOH1-4 2 430.92 5.783 0.0 10.54 1.0
C5H81O3-4 2 392.576 5.475 0.0 9.8 1.0
C5H81O3-5 2 392.576 5.475 0.0 9.8 1.0
C5H82O1-4 2 392.576 5.475 0.0 9.8 1.0
C5H82O4-5 2 392.576 5.475 0.0 9.8 1.0
C5H81OOH3-5O2 2 495.235 6.275 0.0 11.68 1.0
C5H81KET35 2 462.137 6.026 0.0 10.94 1.0
C5H81KET35O 2 426.543 5.749 0.0 10.2 1.0
IC6D3 2 392.68 5.476 0.0 11.42 1.0
IC6D3-2 2 482.473 5.307 0.0 0.0 0.0
I3C6D1 2 485.857 5.328 0.0 0.0 0.0
I3C6D1-3 2 482.473 5.307 0.0 0.0 0.0
C5H10-1 2 386.2 5.489 0.4 0.0 1.0
C5H10-2 2 396.8 5.458 0.0 0.0 1.0
C5H91-1 2 396.8 5.458 0.0 0.0 1.0
C5H91-2 2 396.8 5.458 0.0 0.0 1.0
C5H91-3 2 396.8 5.458 0.0 0.0 1.0
C5H91-4 2 396.8 5.458 0.0 0.0 1.0
C5H91-5 2 396.8 5.458 0.0 0.0 1.0
C5H92-2 2 396.8 5.458 0.0 0.0 1.0
C5H92-3 2 396.8 5.458 0.0 0.0 1.0
C5H92-4 2 396.8 5.458 0.0 0.0 1.0
C5H92-5 2 396.8 5.458 0.0 0.0 1.0
CC5H10 2 437.102 5.017 0.0 0.0 0.0
CC5H9-A 2 396.8 5.458 0.0 0.0 1.0
CC5H9-B 2 396.8 5.458 0.0 0.0 1.0
AC5H9-A2 2 396.8 5.458 0.0 0.0 1.0
AC5H9-C 2 396.8 5.458 0.0 0.0 1.0
AC5H9-D 2 396.8 5.458 0.0 0.0 1.0
B13DE2M 2 408.0 5.2 0.0 0.0 1.0
B13DE2MJ 2 408.0 5.2 0.0 0.0 1.0
C4H7CHO-2 2 523.2 5.664 1.7 0.0 1.0
C4H7CHO-4 2 523.2 5.664 1.7 0.0 1.0
C4H7CO1-4 2 390.189 5.456 0.0 9.63 1.0
C4H6CHO-4,3 2 826.3 5.8 0.0 0.0 0.0
PC4H9CHO 2 476.0 5.778 2.6 0.0 1.0
PC4H9CO 2 476.0 5.778 2.6 0.0 1.0
PC4H8CHO-1 2 476.0 5.778 2.6 0.0 1.0
AC3H5CHO 2 464.2 5.009 2.6 0.0 1.0
AC3H5CO 2 355.347 5.164 0.0 7.78 1.0
NC52ONE-3 2 523.2 5.664 1.7 0.0 1.0
NC53ONE-1 2 523.2 5.664 1.7 0.0 1.0
NC3H7COCH2 2 523.2 5.664 1.7 0.0 1.0
CH3CHCOC2H5 2 523.2 5.664 1.7 0.0 1.0
C5H9OH1-1 2 523.2 5.664 1.7 0.0 1.0
C5H9OH1-2,4 2 523.2 5.664 1.7 0.0 1.0
C5H9OH2-1,3 2 523.2 5.664 1.7 0.0 1.0
C5H9OH2-1,3O 2 430.92 5.783 0.0 10.54 1.0
CH3COOH 2 470.6 4.41 0.0 0.0 1.5
C6H13O2-3 2 588.653 5.943 0.0 0.0 0.0
C6H12OOH3-4O 2 541.5 5.674 1.8 0.0 1.0
C6H12OOH1-4 2 588.653 5.943 0.0 0.0 0.0
C6H12OOH2-4 2 588.653 5.943 0.0 0.0 0.0
C6H12OOH3-2 2 588.653 5.943 0.0 0.0 0.0
C6H12OOH2-3 2 588.653 5.943 0.0 0.0 0.0
C6H12OOH2-5 2 588.653 5.943 0.0 0.0 0.0
C6H12OOH3-1 2 588.653 5.943 0.0 0.0 0.0
C6H12OOH3-4 2 588.653 5.943 0.0 0.0 0.0
C6H12OOH3-5 2 588.653 5.943 0.0 0.0 0.0
C6H12OOH3-6 2 588.653 5.943 0.0 0.0 0.0
C6H12O2-3 2 537.467 5.643 0.0 0.0 0.0
C6H12O1-3 2 537.467 5.643 0.0 0.0 0.0
C6H12O2-4 2 537.467 5.643 0.0 0.0 0.0
C6H12O1-4 2 537.467 5.643 0.0 0.0 0.0
C6H12O3-4 2 537.467 5.643 0.0 0.0 0.0
C6H12OOH2-5O2 2 677.149 6.436 0.0 0.0 0.0
C6H12OOH3-4O2 2 677.149 6.436 0.0 0.0 0.0
C6H12OOH3-5O2 2 677.149 6.436 0.0 0.0 0.0
C6H12OOH2-4O2 2 677.149 6.436 0.0 0.0 0.0
C6H12OOH3-6O2 2 677.149 6.436 0.0 0.0 0.0
C6H12OOH2-3O 2 541.5 5.674 1.8 0.0 1.0
C6KET24 2 541.5 5.674 1.8 0.0 1.0
C6KET35 2 541.5 5.674 1.8 0.0 1.0
C6KET24O 2 467.0 6.548 1.8 0.0 1.0
C6KET35O 2 467.0 6.548 1.8 0.0 1.0
C6H11Q24-6 2 541.5 5.674 1.8 0.0 1.0
C6H11Q34-2 2 541.5 5.674 1.8 0.0 1.0
C6H11Q13-4 2 541.5 5.674 1.8 0.0 1.0
C6H11Q14-3 2 541.5 5.674 1.8 0.0 1.0
C6H11Q24-3 2 541.5 5.674 1.8 0.0 1.0
C6H11Q25-3 2 541.5 5.674 1.8 0.0 1.0
C6H11Q24-5 2 541.5 5.674 1.8 0.0 1.0
C6H11O23-5OOH 2 541.5 5.674 1.8 0.0 1.0
C6H11O24-5OOH 2 541.5 5.674 1.8 0.0 1.0
C6H11O34-1OOH 2 541.5 5.674 1.8 0.0 1.0
C6H11O23-4OOH 2 541.5 5.674 1.8 0.0 1.0
C4H7O23-1 2 496.0 5.2 0.0 0.0 1.0
C5H9O23-1 2 523.2 5.664 1.7 0.0 1.008
C6H12OOH3-2O 2 541.5 5.674 1.8 0.0 1.0
C6H13-1 2 489.224 5.349 0.0 0.0 0.0
C6H13-2 2 489.224 5.349 0.0 0.0 0.0
C6H13-3 2 489.224 5.349 0.0 0.0 0.0
C6H11-1D3OOH 2 541.5 5.674 1.8 0.0 1.0
C6H11-2D1OOH 2 541.5 5.674 1.8 0.0 1.0
C6H11-3D1OOH 2 541.5 5.674 1.8 0.0 1.0
C6H11-1D5OOH 2 541.5 5.674 1.8 0.0 1.0
C6H11-2D5OOH 2 541.5 5.674 1.8 0.0 1.0
C6H11-1D4OOH 2 541.5 5.674 1.8 0.0 1.0
C6H11-2D4OOH 2 541.5 5.674 1.8 0.0 1.0
C6H11-3D2OOH 2 541.5 5.674 1.8 0.0 1.0
C6H9D14-3OOH 2 579.822 10.31 0.0 0.0 1.0
C6H9D13-6OOH 2 579.822 10.31 0.0 0.0 1.0
C6H9D14-6OOH 2 579.822 10.31 0.0 0.0 1.0
C6H11-1D3O 2 541.5 5.674 1.8 0.0 1.0
C6H11-2D1O 2 541.5 5.674 1.8 0.0 1.0
C6H11-3D2O 2 541.5 5.674 1.8 0.0 1.0
C6H11-2D4O 2 541.5 5.674 1.8 0.0 1.0
C6H111O2-2 2 460.179 6.011 0.0 12.39 1.0
C6H111O2-5 2 460.179 6.011 0.0 12.39 1.0
C6H112O2-6 2 460.179 6.011 0.0 12.39 1.0
C6H112O2-1 2 460.179 6.011 0.0 12.39 1.0
C6H111O2-6 2 460.179 6.011 0.0 12.39 1.0
C6H113O2-2 2 460.179 6.011 0.0 12.39 1.0
C6H111O2-3 2 460.179 6.011 0.0 12.39 1.0
C6H112O2-4 2 460.179 6.011 0.0 12.39 1.0
C6H113O2-1 2 460.179 6.011 0.0 12.39 1.0
C6H111O2-4 2 460.179 6.011 0.0 12.39 1.0
C6H112O2-5 2 460.179 6.011 0.0 12.39 1.0
C6H111OO2-4 2 460.179 6.011 0.0 12.39 1.0
C6H112OO3-5 2 460.179 6.011 0.0 12.39 1.0
C6H11O1-2O-3 2 460.179 6.011 0.0 12.39 1.0
C6H11O1-2O-4 2 460.179 6.011 0.0 12.39 1.0
C6H11O2-3O-5 2 460.179 6.011 0.0 12.39 1.0
C6H101OOH3-6 2 460.179 6.011 0.0 12.39 1.0
C6H101OOH6-4 2 460.179 6.011 0.0 12.39 1.0
C6H102OOH5-4 2 460.179 6.011 0.0 12.39 1.0
C6H103OOH1-2 2 460.179 6.011 0.0 12.39 1.0
C6H101OOH3-5 2 460.179 6.011 0.0 12.39 1.0
C6H101OOH4-6 2 460.179 6.011 0.0 12.39 1.0
C6H101OOH6-3 2 460.179 6.011 0.0 12.39 1.0
C6H102OOH4-6 2 460.179 6.011 0.0 12.39 1.0
C6H102OOH6-5 2 460.179 6.011 0.0 12.39 1.0
C6H101OOH3-4 2 460.179 6.011 0.0 12.39 1.0
C6H101OOH4-5 2 460.179 6.011 0.0 12.39 1.0
C6H101OOH5-6 2 460.179 6.011 0.0 12.39 1.0
C6H102OOH4-5 2 460.179 6.011 0.0 12.39 1.0
C6H102OOH6-4 2 460.179 6.011 0.0 12.39 1.0
C6H101OOH4-3 2 460.179 6.011 0.0 12.39 1.0
C6H101OOH6-5 2 460.179 6.011 0.0 12.39 1.0
C6H102OOH5-6 2 460.179 6.011 0.0 12.39 1.0
C6H103OOH2-1 2 460.179 6.011 0.0 12.39 1.0
C6H102O4-5 2 424.439 5.732 0.0 11.65 1.0
C6H102O5-6 2 424.439 5.732 0.0 11.65 1.0
C6H101O4-6 2 424.439 5.732 0.0 11.65 1.0
C6H101O5-6 2 424.439 5.732 0.0 11.65 1.0
C6H103O1-2 2 424.439 5.732 0.0 11.65 1.0
VTHF 2 424.439 5.732 0.0 11.65 1.0
ETES1 2 424.439 5.732 0.0 11.65 1.0
MVOX 2 424.439 5.732 0.0 11.65 1.0
C6H101OOH3-5O2 2 520.972 6.465 0.0 13.53 1.0
C6H101OOH4-6O2 2 520.972 6.465 0.0 13.53 1.0
C6H101OOH6-3O2 2 520.972 6.465 0.0 13.53 1.0
C6H102OOH4-6O2 2 520.972 6.465 0.0 13.53 1.0
C6H101OOH6-5O2 2 520.972 6.465 0.0 13.53 1.0
C6H103OOH2-1O2 2 520.972 6.465 0.0 13.53 1.0
C6H101OOH3-6O2 2 520.972 6.465 0.0 13.53 1.0
C6H101OOH6-4O2 2 520.972 6.465 0.0 13.53 1.0
NC6D1KET35 2 489.575 6.233 0.0 12.79 1.0
NC6D1KET46 2 489.575 6.233 0.0 12.79 1.0
NC6D1KET63 2 489.575 6.233 0.0 12.79 1.0
NC6D2KET46 2 489.575 6.233 0.0 12.79 1.0
NC6D1KET65 2 489.575 6.233 0.0 12.79 1.0
NC6D3KET21 2 489.575 6.233 0.0 12.79 1.0
NC6D1KET36 2 489.575 6.233 0.0 12.79 1.0
NC6D1KET64 2 489.575 6.233 0.0 12.79 1.0
NC6D1KET35O 2 456.097 5.979 0.0 12.05 1.0
NC6D1KET36O 2 456.097 5.979 0.0 12.05 1.0
NC6D1KET63O 2 456.097 5.979 0.0 12.05 1.0
NC6D1KET64O 2 456.097 5.979 0.0 12.05 1.0
NC6D1KET65O 2 456.097 5.979 0.0 12.05 1.0
C6H102-4 2 337.788 5.608 0.0 0.0 1.0
C6H10D14 2 387.892 5.437 0.0 11.08 1.0
C6H101-5 2 337.788 5.608 0.0 0.0 1.0
C6H101-3 2 337.788 5.608 0.0 0.0 1.0
P13DE1J 2 350.178 5.12 0.0 9.06 1.0
CVCCJCVCC 2 346.876 5.564 0.0 0.0 1.0
CVCCVCCOJC 2 422.228 5.715 0.0 11.48 1.0
CVCCOJCVCC 2 422.228 5.715 0.0 11.48 1.0
COOHCVCCVCC 2 579.822 10.31 0.0 0.0 1.0
COJCVCCVCC 2 422.228 5.715 0.0 11.48 1.0
C6H9-A 2 346.876 5.564 0.0 0.0 1.0
C6H9-AOOH 2 481.5 4.997 1.7 0.0 1.0
C6H9-13-2 2 346.876 5.564 0.0 0.0 1.0
C6H9-13-3 2 346.876 5.564 0.0 0.0 1.0
C6H9-13-6 2 346.876 5.564 0.0 0.0 1.0
C6H9-13-6O2 2 456.097 5.979 0.0 12.05 1.0
C2H3COCH2 2 355.347 5.164 0.0 7.78 1.0
C6H12-1 2 485.857 5.328 0.0 0.0 0.0
C6H12-2 2 485.857 5.328 0.0 0.0 0.0
C6H12-3 2 485.857 5.328 0.0 0.0 0.0
C6H111-2 2 482.473 5.307 0.0 0.0 0.0
C6H111-3 2 482.473 5.307 0.0 0.0 0.0
C6H111-4 2 482.473 5.307 0.0 0.0 0.0
C6H111-5 2 482.473 5.307 0.0 0.0 0.0
C6H111-6 2 482.473 5.307 0.0 0.0 0.0
C6H112-4 2 482.473 5.307 0.0 0.0 0.0
C6H112-5 2 482.473 5.307 0.0 0.0 0.0
C6H112-6 2 482.473 5.307 0.0 0.0 0.0
C6H113-1 2 482.473 5.307 0.0 0.0 0.0
C6H113-3 2 396.8 5.458 0.0 0.0 1.0
C6H12OH-3J4 2 541.5 5.674 1.8 0.0 1.0
C6H12OH-2J3 2 541.5 5.674 1.8 0.0 1.0
C6H12OH-3J2 2 541.5 5.674 1.8 0.0 1.0
C6H12OH-2O2-3 2 541.5 5.674 1.8 0.0 1.0
C6H12OH-3O2-4 2 541.5 5.674 1.8 0.0 1.0
C6H12OH-3O2-2 2 541.5 5.674 1.8 0.0 1.0
C6H11OH2-2 2 537.467 5.643 0.0 0.0 0.0
C6H11OH2-3 2 537.467 5.643 0.0 0.0 0.0
C6H11OH3-1 2 537.467 5.643 0.0 0.0 0.0
C6H11OH3-2 2 537.467 5.643 0.0 0.0 0.0
C6H11OH2Q3-1 2 495.31 6.276 0.0 13.3 1.0
C6H11OH2Q3-2 2 495.31 6.276 0.0 13.3 1.0
C6H11OH2Q3-4 2 495.31 6.276 0.0 13.3 1.0
C6H11OH2Q3-5 2 495.31 6.276 0.0 13.3 1.0
C6H11OH2Q3-6 2 495.31 6.276 0.0 13.3 1.0
C6H11OH3Q2-1 2 495.31 6.276 0.0 13.3 1.0
C6H11OH3Q2-3 2 495.31 6.276 0.0 13.3 1.0
C6H11OH3Q2-4 2 495.31 6.276 0.0 13.3 1.0
C6H11OH3Q2-5 2 495.31 6.276 0.0 13.3 1.0
C6H11OJ3 2 541.5 5.674 1.8 0.0 1.0
CHX 2 392.68 5.476 0.0 11.42 1.0
CHXRAD 2 390.293 5.457 0.0 11.25 1.0
CHXO2J 2 460.179 6.011 0.0 12.39 1.0
CHX1Q3J 2 460.179 6.011 0.0 12.39 1.0
CYCHEXENE 2 387.892 5.437 0.0 11.08 1.0
HEX5ENAL 2 424.439 5.732 0.0 11.65 1.0
CYHX1N3OJ 2 422.228 5.715 0.0 11.48 1.0
HX5ENAL4J 2 422.228 5.715 0.0 11.48 1.0
CYHX1N3J 2 385.477 5.417 0.0 10.91 1.0
HX5ENAL1J 2 422.228 5.715 0.0 11.48 1.0
HX2N1AL6J 2 422.228 5.715 0.0 11.48 1.0
IC6-3 2 395.053 5.496 0.0 11.59 1.0
IC6D2 2 392.68 5.476 0.0 11.42 1.0
IC3H7CHCO 2 392.576 5.475 0.0 9.8 1.0
IC6OOH3-2 2 464.247 6.042 0.0 12.73 1.0
IC6O1-2 2 428.824 5.767 0.0 11.99 1.0
IC6O2-3 2 428.824 5.767 0.0 11.99 1.0
IC6D13 2 387.892 5.437 0.0 11.08 1.0
I3C6D1-5 2 390.293 5.457 0.0 11.25 1.0
I3C6D3 2 392.68 5.476 0.0 11.42 1.0
I3C6OOH4-3 2 464.247 6.042 0.0 12.73 1.0
I3C6OOH3-4 2 464.247 6.042 0.0 12.73 1.0
I3C6O3-4 2 428.824 5.767 0.0 11.99 1.0
XC6D1-1A 2 390.293 5.457 0.0 11.25 1.0
XC6D1-1AO 2 426.639 5.75 0.0 11.82 1.0
IC6D13-1AR 2 385.477 5.417 0.0 10.91 1.0
NC5D124-5R 2 344.815 5.074 0.0 8.72 1.0
I3C6D15 2 387.892 5.437 0.0 11.08 1.0
I3C6D15-3 2 385.477 5.417 0.0 10.91 1.0
C2H5CO3 2 404.107 5.569 0.0 7.41 1.0
IC6D13-5R 2 385.477 5.417 0.0 10.91 1.0
I3C6D25 2 387.892 5.437 0.0 11.08 1.0
I3C6D15-4 2 385.477 5.417 0.0 10.91 1.0
I3C6D13-5 2 385.477 5.417 0.0 10.91 1.0
NC5D124 2 347.507 5.097 0.0 8.89 1.0
I3C6D13-6 2 385.477 5.417 0.0 10.91 1.0
C5D2Y1-1R 2 482.331 5.306 0.0 0.0 0.0
C6D2Y1 2 457.8 6.173 0.3 0.0 1.0
C6D2Y1-1R 2 457.8 6.173 0.3 0.0 1.0
L-C6H4 2 412.3 5.349 0.0 0.0 1.0
C-C6H4 2 464.8 5.29 0.0 10.32 0.0
C6H3 2 357.0 5.18 0.0 0.0 1.0
C6H2 1 408.0 5.2 0.0 0.0 1.0
C6H5OO 2 464.8 5.29 0.0 10.32 0.0
A1-C6H6 2 468.5 5.23 0.0 10.3 1.0
FULVENE 2 468.5 5.23 0.0 0.0 1.0
C6H5 2 412.3 5.349 0.0 0.0 1.0
OC6H4OH 2 621.1 5.64 0.0 0.0 1.0
O-C6H4O2 2 450.0 5.5 0.0 0.0 1.0
P-C6H4O2 2 450.0 5.5 0.0 0.0 1.0
O-OC6H5OJ 2 450.0 5.5 0.0 0.0 1.0
P-C6H3O2 2 450.0 5.5 0.0 0.0 1.0
C6H5OH 2 450.0 5.5 0.0 0.0 1.0
C6H5O 2 450.0 5.5 0.0 0.0 1.0
C6H4OH 2 464.8 5.29 0.0 10.32 0.0
CVCCVCCOH 2 523.2 5.664 1.7 0.0 1.0
C5H5OH 2 450.0 5.5 0.0 0.0 1.0
C5H5O 2 450.0 5.5 0.0 0.0 1.0
C5H4OH 2 450.0 5.5 0.0 0.0 1.0
C5H4O 2 450.0 5.5 0.0 0.0 1.0
C5H3O 2 511.398 5.357 0.0 0.0 1.0
CJVCCVCCVO 2 523.2 5.664 1.7 0.0 1.0
CVCCVCCJVO 2 523.2 5.664 1.7 0.0 1.0
CJVCCVO 2 443.2 4.12 0.0 0.0 1.0
OC5H7O 2 496.0 5.2 0.0 0.0 1.0
C5H6 1 408.0 5.2 0.0 0.0 1.0
C5H5 1 408.0 5.2 0.0 0.0 1.0
C5H6-L 2 408.0 5.2 0.0 0.0 1.0
C#CCVCCJ 2 408.0 5.2 0.0 0.0 1.0
C5H7 2 408.0 5.2 0.0 0.0 1.0
C5H5CH3 2 424.384 5.89 0.0 0.0 0.0
C2-OOQOOH 2 503.9 4.9 0.0 0.0 1.0
BUTA123TRIENE 2 357.0 5.18 0.0 0.0 1.0
IC5D1T3-1J 1 408.0 5.2 0.0 0.0 1.0
IC5T1 2 352.829 5.143 0.0 9.23 1.0
C6H102O4-6 2    424.43900      5.73200      0.00000     11.65000      1.00000
HE                            0     11.44200      2.71500      0.00000      0.20400      2.00000
CC7H15  2    459.60000      6.25300      0.00000      0.00000      1.00000
C6H102OOH4-5O2                2    520.97200      6.46500      0.00000     13.53000      1.00000
NC6D2KET45                    2    489.57500      6.23300      0.00000     12.79000      1.00000
C4H6CHO-1,3                   2    826.30000      5.80000      0.00000      0.00000      0.00000
C4H7CHO-3 2 523.2 5.664 1.7 0.0 1.0
C6H12OOH3-1O2                 2    677.14900      6.43600      0.00000      0.00000      0.00000
C6H103OOH1-2O2                2    520.97200      6.46500      0.00000     13.53000      1.00000
C3H6CHO-S 2 464.2 5.009 2.6 0.0 1.0
C6H12-3OJ4 2 541.5 5.674 1.8 0.0 1.0
C6H12O1-2                     2    537.46700      5.64300      0.00000      0.00000      0.00000
C6H102OOH4-5O2 2 677.149 6.436 0.0 0.0 0.0
NC6D3KET12 2 489.575 6.233 0.0 12.79 1.0
C6KET31                       2    541.50000      5.67400      1.80000      0.00000      1.00000
C6KET31O                      2    467.00000      6.54800      1.80000      0.00000      1.00000
C6KET34O                      2    467.00000      6.54800      1.80000      0.00000      1.00000
C6KET34                       2    541.50000      5.67400      1.80000      0.00000      1.00000
C6H12OOH3-2O2                 2    677.14900      6.43600      0.00000      0.00000      0.00000
C6KET32                       2    541.50000      5.67400      1.80000      0.00000      1.00000
C6KET32O                      2    467.00000      6.54800      1.80000      0.00000      1.00000
C6KET35                       2    541.50000      5.67400      1.80000      0.00000      1.00000
C6KET35O                      2    467.00000      6.54800      1.80000      0.00000      1.00000
C6H12OOH2-3O2                 2    677.14900      6.43600      0.00000      0.00000      0.00000
