THERMO ALL
  300.000  1000.000  5000.000
AR                G-5-97AR  1               G     200.0    6000.0  1000.0      1
          2.5E0          0.0E0          0.0E0          0.0E0          0.0E0    2
     -7.45375E2   4.37967491E0          2.5E0          0.0E0          0.0E0    3
          0.0E0          0.0E0     -7.45375E2   4.37967491E0                   4
HE                G-5-97HE  1               G     200.0    6000.0  1000.0      1
          2.5E0          0.0E0          0.0E0          0.0E0          0.0E0    2
     -7.45375E2  9.28723974E-1          2.5E0          0.0E0          0.0E0    3
          0.0E0          0.0E0     -7.45375E2  9.28723974E-1                   4
H2                TPIS78H   2               G     200.0    6000.0  1000.0      1
   2.93286575E0  8.26608026E-4 -1.46402364E-7 1.54100414E-11  -6.888048E-16    2
  -8.13065581E2  -1.02432865E0   2.34433112E0  7.98052075E-3  -1.9478151E-5    3
  2.01572094E-8-7.37611761E-12  -9.17935173E2  6.83010238E-1                   4
H                 L-6-94H   1               G     200.0    6000.0  1000.0      1
          2.5E0          0.0E0          0.0E0          0.0E0          0.0E0    2
     2.547366E4  -4.4668285E-1          2.5E0          0.0E0          0.0E0    3
          0.0E0          0.0E0     2.547366E4  -4.4668285E-1                   4
O2                RUS-89O   2               G     200.0    6000.0  1000.0      1
   3.66096065E0  6.56365811E-4 -1.41149627E-7 2.05797935E-11-1.29913436E-15    2
  -1.21597718E3   3.41536279E0   3.78245636E0 -2.99673416E-3  9.84730201E-6    3
 -9.68129509E-9 3.24372837E-12  -1.06394356E3   3.65767573E0                   4
O                 L-1-90O   1               G     200.0    6000.0  1000.0      1
   2.54363697E0 -2.73162486E-5  -4.1902952E-9 4.95481845E-12-4.79553694E-16    2
    2.9226012E4   4.92229457E0    3.1682671E0 -3.27931884E-3  6.64306396E-6    3
 -6.12806624E-9 2.11265971E-12   2.91222592E4   2.05193346E0                   4
H2O               L-5-89H   2O   1          G     200.0    6000.0  1000.0      1
    2.6770389E0   2.9731816E-3  -7.7376889E-7  9.4433514E-11 -4.2689991E-15    2
   -2.9885894E4      6.88255E0    4.1986352E0  -2.0364017E-3   6.5203416E-6    3
  -5.4879269E-9   1.771968E-12   -3.0293726E4  -8.4900901E-1                   4
OH                IU3-03H   1O   1          G     200.0    6000.0  1000.0      1
   2.83853033E0  1.10741289E-3 -2.94000209E-7 4.20698729E-11 -2.4228989E-15    2
   3.69780808E3   5.84494652E0   3.99198424E0 -2.40106655E-3  4.61664033E-6    3
 -3.87916306E-9 1.36319502E-12   3.36889836E3 -1.03998477E-1                   4
OHV               121286H   1O   1          G     300.0    5000.0  1000.0      1
      2.88273E0   1.0139743E-3   -2.276877E-7   2.174683E-11  -5.126305E-16    2
       5.0265E4     5.595712E0     3.637266E0     1.85091E-4  -1.6761646E-6    3
    2.387202E-9  -8.431442E-13      5.00213E4    1.3588605E0                   4
H2O2              T-8-03H   2O   2          G     200.0    6000.0  1000.0      1
   4.57977305E0  4.05326003E-3  -1.2984473E-6   1.982114E-10-1.13968792E-14    2
  -1.80071775E4  6.64970694E-1   4.31515149E0 -8.47390622E-4  1.76404323E-5    3
 -2.26762944E-8 9.08950158E-12  -1.77067437E4   3.27373319E0                   4
HO2               T-1-09H   1O   2          G     200.0    5000.0  1000.0      1
   4.17228741E0  1.88117627E-3 -3.46277286E-7 1.94657549E-11 1.76256905E-16    2
   3.10206839E1   2.95767672E0   4.30179807E0 -4.74912097E-3  2.11582905E-5    3
 -2.42763914E-8 9.29225225E-12   2.64018485E2    3.7166622E0                   4
CO                RUS-79O   1C   1          G     200.0    6000.0  1000.0      1
    3.0484859E0   1.3517281E-3  -4.8579405E-7  7.8853644E-11 -4.6980746E-15    2
   -1.4266117E4    6.0170977E0    3.5795335E0  -6.1035369E-4   1.0168143E-6    3
  9.0700586E-10 -9.0442449E-13   -1.4344086E4    3.5084093E0                   4
CO2               L-7-88O   2C   1          G     200.0    6000.0  1000.0      1
    4.6365111E0   2.7414569E-3  -9.9589759E-7  1.6038666E-10 -9.1619857E-15    2
   -4.9024904E4   -1.9348955E0     2.356813E0   8.9841299E-3  -7.1220632E-6    3
   2.4573008E-9 -1.4288548E-13   -4.8371971E4    9.9009035E0                   4
CH4               G-8-99H   4C   1          G     200.0    6000.0  1000.0      1
   1.65326226E0  1.00263099E-2 -3.31661238E-6 5.36483138E-10-3.14696758E-14    2
  -1.00095936E4   9.90506283E0   5.14911468E0 -1.36622009E-2  4.91453921E-5    3
 -4.84246767E-8 1.66603441E-11  -1.02465983E4  -4.63848842E0                   4
CH3               IU0702H   3C   1          G     200.0    6000.0  1000.0      1
    2.9781206E0    5.797852E-3    -1.97558E-6   3.072979E-10 -1.7917416E-14    2
    1.6509513E4    4.7224799E0    3.6571797E0   2.1265979E-3   5.4583883E-6    3
  -6.6181003E-9  2.4657074E-12    1.6422716E4    1.6735354E0                   4
CH2               IU3-03H   2C   1          G     200.0    6000.0  1000.0      1
   3.14631886E0  3.03671259E-3 -9.96474439E-7  1.5048358E-10-8.57335515E-15    2
   4.60412605E4   4.72341711E0   3.71757846E0   1.2739126E-3  2.17347251E-6    3
   -3.488585E-9 1.65208866E-12   4.58723866E4   1.75297945E0                   4
CH2(S)            IU6-03H   2C   1          G     200.0    6000.0  1000.0      1
   3.13501686E0  2.89593926E-3  -8.1666809E-7 1.13572697E-10-6.36262835E-15    2
   5.05040504E4   4.06030621E0   4.19331325E0 -2.33105184E-3  8.15676451E-6    3
 -6.62985981E-9 1.93233199E-12   5.03662246E4  -7.4673431E-1                   4
C                 L-7-88C   1               G     200.0    6000.0  1000.0      1
     2.605583E0  -1.9593434E-4   1.0673722E-7  -1.642394E-11   8.187058E-16    2
    8.5411742E4    4.1923868E0    2.5542395E0  -3.2153772E-4   7.3379223E-7    3
 -7.3223487E-10  2.6652144E-13    8.5442681E4    4.5313085E0                   4
CH                IU3-03H   1C   1          G     200.0    6000.0  1000.0      1
    2.5209369E0   1.7653639E-3   -4.614766E-7  5.9289675E-11 -3.3474501E-15    2
    7.0946769E4    7.4051829E0    3.4897583E0    3.243216E-4  -1.6899751E-6    3
    3.162842E-9 -1.4061803E-12    7.0612646E4    2.0842841E0                   4
CH3O2H            A-7-05H   4O   2C   1     G     200.0    6000.0  1000.0      1
   7.76538058E0  8.61499712E-3 -2.98006935E-6 4.68638071E-10-2.75339255E-14    2
  -1.82979984E4  -1.43992663E1   2.90540897E0  1.74994735E-2   5.2824363E-6    3
 -2.52827275E-8 1.34368212E-11  -1.68894632E4   1.13741987E1                   4
CH3O2                   H   3O   2C   1     G     300.0    5000.0  1374.0      1
   6.47970487E0   7.4440108E-3 -2.52348555E-6 3.89577296E-10-2.25182399E-14    2
  -1.56285441E3  -8.19477074E0   1.97339205E0   1.5354234E-2 -6.37314891E-6    3
 3.19930565E-10 2.82193915E-13   2.54278835E2   1.69194215E1                   4
CH3OH             T06-02H   4O   1C   1     G     200.0    6000.0  1000.0      1
   3.52726795E0  1.03178783E-2 -3.62892944E-6 5.77448016E-10-3.42182632E-14    2
  -2.60028834E4   5.16758693E0   5.65851051E0 -1.62983419E-2  6.91938156E-5    3
 -7.58372926E-8  2.8042755E-11  -2.56119736E4 -8.97330508E-1                   4
CH3O              IU1-03H   3O   1C   1     G     200.0    6000.0  1000.0      1
   4.75779238E0  7.44142474E-3 -2.69705176E-6 4.38090504E-10-2.63537098E-14    2
    3.7811194E2  -1.96680028E0   3.71180502E0 -2.80463306E-3  3.76550971E-5    3
 -4.73072089E-8  1.8658842E-11    1.2956976E3   6.57240864E0                   4
CH2OH             IU2-03H   3O   1C   1     G     200.0    6000.0  1000.0      1
    5.0931437E0   5.9476126E-3  -2.0649746E-6 3.23008173E-10-1.88125902E-14    2
   -4.0340964E3  -1.84691493E0   4.47834367E0  -1.3507031E-3   2.7848498E-5    3
  -3.6486906E-8  1.4790745E-11   -3.5007289E3     3.309135E0                   4
CH2O              T-5-11H   2O   1C   1     G     200.0    6000.0  1000.0      1
   3.16952665E0   6.1932056E-3 -2.25056366E-6  3.6597566E-10-2.20149458E-14    2
  -1.45486831E4   6.04207898E0   4.79372312E0 -9.90833322E-3   3.7321999E-5    3
 -3.79285237E-8 1.31772641E-11  -1.43791953E4  6.02798058E-1                   4
HCO               T-5-03H   1O   1C   1     G     200.0    6000.0  1000.0      1
   3.92001542E0  2.52279324E-3 -6.71004164E-7 1.05615948E-10-7.43798261E-15    2
   3.65342928E3   3.58077056E0    4.2375461E0 -3.32075257E-3  1.40030264E-5    3
 -1.34239995E-8 4.37416208E-12   3.87241185E3   3.30834869E0                   4
HCOH              -MAR94H   2O   1C   1     G     300.0    5000.0  1398.0      1
   9.18749272E0  1.52011152E-3 -6.27603516E-7 1.09727989E-10-6.89655128E-15    2
   7.81364593E3  -2.73434214E1  -2.82157421E0  3.57331702E-2  -3.8086158E-5    3
  1.86205951E-8-3.45957838E-12   1.12956672E4   3.48487757E1                   4
HO2CHO            -THERMH   2O   3C   1     G     300.0    5000.0  1378.0      1
   9.87503878E0  4.64663708E-3 -1.67230522E-6 2.68624413E-10-1.59595232E-14    2
  -3.80502496E4  -2.24939155E1   2.42464726E0   2.1970638E-2 -1.68705546E-5    3
  6.25612194E-9-9.11645843E-13  -3.54828006E4   1.75027796E1                   4
HOCH2O            -THERMH   3O   2C   1     G     300.0    5000.0  1452.0      1
   6.39521515E0  7.43673043E-3 -2.50422354E-6 3.84879712E-10-2.21778689E-14    2
   -2.4110884E4  -6.63865583E0   4.11183145E0  7.53850697E-3   3.7733737E-6    3
 -5.38746005E-9 1.45615887E-12  -2.28023001E4   7.46807254E0                   4
O2CHO             -THERMH   1O   3C   1     G     300.0    5000.0  1368.0      1
   7.24075139E0  4.63312951E-3 -1.63693995E-6 2.59706693E-10-1.52964699E-14    2
  -1.87027618E4  -6.49547212E0   3.96059309E0  1.06002279E-2 -5.25713351E-6    3
  1.01716726E-9-2.87487602E-14  -1.73599383E4   1.17807483E1                   4
HOCHO             L-8-88H   2O   2C   1     G     200.0    6000.0  1000.0      1
    4.6138316E0   6.4496364E-3  -2.2908251E-6  3.6716047E-10 -2.1873675E-14    2
    -4.751485E4   8.4788383E-1    3.8983616E0  -3.5587795E-3   3.5520538E-5    3
  -4.3849959E-8  1.7107769E-11   -4.6770609E4    7.3495397E0                   4
OCHO              ATCT-AH   1O   2C   1     G     200.0    6000.0  1000.0      1
   4.14394211E0  5.59738818E-3 -1.99794019E-6 3.16179193E-10-1.85614483E-14    2
  -1.72459887E4   5.07778617E0   4.68825921E0 -4.14871834E-3   2.5506601E-5    3
   -2.844739E-8 1.04422559E-11  -1.69867041E4    4.2842648E0                   4
C2H6              G-8-88H   6C   2          G     200.0    6000.0  1000.0      1
   4.04666411E0  1.53538802E-2 -5.47039485E-6 8.77826544E-10-5.23167531E-14    2
  -1.24473499E4 -9.68698313E-1   4.29142572E0 -5.50154901E-3  5.99438458E-5    3
 -7.08466469E-8 2.68685836E-11  -1.15222056E4   2.66678994E0                   4
C2H5              -THERMH   5C   2          G     300.0    5000.0  1387.0      1
    5.8878439E0  1.03076793E-2 -3.46844396E-6 5.32499257E-10-3.06512651E-14    2
   1.15065499E4  -8.49651771E0   1.32730217E0  1.76656753E-2 -6.14926558E-6    3
-3.01143466E-10 4.38617775E-13   1.34284028E4   1.71789216E1                   4
C2H5O2H                 H   6O   2C   2     G     300.0    5000.0  1390.0      1
   1.04823538E1  1.34779879E-2 -4.62179078E-6 7.18618519E-10-4.17307436E-14    2
  -2.46578171E4  -2.84294243E1   1.83755328E0  3.38053586E-2  -2.3754814E-5    3
  9.31974865E-9-1.58003428E-12  -2.15814086E4   1.80977584E1                   4
C2H5O2                  H   5O   2C   2     G     300.0    5000.0  1389.0      1
    9.5028257E0  1.20429839E-2 -4.09491581E-6 6.33049241E-10-3.66133788E-14    2
  -7.37069391E3   -2.2171713E1   3.90351912E0  2.22599212E-2 -1.01610079E-5    3
  1.71709751E-9 1.88166738E-14  -5.09654081E3    8.9872275E0                   4
C2H4                    H   4C   2          G     300.0    5000.0  1392.0      1
   5.07061289E0  9.11140768E-3 -3.10506692E-6 4.80733851E-10-2.78321396E-14    2
   3.66391217E3  -6.64501414E0  4.81118223E-1   1.8377806E-2 -9.99633565E-6    3
  2.73211039E-9-3.01837289E-13   5.44386648E3   1.85867157E1                   4
C2H3                    H   3C   2          G     300.0    5000.0  1400.0      1
   4.99675415E0  6.55838271E-3 -2.20921909E-6 3.39300272E-10-1.95316926E-14    2
   3.34604382E4  -3.01451097E0   1.25545094E0  1.57481597E-2 -1.12218328E-5    3
  4.50915682E-9-7.74861577E-13   3.47435574E4   1.69664043E1                   4
CHOCHO                  H   2O   2C   2     G     300.0    5000.0  1386.0      1
   9.75438561E0  4.97645947E-3 -1.74410483E-6 2.75586994E-10-1.61969892E-14    2
  -2.95832896E4  -2.61878329E1    1.8810512E0  2.36386368E-2 -1.83443295E-5    3
  6.84842963E-9-9.92733674E-13   -2.6928019E4   1.59154793E1                   4
CHCHO                   H   2O   1C   2     G    298.15    2000.0  1000.0      1
    4.9263291E0  9.71712147E-3  -5.5485598E-6  1.53068537E-9-1.64742462E-13    2
   2.89499494E4  5.27874677E-1   2.33256751E0  1.62952986E-2 -9.72052177E-6    3
 5.15124155E-10 1.03836514E-12   2.96585452E4   1.39904923E1                   4
C2H2              G-1-91H   2C   2          G     200.0    6000.0  1000.0      1
   4.65878489E0  4.88396667E-3 -1.60828888E-6 2.46974544E-10-1.38605959E-14    2
   2.57594042E4  -3.99838194E0  8.08679682E-1  2.33615762E-2 -3.55172234E-5    3
  2.80152958E-8-8.50075165E-12   2.64289808E4   1.39396761E1                   4
H2CC              L12-89H   2C   2          G     200.0    6000.0  1000.0      1
     4.278034E0   4.7562804E-3  -1.6301009E-6  2.5462806E-10 -1.4886379E-14    2
    4.8316688E4   6.4023701E-1    3.2815483E0   6.9764791E-3  -2.3855244E-6    3
  -1.2104432E-9  9.8189545E-13    4.8621794E4     5.920391E0                   4
C2H5OH                  H   6O   1C   2     G     300.0    5000.0  1402.0      1
   8.14483865E0  1.28314052E-2 -4.29052743E-6 6.55971721E-10-3.76506611E-14    2
  -3.24005526E4  -1.86241126E1  2.15805861E-1  2.95228396E-2 -1.68271048E-5    3
  4.49484797E-9-4.02451543E-13  -2.94851823E4   2.45725052E1                   4
C2H5O                   H   5O   1C   2     G     300.0    5000.0  1467.0      1
   8.19120635E0  1.10391986E-2 -3.75270536E-6 5.80275784E-10-3.35735146E-14    2
  -5.66847208E3  -1.90131344E1   2.90353584E0  1.77256708E-2 -2.69624757E-6    3
 -3.45830533E-9 1.25224784E-12   -3.2893029E3   1.13545591E1                   4
PC2H4OH                 H   5O   1C   2     G     300.0    5000.0  1395.0      1
    8.0675015E0  1.06143554E-2  -3.5799936E-6  5.5036376E-10-3.17051769E-14    2
  -6.92747939E3  -1.53833428E1   2.59479867E0  2.27100669E-2 -1.39473846E-5    3
  4.70095591E-9-6.90044236E-13  -4.91486975E3   1.43240718E1                   4
SC2H4OH                 H   5O   1C   2     G     300.0    5000.0  1385.0      1
   8.15007136E0  1.02549305E-2 -3.40137764E-6 5.17509965E-10-2.96128942E-14    2
  -1.05014386E4  -1.73134615E1   1.46281093E0  2.39193995E-2 -1.30667185E-5    3
  3.10615465E-9-1.85896007E-13  -8.00790323E3   1.92547092E1                   4
O2C2H4OH          -THERMH   5O   3C   2     G     300.0    5000.0  1506.0      1
   1.27503881E1  1.11514325E-2 -3.83473891E-6 5.98155829E-10-3.48372108E-14    2
  -2.52770876E4  -3.54317608E1     7.040098E0  1.59564166E-2  2.21097416E-6    3
 -7.05197355E-9 2.08266026E-12  -2.24524432E4  -1.75361758E0                   4
C2H4O1-2          L-8-88H   4O   1C   2     G     200.0    6000.0  1000.0      1
    5.4887641E0    1.204619E-2  -4.3336931E-6  7.0028311E-10 -4.1949088E-14    2
   -9.1804251E3   -7.0799605E0    3.7590532E0   -9.441218E-3   8.0309721E-5    3
  -1.0080788E-7  4.0039921E-11   -7.5608143E3    7.8497475E0                   4
C2H3O1-2          A-1-05H   3O   1C   2     G     200.0    6000.0  1000.0      1
   5.60158035E0  9.17613962E-3 -3.28028902E-6 5.27903888E-10-3.15362241E-14    2
   1.71446252E4  -5.47228512E0   3.58349017E0 -6.02275805E-3  6.32426867E-5    3
 -8.18540707E-8 3.30444505E-11   1.85681353E4   9.59725926E0                   4
CH3CHO            L-8-88H   4O   1C   2     G     200.0    6000.0  1000.0      1
    5.4041108E0   1.1723059E-2  -4.2263137E-6  6.8372451E-10 -4.0984863E-14    2
   -2.2593122E4   -3.4807917E0    4.7294595E0  -3.1932858E-3   4.7534921E-5    3
  -5.7458611E-8  2.1931112E-11   -2.1572878E4    4.1030159E0                   4
CH3CO             IU2-03H   3O   1C   2     G     200.0    6000.0  1000.0      1
    5.3137165E0   9.1737793E-3  -3.3220386E-6  5.3947456E-10 -3.2452368E-14    2
   -3.6450414E3   -1.6757558E0    4.0358705E0   8.7729487E-4    3.071001E-5    3
  -3.9247565E-8  1.5296869E-11   -2.6820738E3    7.8617682E0                   4
CH2CHO            T03-10H   3O   1C   2     G     200.0    6000.0  1000.0      1
   6.53928338E0  7.80238629E-3 -2.76413612E-6 4.42098906E-10 -2.6295429E-14    2
  -1.18858659E3  -8.72091393E0     2.795026E0  1.01099472E-2  1.61750645E-5    3
 -3.10303145E-8 1.39436139E-11   1.62944975E2   1.23646657E1                   4
C2H3OH            -THERMH   4O   1C   2     G     300.0    5000.0  1410.0      1
   8.32598158E0  8.03387281E-3 -2.63928405E-6 3.98410726E-10-2.26551155E-14    2
  -1.83221436E4  -2.02080305E1  -1.2797226E-1  3.38506073E-2 -3.30644935E-5    3
  1.64858739E-8-3.19935455E-12  -1.59914544E4   2.30438601E1                   4
CH2CO                   H   2O   1C   2     G     300.0    5000.0  1000.0      1
   5.35869367E0  6.95641586E-3 -2.64802637E-6 4.65067592E-10 -3.0864182E-14    2
  -7.90294013E3  -3.98525731E0   1.81422511E0   1.9900859E-2 -2.21416008E-5    3
  1.45028521E-8-3.98877068E-12  -7.05394926E3   1.36079359E1                   4
HCCO              T-4-09H   1O   1C   2     G     200.0    6000.0  1000.0      1
   5.91479333E0   3.7140873E-3  -1.3013701E-6 2.06473345E-10-1.21476759E-14    2
   1.93596301E4  -5.50567269E0   1.87607969E0  2.21205418E-2 -3.58869325E-5    3
  3.05402541E-8-1.01281069E-11    2.0163384E4    1.3696829E1                   4
CH3CO3H           -THERMH   4O   3C   2     G     300.0    5000.0  1391.0      1
   1.25060485E1  9.47789695E-3 -3.30402246E-6 5.19630793E-10-3.04233568E-14    2
  -4.59856703E4  -3.79195947E1   2.24135876E0  3.37963514E-2 -2.53887482E-5    3
  9.67583587E-9-1.49266157E-12  -4.24677831E4   1.70668133E1                   4
CH3CO3            -THERMH   3O   3C   2     G     300.0    5000.0  1391.0      1
   1.12522498E1  8.33652672E-3  -2.8901453E-6 4.52781734E-10-2.64354456E-14    2
  -2.60238584E4  -2.96370457E1   3.60373432E0  2.70080341E-2 -2.08293438E-5    3
  8.50541104E-9 -1.4384611E-12  -2.34205171E4   1.12014914E1                   4
CH3CO2            -THERMH   3O   2C   2     G     300.0    5000.0  1395.0      1
   8.54059736E0  8.32951214E-3  -2.8472201E-6 4.41927196E-10-2.56373394E-14    2
  -2.97290678E4  -2.03883545E1   1.37440768E0  2.49115604E-2 -1.74308894E-5    3
  6.24799508E-9-9.09516835E-13   -2.7233015E4   1.81405454E1                   4
!\AUTHOR: KPS !\REF: DAMES, CNF, 2016 !\COMMENT:
CH3OCH3                 H   6O   1C   2     G     298.0    3000.0  1000.0      1
    1.1385197E0  2.58202899E-2 -1.29425822E-5  3.14818537E-9-3.01294764E-13    2
  -2.35157473E4   1.85133202E1   3.75480003E0  9.94330522E-3   2.0465892E-5    3
 -2.65048607E-8  9.2039814E-12  -2.38174871E4   7.12147313E0                   4
CH3OCH2O2         -THERMH   5O   3C   2     G     300.0    5000.0  1441.0      1
   1.19179361E1  1.19412867E-2 -3.93526185E-6 5.95756132E-10-3.39597705E-14    2
  -2.34231833E4  -3.20096863E1   3.39930541E0  3.09460407E-2 -1.92548181E-5    3
  5.76033887E-9-6.16081571E-13  -2.04433218E4   1.39429608E1                   4
HO2CH2OCHO        -THERMH   4O   4C   2     G     300.0    5000.0  1386.0      1
   1.57136128E1  9.64430166E-3 -3.44136025E-6 5.49722196E-10-3.25360322E-14    2
  -6.29409094E4  -5.29505242E1   1.21909586E0  4.28858235E-2 -3.17634222E-5    3
  1.11542676E-8-1.49753153E-12  -5.79287926E4   2.49759193E1                   4
OCH2OCHO          -THERMH   3O   3C   2     G     300.0    5000.0  1523.0      1
     1.240132E1  7.83738243E-3 -2.82992688E-6 4.55558739E-10-2.71061389E-14    2
   -4.6845347E4  -3.78084549E1   1.89539692E0  2.74118545E-2  -1.3647609E-5    3
  1.26325603E-9 5.17970476E-13   -4.2787944E4   2.02333278E1                   4
HOCH2OCO          -THERMH   3O   3C   2     G     300.0    5000.0  1443.0      1
    1.1149841E1   9.3473652E-3 -3.35541548E-6 5.38037115E-10-3.19260183E-14    2
  -4.75012119E4  -2.95983867E1   5.95255071E0  8.42196282E-3  1.36741678E-5    3
 -1.46786275E-8 3.84143533E-12  -4.44470269E4   2.85657217E0                   4
C3H8                    H   8C   3          G     300.0    5000.0  1390.0      1
    9.1554131E0  1.72574139E-2 -5.85614868E-6 9.04190155E-10-5.22523772E-14    2
  -1.75762439E4   -2.7741851E1   2.4087847E-1  3.39548599E-2 -1.60930874E-5    3
  2.83480628E-9 2.78195172E-14  -1.40362853E4     2.165008E1                   4
NC3H7                   H   7C   3          G     298.0    6000.0  1000.0      1
   7.48614243E0  1.65769478E-2 -5.74876481E-6 9.04103694E-10-5.30867231E-14    2
   8.93710008E3  -1.42595379E1  -2.20120865E0  5.29641653E-2 -7.23640506E-5    3
   6.3699694E-8-2.29332581E-11   1.15130744E4   3.43669174E1                   4
C3H6                    H   6C   3          G     298.0    6000.0  1000.0      1
   6.59032304E0  1.52592866E-2 -5.30369441E-6 8.35510888E-10-4.91215549E-14    2
  -2.47481113E2  -1.15748238E1  -1.54606737E0  4.36553128E-2 -5.61392417E-5    3
  4.98421927E-8-1.84798923E-11   2.07056233E3   2.99232495E1                   4
C3H6OH2-1         -THERMH   7O   1C   3     G     300.0    5000.0  1392.0      1
   1.12222277E1  1.36444398E-2 -4.51406709E-6 7.10523275E-10-4.22690392E-14    2
  -1.75350136E4  -3.18911926E1    1.0967036E0  3.80727565E-2 -2.75022497E-5    3
  1.07477493E-8-1.74895773E-12  -1.40764487E4   2.22475799E1                   4
IC3H7O                  H   7O   1C   3     G     300.0    5000.0  1527.0      1
   1.19648494E1  1.42943974E-2 -4.71413211E-6 7.14027066E-10-4.07161162E-14    2
  -1.17519389E4  -3.88860959E1    2.3610841E0  3.45650027E-2 -1.94579631E-5    3
  4.71536901E-9-2.64704937E-13  -8.28791395E3   1.33112436E1                   4
CH3COCH3                H   6O   1C   3     G     300.0    5000.0  1394.0      1
   8.87619308E0  1.45700263E-2  -4.8482328E-6 7.38614777E-10-4.22831194E-14    2
  -3.06046242E4  -2.12730484E1   2.20008426E0  2.74019559E-2 -1.31342003E-5    3
  2.57150371E-9-6.21509091E-14  -2.79933966E4   1.55883508E1                   4
CH3COCH2          -THERMH   5O   1C   3     G     300.0    5000.0  1387.0      1
   1.09524298E1  1.11458668E-2 -3.86262877E-6 6.05088857E-10-3.53293362E-14    2
  -9.60833727E3  -3.15622776E1   1.13381826E0  3.25095045E-2 -2.10424651E-5    3
  6.64421151E-9-8.12618901E-13  -6.04868361E3   2.17158655E1                   4
CH3COCH2O2        -THERMH   5O   3C   3     G     300.0    5000.0  1397.0      1
   1.65756401E1  1.06465489E-2 -3.61368681E-6 5.59053564E-10-3.23832271E-14    2
  -2.42541401E4  -5.45304899E1   1.19378141E0  4.98027161E-2 -4.17999508E-5    3
  1.74527607E-8-2.88198761E-12  -1.93244224E4   2.67877493E1                   4
CH3COCH2O         -THERMH   5O   2C   3     G     300.0    5000.0  2002.0      1
   9.84061707E0  1.59181106E-2 -5.85164644E-6 9.56160073E-10-5.75477263E-14    2
  -2.11214823E4  -2.12330791E1   5.85960137E0  1.78954926E-2  7.41506398E-7    3
 -5.40032753E-9 1.47393197E-12  -1.90714739E4   2.70987883E0                   4
C3KET21           -THERMH   6O   3C   3     G     300.0    5000.0  1394.0      1
   1.75768076E1  1.20311704E-2 -4.11633942E-6 6.40149366E-10-3.72127562E-14    2
  -4.15502347E4    -6.090971E1 -8.74352903E-1  6.12501498E-2 -5.51474542E-5    3
  2.48491014E-8-4.42613472E-12  -3.58060819E4   3.59306224E1                   4
TC4H9O            --PCFCH   9O   1C   4     G     200.0    5000.0  1850.0      1
   1.74239612E1  1.62641849E-2 -5.31686662E-6 8.17911924E-10-4.85300273E-14    2
  -2.06155401E4  -7.13109635E1  9.13196656E-1  5.13288844E-2 -3.54548734E-5    3
  1.30874258E-8-2.00479231E-12  -1.39188331E4   1.94360153E1                   4
DTBP              --PCFCH  18O   2C   8     G     200.0    5000.0  1850.0      1
   3.56129349E1  3.35411494E-2 -1.09401237E-5  1.67735146E-9-9.92969984E-14    2
  -5.99351571E4  -1.67549259E2  7.20159748E-1  1.08303825E-1 -7.58270564E-5    3
  2.83567786E-8-4.39395844E-12  -4.58886682E4   2.39425351E1                   4
END