THERMO ALL
  300.000  1000.000  5000.000
AR                G.5.97AR  1               G     200.0    6000.0  1000.0      1
          2.5E0          0.0E0          0.0E0          0.0E0          0.0E0    2
     -7.45375E2   4.37967491E0          2.5E0          0.0E0          0.0E0    3
          0.0E0          0.0E0     -7.45375E2   4.37967491E0                   4
N2                G.8.02N   2               G     200.0    6000.0  1000.0      1
   2.95257637E0   1.3969004E-3 -4.92631603E-7 7.86010195E-11-4.60755204E-15    2
  -9.23948688E2   5.87188762E0   3.53100528E0 -1.23660988E-4 -5.02999433E-7    3
  2.43530612E-9-1.40881235E-12  -1.04697628E3   2.96747038E0                   4
HE                G.5.97HE  1               G     200.0    6000.0  1000.0      1
          2.5E0          0.0E0          0.0E0          0.0E0          0.0E0    2
     -7.45375E2  9.28723974E-1          2.5E0          0.0E0          0.0E0    3
          0.0E0          0.0E0     -7.45375E2  9.28723974E-1                   4
H2                TPIS78H   2               G     200.0    6000.0  1000.0      1
   2.93286575E0  8.26608026E-4 -1.46402364E-7 1.54100414E-11  -6.888048E-16    2
  -8.13065581E2  -1.02432865E0   2.34433112E0  7.98052075E-3  -1.9478151E-5    3
  2.01572094E-8-7.37611761E-12  -9.17935173E2  6.83010238E-1                   4
H                 L.6.94H   1               G     200.0    6000.0  1000.0      1
          2.5E0          0.0E0          0.0E0          0.0E0          0.0E0    2
     2.547366E4  -4.4668285E-1          2.5E0          0.0E0          0.0E0    3
          0.0E0          0.0E0     2.547366E4  -4.4668285E-1                   4
O2                RUS.89O   2               G     200.0    6000.0  1000.0      1
   3.66096065E0  6.56365811E-4 -1.41149627E-7 2.05797935E-11-1.29913436E-15    2
  -1.21597718E3   3.41536279E0   3.78245636E0 -2.99673416E-3  9.84730201E-6    3
 -9.68129509E-9 3.24372837E-12  -1.06394356E3   3.65767573E0                   4
O                 L.1.90O   1               G     200.0    6000.0  1000.0      1
   2.54363697E0 -2.73162486E-5  -4.1902952E-9 4.95481845E-12-4.79553694E-16    2
    2.9226012E4   4.92229457E0    3.1682671E0 -3.27931884E-3  6.64306396E-6    3
 -6.12806624E-9 2.11265971E-12   2.91222592E4   2.05193346E0                   4
H2O               L.5.89H   2O   1          G     200.0    6000.0  1000.0      1
    2.6770389E0   2.9731816E-3  -7.7376889E-7  9.4433514E-11 -4.2689991E-15    2
   -2.9885894E4      6.88255E0    4.1986352E0  -2.0364017E-3   6.5203416E-6    3
  -5.4879269E-9   1.771968E-12   -3.0293726E4  -8.4900901E-1                   4
OH                IU3.03H   1O   1          G     200.0    6000.0  1000.0      1
   2.83853033E0  1.10741289E-3 -2.94000209E-7 4.20698729E-11 -2.4228989E-15    2
   3.69780808E3   5.84494652E0   3.99198424E0 -2.40106655E-3  4.61664033E-6    3
 -3.87916306E-9 1.36319502E-12   3.36889836E3 -1.03998477E-1                   4
OHV               121286H   1O   1          G     300.0    5000.0  1000.0      1
      2.88273E0   1.0139743E-3   -2.276877E-7   2.174683E-11  -5.126305E-16    2
       5.0265E4     5.595712E0     3.637266E0     1.85091E-4  -1.6761646E-6    3
    2.387202E-9  -8.431442E-13      5.00213E4    1.3588605E0                   4
H2O2              T.8.03H   2O   2          G     200.0    6000.0  1000.0      1
   4.57977305E0  4.05326003E-3  -1.2984473E-6   1.982114E-10-1.13968792E-14    2
  -1.80071775E4  6.64970694E-1   4.31515149E0 -8.47390622E-4  1.76404323E-5    3
 -2.26762944E-8 9.08950158E-12  -1.77067437E4   3.27373319E0                   4
HO2               T.1.09H   1O   2          G     200.0    5000.0  1000.0      1
   4.17228741E0  1.88117627E-3 -3.46277286E-7 1.94657549E-11 1.76256905E-16    2
   3.10206839E1   2.95767672E0   4.30179807E0 -4.74912097E-3  2.11582905E-5    3
 -2.42763914E-8 9.29225225E-12   2.64018485E2    3.7166622E0                   4
CO                RUS.79C   1O   1          G     200.0    6000.0  1000.0      1
    3.0484859E0   1.3517281E-3  -4.8579405E-7  7.8853644E-11 -4.6980746E-15    2
   -1.4266117E4    6.0170977E0    3.5795335E0  -6.1035369E-4   1.0168143E-6    3
  9.0700586E-10 -9.0442449E-13   -1.4344086E4    3.5084093E0                   4
CO2               L.7.88C   1O   2          G     200.0    6000.0  1000.0      1
    4.6365111E0   2.7414569E-3  -9.9589759E-7  1.6038666E-10 -9.1619857E-15    2
   -4.9024904E4   -1.9348955E0     2.356813E0   8.9841299E-3  -7.1220632E-6    3
   2.4573008E-9 -1.4288548E-13   -4.8371971E4    9.9009035E0                   4
CH4               G.8.99C   1H   4          G     200.0    6000.0  1000.0      1
   1.65326226E0  1.00263099E-2 -3.31661238E-6 5.36483138E-10-3.14696758E-14    2
  -1.00095936E4   9.90506283E0   5.14911468E0 -1.36622009E-2  4.91453921E-5    3
 -4.84246767E-8 1.66603441E-11  -1.02465983E4  -4.63848842E0                   4
CH3               IU0702C   1H   3          G     200.0    6000.0  1000.0      1
    2.9781206E0    5.797852E-3    -1.97558E-6   3.072979E-10 -1.7917416E-14    2
    1.6509513E4    4.7224799E0    3.6571797E0   2.1265979E-3   5.4583883E-6    3
  -6.6181003E-9  2.4657074E-12    1.6422716E4    1.6735354E0                   4
CH2               IU3.03C   1H   2          G     200.0    6000.0  1000.0      1
   3.14631886E0  3.03671259E-3 -9.96474439E-7  1.5048358E-10-8.57335515E-15    2
   4.60412605E4   4.72341711E0   3.71757846E0   1.2739126E-3  2.17347251E-6    3
   -3.488585E-9 1.65208866E-12   4.58723866E4   1.75297945E0                   4
CH2(S)            IU6.03C   1H   2          G     200.0    6000.0  1000.0      1
   3.13501686E0  2.89593926E-3  -8.1666809E-7 1.13572697E-10-6.36262835E-15    2
   5.05040504E4   4.06030621E0   4.19331325E0 -2.33105184E-3  8.15676451E-6    3
 -6.62985981E-9 1.93233199E-12   5.03662246E4  -7.4673431E-1                   4
CH                IU3.03C   1H   1          G     200.0    6000.0  1000.0      1
    2.5209369E0   1.7653639E-3   -4.614766E-7  5.9289675E-11 -3.3474501E-15    2
    7.0946769E4    7.4051829E0    3.4897583E0    3.243216E-4  -1.6899751E-6    3
    3.162842E-9 -1.4061803E-12    7.0612646E4    2.0842841E0                   4
CH3O2H            A.7.05C   1H   4O   2     G     200.0    6000.0  1000.0      1
   7.76538058E0  8.61499712E-3 -2.98006935E-6 4.68638071E-10-2.75339255E-14    2
  -1.82979984E4  -1.43992663E1   2.90540897E0  1.74994735E-2   5.2824363E-6    3
 -2.52827275E-8 1.34368212E-11  -1.68894632E4   1.13741987E1                   4
CH3O2                   C   1H   3O   2     G     300.0    5000.0  1374.0      1
   6.47970487E0   7.4440108E-3 -2.52348555E-6 3.89577296E-10-2.25182399E-14    2
  -1.56285441E3  -8.19477074E0   1.97339205E0   1.5354234E-2 -6.37314891E-6    3
 3.19930565E-10 2.82193915E-13   2.54278835E2   1.69194215E1                   4
CH3OH             T06.02C   1H   4O   1     G     200.0    6000.0  1000.0      1
   3.52726795E0  1.03178783E-2 -3.62892944E-6 5.77448016E-10-3.42182632E-14    2
  -2.60028834E4   5.16758693E0   5.65851051E0 -1.62983419E-2  6.91938156E-5    3
 -7.58372926E-8  2.8042755E-11  -2.56119736E4 -8.97330508E-1                   4
CH3O              IU1.03C   1H   3O   1     G     200.0    6000.0  1000.0      1
   4.75779238E0  7.44142474E-3 -2.69705176E-6 4.38090504E-10-2.63537098E-14    2
    3.7811194E2  -1.96680028E0   3.71180502E0 -2.80463306E-3  3.76550971E-5    3
 -4.73072089E-8  1.8658842E-11    1.2956976E3   6.57240864E0                   4
CH2OH             IU2.03C   1H   3O   1     G     200.0    6000.0  1000.0      1
    5.0931437E0   5.9476126E-3  -2.0649746E-6 3.23008173E-10-1.88125902E-14    2
   -4.0340964E3  -1.84691493E0   4.47834367E0  -1.3507031E-3   2.7848498E-5    3
  -3.6486906E-8  1.4790745E-11   -3.5007289E3     3.309135E0                   4
CH2O              T.5.11C   1H   2O   1     G     200.0    6000.0  1000.0      1
   3.16952665E0   6.1932056E-3 -2.25056366E-6  3.6597566E-10-2.20149458E-14    2
  -1.45486831E4   6.04207898E0   4.79372312E0 -9.90833322E-3   3.7321999E-5    3
 -3.79285237E-8 1.31772641E-11  -1.43791953E4  6.02798058E-1                   4
HCO               T.5.03C   1H   1O   1     G     200.0    6000.0  1000.0      1
   3.92001542E0  2.52279324E-3 -6.71004164E-7 1.05615948E-10-7.43798261E-15    2
   3.65342928E3   3.58077056E0    4.2375461E0 -3.32075257E-3  1.40030264E-5    3
 -1.34239995E-8 4.37416208E-12   3.87241185E3   3.30834869E0                   4
HCOH              .MAR94C   1H   2O   1     G     300.0    5000.0  1398.0      1
   9.18749272E0  1.52011152E-3 -6.27603516E-7 1.09727989E-10-6.89655128E-15    2
   7.81364593E3  -2.73434214E1  -2.82157421E0  3.57331702E-2  -3.8086158E-5    3
  1.86205951E-8-3.45957838E-12   1.12956672E4   3.48487757E1                   4
HO2CHO            .THERMC   1H   2O   3     G     300.0    5000.0  1378.0      1
   9.87503878E0  4.64663708E-3 -1.67230522E-6 2.68624413E-10-1.59595232E-14    2
  -3.80502496E4  -2.24939155E1   2.42464726E0   2.1970638E-2 -1.68705546E-5    3
  6.25612194E-9-9.11645843E-13  -3.54828006E4   1.75027796E1                   4
HOCH2O            .THERMC   1H   3O   2     G     300.0    5000.0  1452.0      1
   6.39521515E0  7.43673043E-3 -2.50422354E-6 3.84879712E-10-2.21778689E-14    2
   -2.4110884E4  -6.63865583E0   4.11183145E0  7.53850697E-3   3.7733737E-6    3
 -5.38746005E-9 1.45615887E-12  -2.28023001E4   7.46807254E0                   4
O2CHO             .THERMC   1H   1O   3     G     300.0    5000.0  1368.0      1
   7.24075139E0  4.63312951E-3 -1.63693995E-6 2.59706693E-10-1.52964699E-14    2
  -1.87027618E4  -6.49547212E0   3.96059309E0  1.06002279E-2 -5.25713351E-6    3
  1.01716726E-9-2.87487602E-14  -1.73599383E4   1.17807483E1                   4
HOCHO             L.8.88C   1H   2O   2     G     200.0    6000.0  1000.0      1
    4.6138316E0   6.4496364E-3  -2.2908251E-6  3.6716047E-10 -2.1873675E-14    2
    -4.751485E4   8.4788383E-1    3.8983616E0  -3.5587795E-3   3.5520538E-5    3
  -4.3849959E-8  1.7107769E-11   -4.6770609E4    7.3495397E0                   4
OCHO              ATCT.AC   1H   1O   2     G     200.0    6000.0  1000.0      1
   4.14394211E0  5.59738818E-3 -1.99794019E-6 3.16179193E-10-1.85614483E-14    2
  -1.72459887E4   5.07778617E0   4.68825921E0 -4.14871834E-3   2.5506601E-5    3
   -2.844739E-8 1.04422559E-11  -1.69867041E4    4.2842648E0                   4
C2H6              G.8.88C   2H   6          G     200.0    6000.0  1000.0      1
   4.04666411E0  1.53538802E-2 -5.47039485E-6 8.77826544E-10-5.23167531E-14    2
  -1.24473499E4 -9.68698313E-1   4.29142572E0 -5.50154901E-3  5.99438458E-5    3
 -7.08466469E-8 2.68685836E-11  -1.15222056E4   2.66678994E0                   4
C2H5              .THERMC   2H   5          G     300.0    5000.0  1387.0      1
    5.8878439E0  1.03076793E-2 -3.46844396E-6 5.32499257E-10-3.06512651E-14    2
   1.15065499E4  -8.49651771E0   1.32730217E0  1.76656753E-2 -6.14926558E-6    3
-3.01143466E-10 4.38617775E-13   1.34284028E4   1.71789216E1                   4
C2H5O2                  C   2H   5O   2     G     300.0    5000.0  1389.0      1
    9.5028257E0  1.20429839E-2 -4.09491581E-6 6.33049241E-10-3.66133788E-14    2
  -7.37069391E3   -2.2171713E1   3.90351912E0  2.22599212E-2 -1.01610079E-5    3
  1.71709751E-9 1.88166738E-14  -5.09654081E3    8.9872275E0                   4
C2H4                    C   2H   4          G     300.0    5000.0  1392.0      1
   5.07061289E0  9.11140768E-3 -3.10506692E-6 4.80733851E-10-2.78321396E-14    2
   3.66391217E3  -6.64501414E0  4.81118223E-1   1.8377806E-2 -9.99633565E-6    3
  2.73211039E-9-3.01837289E-13   5.44386648E3   1.85867157E1                   4
C2H3                    C   2H   3          G     300.0    5000.0  1400.0      1
   4.99675415E0  6.55838271E-3 -2.20921909E-6 3.39300272E-10-1.95316926E-14    2
   3.34604382E4  -3.01451097E0   1.25545094E0  1.57481597E-2 -1.12218328E-5    3
  4.50915682E-9-7.74861577E-13   3.47435574E4   1.69664043E1                   4
C2H3OO                  C   2H   3O   2     G    298.15    2000.0  1000.0      1
   6.04483828E0  1.45511127E-2 -7.50974622E-6   1.8348828E-9-1.66689681E-13    2
   1.01699244E4  -3.71144913E0   1.09784776E0  2.95333237E-2  -2.2774436E-5    3
  7.20559155E-9-3.07929092E-13   1.13996101E4   2.13563583E1                   4
CHCHO                   C   2H   2O   1     G    298.15    2000.0  1000.0      1
    4.9263291E0  9.71712147E-3  -5.5485598E-6  1.53068537E-9-1.64742462E-13    2
   2.89499494E4  5.27874677E-1   2.33256751E0  1.62952986E-2 -9.72052177E-6    3
 5.15124155E-10 1.03836514E-12   2.96585452E4   1.39904923E1                   4
C2H2              G.1.91C   2H   2          G     200.0    6000.0  1000.0      1
   4.65878489E0  4.88396667E-3 -1.60828888E-6 2.46974544E-10-1.38605959E-14    2
   2.57594042E4  -3.99838194E0  8.08679682E-1  2.33615762E-2 -3.55172234E-5    3
  2.80152958E-8-8.50075165E-12   2.64289808E4   1.39396761E1                   4
C2H               T.5.10C   2H   1          G     200.0    6000.0  1000.0      1
   3.66270248E0  3.82492252E-3   -1.366325E-6  2.1345504E-10-1.23216848E-14    2
    6.7168379E4   3.92205792E0   2.89867676E0  1.32988489E-2 -2.80733327E-5    3
  2.89484755E-8-1.07502351E-11    6.7061605E4   6.18547632E0                   4
H2CC              L12.89C   2H   2          G     200.0    6000.0  1000.0      1
     4.278034E0   4.7562804E-3  -1.6301009E-6  2.5462806E-10 -1.4886379E-14    2
    4.8316688E4   6.4023701E-1    3.2815483E0   6.9764791E-3  -2.3855244E-6    3
  -1.2104432E-9  9.8189545E-13    4.8621794E4     5.920391E0                   4
SC2H4OH                 C   2H   5O   1     G     300.0    5000.0  1385.0      1
   8.15007136E0  1.02549305E-2 -3.40137764E-6 5.17509965E-10-2.96128942E-14    2
  -1.05014386E4  -1.73134615E1   1.46281093E0  2.39193995E-2 -1.30667185E-5    3
  3.10615465E-9-1.85896007E-13  -8.00790323E3   1.92547092E1                   4
C2H3O1-2          A.1.05C   2H   3O   1     G     200.0    6000.0  1000.0      1
   5.60158035E0  9.17613962E-3 -3.28028902E-6 5.27903888E-10-3.15362241E-14    2
   1.71446252E4  -5.47228512E0   3.58349017E0 -6.02275805E-3  6.32426867E-5    3
 -8.18540707E-8 3.30444505E-11   1.85681353E4   9.59725926E0                   4
CH3CHO            L.8.88C   2H   4O   1     G     200.0    6000.0  1000.0      1
    5.4041108E0   1.1723059E-2  -4.2263137E-6  6.8372451E-10 -4.0984863E-14    2
   -2.2593122E4   -3.4807917E0    4.7294595E0  -3.1932858E-3   4.7534921E-5    3
  -5.7458611E-8  2.1931112E-11   -2.1572878E4    4.1030159E0                   4
CH3CO             IU2.03C   2H   3O   1     G     200.0    6000.0  1000.0      1
    5.3137165E0   9.1737793E-3  -3.3220386E-6  5.3947456E-10 -3.2452368E-14    2
   -3.6450414E3   -1.6757558E0    4.0358705E0   8.7729487E-4    3.071001E-5    3
  -3.9247565E-8  1.5296869E-11   -2.6820738E3    7.8617682E0                   4
CH2CHO            T03.10C   2H   3O   1     G     200.0    6000.0  1000.0      1
   6.53928338E0  7.80238629E-3 -2.76413612E-6 4.42098906E-10 -2.6295429E-14    2
  -1.18858659E3  -8.72091393E0     2.795026E0  1.01099472E-2  1.61750645E-5    3
 -3.10303145E-8 1.39436139E-11   1.62944975E2   1.23646657E1                   4
O2CH2CHO          BOZ.03C   2H   3O   3     G     300.0    5000.0  1393.0      1
   1.11807543E1  9.14479256E-3 -3.15089833E-6 4.91944238E-10 -2.8663918E-14    2
  -1.55790331E4   -2.8789274E1  -1.29465843E0  4.44936393E-2 -4.26577074E-5    3
   2.0739195E-8-3.96828771E-12  -1.18275628E4   3.60778797E1                   4
HO2CH2CO          BOZ.03C   2H   3O   3     G     300.0    5000.0  1386.0      1
   1.04146322E1  1.12680116E-2 -5.17494839E-6  1.00333285E-9-6.68165911E-14    2
  -1.40955672E4    -2.278944E1   2.22681686E0   3.5678138E-2 -3.26401909E-5    3
  1.47651988E-8 -2.6479438E-12  -1.18735095E4   1.91581197E1                   4
CH2CO                   C   2H   2O   1     G     300.0    5000.0  1000.0      1
   5.35869367E0  6.95641586E-3 -2.64802637E-6 4.65067592E-10 -3.0864182E-14    2
  -7.90294013E3  -3.98525731E0   1.81422511E0   1.9900859E-2 -2.21416008E-5    3
  1.45028521E-8-3.98877068E-12  -7.05394926E3   1.36079359E1                   4
HCCO              T.4.09C   2H   1O   1     G     200.0    6000.0  1000.0      1
   5.91479333E0   3.7140873E-3  -1.3013701E-6 2.06473345E-10-1.21476759E-14    2
   1.93596301E4  -5.50567269E0   1.87607969E0  2.21205418E-2 -3.58869325E-5    3
  3.05402541E-8-1.01281069E-11    2.0163384E4    1.3696829E1                   4
C3H8                    C   3H   8          G     300.0    5000.0  1390.0      1
    9.1554131E0  1.72574139E-2 -5.85614868E-6 9.04190155E-10-5.22523772E-14    2
  -1.75762439E4   -2.7741851E1   2.4087847E-1  3.39548599E-2 -1.60930874E-5    3
  2.83480628E-9 2.78195172E-14  -1.40362853E4     2.165008E1                   4
IC3H7                   C   3H   7          G     298.0    6000.0  1000.0      1
   6.70775549E0  1.74048076E-2 -6.07615926E-6 9.60084351E-10 -5.6565649E-14    2
   7.55377821E3  -1.03686516E1 -8.97467137E-1  4.15744022E-2 -4.94778349E-5    3
  4.56493655E-8-1.79085437E-11   9.93950407E3   2.92641758E1                   4
NC3H7                   C   3H   7          G     298.0    6000.0  1000.0      1
   7.48614243E0  1.65769478E-2 -5.74876481E-6 9.04103694E-10-5.30867231E-14    2
   8.93710008E3  -1.42595379E1  -2.20120865E0  5.29641653E-2 -7.23640506E-5    3
   6.3699694E-8-2.29332581E-11   1.15130744E4   3.43669174E1                   4
NC3H7O2                 C   3H   7O   2     G     300.0    5000.0  1390.0      1
   1.32753283E1  1.61303126E-2 -5.52348308E-6 8.58197168E-10-4.98172586E-14    2
  -1.16032968E4  -4.15091215E1   2.13311681E0  3.96692045E-2 -2.37570127E-5    3
  6.96020417E-9-7.82576856E-13  -7.46687112E3   1.92444565E1                   4
C3H6OOH1-3              C   3H   7O   2     G     300.0    5000.0  1401.0      1
   1.39130757E1  1.40218463E-2 -4.55921149E-6 6.84182417E-10-3.87696213E-14    2
  -3.65650518E3  -4.21532559E1   1.74271107E0  4.53733504E-2 -3.57580373E-5    3
  1.48540053E-8-2.49981756E-12   2.32580844E2   2.20973041E1                   4
C3H6O1-3          A11.04C   3H   6O   1     G     200.0    6000.0  1000.0      1
   6.80716906E0  1.88824545E-2 -6.79082475E-6  1.09713919E-9-6.57154952E-14    2
  -1.36547629E4  -1.35382154E1   5.15283752E0 -1.86401716E-2  1.29980652E-4    3
 -1.58629974E-7 6.20668783E-11  -1.13243512E4   4.73561224E0                   4
C3H6                    C   3H   6          G     298.0    6000.0  1000.0      1
   6.59032304E0  1.52592866E-2 -5.30369441E-6 8.35510888E-10-4.91215549E-14    2
  -2.47481113E2  -1.15748238E1  -1.54606737E0  4.36553128E-2 -5.61392417E-5    3
  4.98421927E-8-1.84798923E-11   2.07056233E3   2.99232495E1                   4
C3H5-A                  C   3H   5          G     298.0    6000.0  1000.0      1
   7.37604097E0  1.23449782E-2 -4.26463882E-6 6.69045835E-10-3.92202554E-14    2
    1.7733296E4  -1.61758204E1  -3.32899442E0  5.38423469E-2 -7.65500752E-5    3
  6.35512285E-8-2.14283003E-11   2.03420628E4   3.68038362E1                   4
C3H5-S                  C   3H   5          G     300.0    5000.0  1390.0      1
   7.95954498E0  1.11163183E-2 -3.75197834E-6  5.7724626E-10-3.32768957E-14    2
   2.80567891E4  -1.79800372E1   1.61793372E0  2.44803904E-2 -1.41856503E-5    3
  4.16402233E-9-4.90904795E-13   3.04291037E4   1.66341443E1                   4
C3H5-T                  C   3H   5          G     300.0    5000.0  1376.0      1
   7.69949212E0  1.17803985E-2 -4.07791749E-6 6.38119222E-10-3.72229675E-14    2
   2.61747145E4   -1.6830589E1   2.29256998E0  1.98527646E-2 -6.42635654E-6    3
-5.90016395E-10 5.05491095E-13   2.85773377E4   1.39407124E1                   4
C3H5O             .KPS12C   3H   5O   1     G     300.0    5000.0  1402.0      1
   1.02638186E1  1.17609932E-2 -3.89837957E-6 5.92650815E-10-3.38867417E-14    2
   7.25938472E3  -2.75108651E1  8.24068673E-1  3.46749909E-2 -2.51786795E-5    3
  9.56781953E-9-1.48085302E-12   1.04203725E4    2.2828307E1                   4
CH3CHCO           .THERMC   3H   4O   1     G     300.0    5000.0  1400.0      1
   1.00219123E1    9.569663E-3 -3.26221644E-6 5.05231706E-10-2.92593257E-14    2
  -1.42482738E4  -2.77829973E1   1.48380119E0  3.22203013E-2 -2.70250033E-5    3
  1.20499164E-8-2.18365931E-12   -1.1527654E4   1.71552068E1                   4
AC3H5OOH          ...ITHC   3H   6O   2     G     298.0    6000.0  1000.0      1
   1.20838649E1  1.47946591E-2 -5.13212591E-6 8.07504999E-10-4.74394983E-14    2
  -1.02184463E4  -3.36434791E1   3.18124993E0  4.35233041E-2 -5.16277353E-5    3
  4.32011427E-8-1.57714983E-11  -7.63521503E3   1.21725683E1                   4
CH2CCH2OH         .THERMC   3H   5O   1     G     300.0    5000.0  1372.0      1
   9.70702027E0   1.1397266E-2 -3.77993962E-6 5.75209277E-10-3.29229125E-14    2
   9.13212884E3  -2.25012933E1   2.88422544E0  2.42428071E-2 -1.14152268E-5    3
  1.71775334E-9 1.42177454E-13   1.17935615E4   1.52102335E1                   4
C3H4-P            T.2.90C   3H   4          G     200.0    6000.0  1000.0      1
      6.02524E0   1.1336542E-2  -4.0223391E-6  6.4376063E-10 -3.8299635E-14    2
    1.9620942E4   -8.6043785E0    2.6803869E0   1.5799651E-2   2.5070596E-6    3
  -1.3657623E-8  6.6154285E-12    2.0802374E4    9.8769351E0                   4
C3H4-A            L.8.89C   3H   4          G     200.0    6000.0  1000.0      1
    6.3168722E0   1.1133728E-2  -3.9629378E-6  6.3564238E-10  -3.787554E-14    2
    2.0117495E4   -1.0995766E1    2.6130445E0   1.2122575E-2    1.853988E-5    3
  -3.4525149E-8  1.5335079E-11    2.1541567E4    1.0226139E1                   4
C3H3              T.7.11C   3H   3          G     200.0    6000.0  1000.0      1
   7.14221719E0  7.61902211E-3  -2.6746003E-6 4.24914904E-10-2.51475443E-14    2
   3.95709594E4   -1.2584869E1   1.35110873E0  3.27411291E-2 -4.73827407E-5    3
   3.7631022E-8-1.18541128E-11   4.07679941E4   1.52058598E1                   4
C2H3CHO           .KPS12C   3H   4O   1     G     300.0    5000.0  1398.0      1
   9.99155394E0  9.82348001E-3 -3.31203088E-6 5.09524422E-10 -2.9382189E-14    2
  -1.25303509E4  -2.85168883E1  7.33844455E-1  3.17482671E-2 -2.29599468E-5    3
  8.42104232E-9-1.23613478E-12  -9.38473548E3   2.10308851E1                   4
C2H3CO            .KPS12C   3H   3O   1     G     300.0    5000.0  1395.0      1
   8.86032735E0  8.48985205E-3  -2.9035008E-6 4.50763986E-10-2.61524281E-14    2
   7.73489171E3  -2.06978792E1   1.65335195E0  2.57402596E-2 -1.89009911E-5    3
  7.29174972E-9-1.16083226E-12   1.02020654E4   1.78705872E1                   4
CH3COCH3                C   3H   6O   1     G     300.0    5000.0  1394.0      1
   8.87619308E0  1.45700263E-2  -4.8482328E-6 7.38614777E-10-4.22831194E-14    2
  -3.06046242E4  -2.12730484E1   2.20008426E0  2.74019559E-2 -1.31342003E-5    3
  2.57150371E-9-6.21509091E-14  -2.79933966E4   1.55883508E1                   4
CH3COCH2          .THERMC   3H   5O   1     G     300.0    5000.0  1387.0      1
   1.09524298E1  1.11458668E-2 -3.86262877E-6 6.05088857E-10-3.53293362E-14    2
  -9.60833727E3  -3.15622776E1   1.13381826E0  3.25095045E-2 -2.10424651E-5    3
  6.64421151E-9-8.12618901E-13  -6.04868361E3   2.17158655E1                   4
CH3COCH2O         .THERMC   3H   5O   2     G     300.0    5000.0  2002.0      1
   9.84061707E0  1.59181106E-2 -5.85164644E-6 9.56160073E-10-5.75477263E-14    2
  -2.11214823E4  -2.12330791E1   5.85960137E0  1.78954926E-2  7.41506398E-7    3
 -5.40032753E-9 1.47393197E-12  -1.90714739E4   2.70987883E0                   4
C4H10                   C   4H  10          G     300.0    5000.0  1392.0      1
   1.24923813E1  2.15951935E-2 -7.34277611E-6  1.13529859E-9-6.56730149E-14    2
  -2.17598985E4  -4.41546866E1 -9.20862487E-2  4.69703816E-2 -2.54761945E-5    3
  6.35894738E-9-5.16005946E-13  -1.69556758E4   2.49101571E1                   4
PC4H9                   C   4H   9          G     300.0    5000.0  1393.0      1
   1.18547949E1  1.96962095E-2 -6.71054229E-6  1.03891144E-9-6.01513573E-14    2
   3.38182243E3  -3.72343446E1  4.09644702E-1  4.29511341E-2 -2.36582809E-5    3
  6.15744917E-9-5.64300671E-13    7.7431915E3   2.55312526E1                   4
PC4H9O2                 C   4H   9O   2     G     300.0    5000.0  1391.0      1
   1.66120049E1  2.04752336E-2 -7.01415262E-6   1.0901051E-9-6.32913959E-14    2
  -1.57901735E4  -5.79272276E1   1.80541406E0   5.2649306E-2 -3.30870383E-5    3
  1.04593484E-8-1.32305701E-12  -1.03866773E4   2.24829685E1                   4
C4H8OOH1-3              C   4H   9O   2     G     300.0    5000.0  1396.0      1
   1.61247782E1   2.0242098E-2 -6.88631475E-6  1.06534945E-9-6.16599545E-14    2
  -9.16802012E3  -5.26575415E1   2.46292502E0  4.70131194E-2 -2.42145198E-5    3
   4.6540781E-9 1.62198662E-14  -3.95787917E3   2.24569578E1                   4
C4H8O1-3                C   4H   8O   1     G     300.0    5000.0  1447.0      1
   1.32076917E1  1.77467973E-2 -5.69933762E-6 8.47771212E-10-4.77345874E-14    2
  -2.11717546E4   -4.7838642E1  -5.37284363E0  6.62224444E-2 -5.35318273E-5    3
  2.19451842E-8-3.54479816E-12  -1.54144887E4   4.98345472E1                   4
C4H8OOH1-3O2            C   4H   9O   4     G     300.0    5000.0  1400.0      1
    2.1573475E1  2.04528589E-2 -6.99497777E-6  1.08597818E-9-6.30071127E-14    2
  -2.88428166E4  -7.84560716E1   3.02241018E0  6.53862812E-2 -4.89645658E-5    3
  1.90437784E-8-3.02309317E-12  -2.25805572E4   2.05729328E1                   4
C4H72-1,3OOH            C   4H   9O   4     G     300.0    5000.0  1395.0      1
   2.14626449E1  2.02946207E-2 -6.97889021E-6  1.08750673E-9-6.32605387E-14    2
  -2.22196721E4  -7.60671568E1   3.85542428E0  6.05523559E-2 -4.18122063E-5    3
  1.46680029E-8-2.07881996E-12  -1.60359412E4   1.87734959E1                   4
C4H7O1-2OOH-3           C   4H   8O   3     G     300.0    5000.0  1435.0      1
   1.83476383E1  1.72627711E-2 -5.53440131E-6 8.21396496E-10-4.61479654E-14    2
  -3.29223599E4  -6.69919656E1 -9.44964311E-1  7.31026695E-2 -6.71227799E-5    3
   3.1225229E-8-5.67206759E-12  -2.74510619E4   3.25427282E1                   4
C4H7O2-3OOH-1           C   4H   8O   3     G     300.0    5000.0  1424.0      1
   2.03028185E1  1.69331534E-2 -5.71128715E-6 8.79005552E-10-5.07088176E-14    2
   -3.4345147E4  -7.95919117E1  -3.04171082E0   7.7525474E-2 -6.55776743E-5    3
  2.74944445E-8-4.52476822E-12  -2.70343494E4    4.3313681E1                   4
C4H72-1OOH              C   4H   8O   2     G     300.0    5000.0  1381.0      1
    1.8012274E1  1.70340943E-2 -5.89884086E-6 9.23962123E-10-5.39539803E-14    2
  -1.74585465E4  -6.55209757E1   1.29755275E0  5.59252255E-2 -4.08890003E-5    3
  1.54880526E-8-2.42412478E-12  -1.16046928E4   2.43621382E1                   4
NC4KET13                C   4H   8O   3     G     300.0    5000.0  1411.0      1
   1.93085398E1  1.73455091E-2 -5.85046818E-6 9.00297947E-10-5.19274609E-14    2
  -4.51023813E4  -7.04869509E1   3.31775682E0  5.28482064E-2 -3.43211665E-5    3
  1.04562704E-8-1.12796519E-12  -3.94868388E4   1.58443308E1                   4
C4H71-3OOH              C   4H   8O   2     G     300.0    5000.0  1392.0      1
   1.92985494E1  1.54534427E-2 -5.25460431E-6 8.13772446E-10-4.71689947E-14    2
   -1.8500348E4  -7.49926639E1  -1.50977396E0  6.85369305E-2 -5.75193633E-5    3
  2.43179107E-8-4.09788488E-12  -1.18018961E4   3.50420113E1                   4
IC4H9                   C   4H   9          G     300.0    5000.0  1397.0      1
   1.23261837E1   1.9205777E-2 -6.52063623E-6  1.00704497E-9-5.82038734E-14    2
   2.50995714E3  -4.13478742E1  1.20802408E-1  4.73187324E-2 -3.16440251E-5    3
  1.14229699E-8-1.74784642E-12   6.84032915E3   2.44291032E1                   4
TC4H9                   C   4H   9          G     300.0    5000.0  1380.0      1
   1.02682832E1  2.09965262E-2 -7.14945754E-6  1.10648358E-9-6.40498314E-14    2
   1.57542675E2  -3.00960941E1   1.05841769E0  3.41133739E-2 -9.03156779E-6    3
 -2.95313136E-9 1.41436845E-12   4.22699258E3   2.23965051E1                   4
IC4H8O                  C   4H   8O   1     G     300.0    5000.0  1394.0      1
   1.40433578E1  2.05733637E-2  -9.0951922E-6  1.73417298E-9-1.14908544E-13    2
  -3.62275308E4  -6.90009668E1  -5.02573822E0   7.5134096E-2 -6.88668822E-5    3
  3.12223247E-8-5.60128818E-12  -3.07481413E4   2.96284295E1                   4
IC3H6CHO          .THERMC   4H   7O   1     G     300.0    5000.0  1390.0      1
    1.3310225E1  1.62097959E-2 -5.57575891E-6 8.69003718E-10-5.05554202E-14    2
  -7.62177931E3  -4.25050854E1  5.21481767E-1  4.43114357E-2 -2.86617314E-5    3
  9.30319894E-9-1.20761563E-12  -2.99677086E3    2.6818213E1                   4
IC3H5CHO                C   4H   6O   1     G     300.0    5000.0  1396.0      1
   1.33892118E1   1.3911542E-2 -4.75820958E-6 7.38736618E-10-4.28606559E-14    2
  -1.97917448E4  -4.60146004E1   1.09372823E0  4.43315368E-2 -3.41918451E-5    3
  1.39369607E-8 -2.3379146E-12  -1.56745978E4   1.94458467E1                   4
IC3H5CO                 C   4H   5O   1     G     300.0    5000.0  1396.0      1
   1.29634401E1  1.17954996E-2 -4.04361488E-6 6.28771516E-10-3.65209867E-14    2
  -8.26519462E2  -4.20562575E1    1.8730699E0  3.95188508E-2 -3.11404053E-5    3
  1.28844447E-8-2.18165308E-12   2.85270691E3   1.68774016E1                   4
IC4H9O2                 C   4H   9O   2     G     300.0    5000.0  1432.0      1
    1.7879387E1  1.82474607E-2 -6.01252193E-6 9.11106794E-10-5.20018932E-14    2
  -1.74569774E4  -6.61552973E1   1.77219624E0  5.34032789E-2  -3.3104181E-5    3
  9.24465657E-9-8.01706642E-13  -1.17768774E4   2.09581481E1                   4
TC4H9O2                 C   4H   9O   2     G     300.0    5000.0  1380.0      1
   1.80863238E1  1.99282971E-2 -6.98287309E-6  1.10171726E-9-6.46381057E-14    2
  -2.04420664E4  -6.97533212E1   2.63892371E0  5.44717499E-2 -3.75504698E-5    3
   1.4047925E-8  -2.279686E-12  -1.47598933E4   1.40325533E1                   4
IC4H8O2H-I              C   4H   9O   2     G     300.0    5000.0  1414.0      1
   1.83915486E1  1.73042831E-2 -5.66841018E-6 8.55414265E-10-4.86781778E-14    2
  -9.48569748E3  -6.67673286E1   1.8643262E-1  6.26430177E-2 -4.83690886E-5    3
  1.88657148E-8-2.91189385E-12  -3.59086611E3   2.97635367E1                   4
TC4H8O2H-I              C   4H   9O   2     G     300.0    5000.0  1379.0      1
   1.81415374E1  1.94699499E-2 -6.82750014E-6  1.07773311E-9-6.32519099E-14    2
  -1.23570939E4  -6.63491602E1   3.54378349E0  5.25201369E-2 -3.69898493E-5    3
  1.44634925E-8 -2.4753605E-12  -6.98183185E3   1.27623539E1                   4
IC4H7OOH                C   4H   8O   2     G     300.0    5000.0  1386.0      1
   1.82897194E1  1.67815784E-2 -5.80668193E-6  9.0894918E-10-5.30513302E-14    2
  -1.82046522E4  -6.72111342E1  1.31851762E-1  6.19561224E-2 -4.99343877E-5    3
  2.09628211E-8-3.59717924E-12  -1.21399925E4   2.93905962E1                   4
IC4H8                   C   4H   8          G     300.0    5000.0  1392.0      1
   1.11444028E1  1.81609265E-2 -6.17791116E-6 9.55481871E-10-5.52826092E-14    2
  -7.84024684E3  -3.68508829E1  5.72478139E-2  4.17768938E-2 -2.49095729E-5    3
  7.54294402E-9-9.23202212E-13  -3.72166259E3   2.35698905E1                   4
IC4H7                   C   4H   7          G     300.0    5000.0  1384.0      1
   1.18999143E1  1.51569859E-2 -5.09995449E-6 7.83722199E-10-4.51660275E-14    2
   1.00363555E4  -4.02286635E1 -2.29578762E-1  4.17842986E-2   -2.668857E-5    3
  8.42205744E-9-1.03175361E-12    1.4394668E4   2.54797645E1                   4
IC4H7-I1                C   4H   7          G     300.0    5000.0  1396.0      1
   1.11158752E1  1.55127192E-2 -5.23769366E-6 8.05998394E-10 -4.6470339E-14    2
   2.19488297E4   -3.4144048E1  9.12464579E-1  3.88654394E-2 -2.57575714E-5    3
  9.07760026E-9-1.33946902E-12   2.55635553E4   2.08634918E1                   4
IC4H7O            .THERMC   4H   7O   1     G     300.0    5000.0  1386.0      1
   1.33457615E1  1.61218588E-2 -5.44376403E-6 8.38199374E-10 -4.8360828E-14    2
   6.11443644E2  -4.36818838E1   1.74700687E0  4.07783436E-2 -2.44750243E-5    3
  7.06502958E-9-7.51570589E-13   4.86979233E3   1.94535999E1                   4
IC4H6OH                 C   4H   7O   1     G     300.0    5000.0  1402.0      1
   1.53490714E1  1.38856699E-2 -4.56427754E-6  6.9041869E-10-3.93540403E-14    2
  -1.20164758E4   -5.5597553E1  -1.46664187E0  6.03351671E-2 -5.43112644E-5    3
  2.49299933E-8-4.52282491E-12  -6.95012413E3   3.20768458E1                   4
IC3H5OCH2         .CZHOUC   4H   7O   1     G    298.15    2000.0  1000.0      1
   6.64731727E0  3.08190709E-2  -1.7320932E-5  5.01099629E-9-6.00089387E-13    2
   1.70679921E3  -5.91214819E0  -2.14798958E0  7.00225553E-2  -8.2159544E-5    3
  5.22589946E-8-1.34176532E-11   3.26474773E3   3.55145589E1                   4
C4H8-1                  C   4H   8          G     300.0    5000.0  1388.0      1
   1.10189295E1  1.82714177E-2 -6.21801907E-6 9.62038611E-10-5.56791341E-14    2
  -5.80998818E3  -3.47942287E1  1.62599556E-1  4.01052746E-2 -2.18038592E-5    3
  5.47070727E-9-4.54073315E-13  -1.65402601E3   2.48169258E1                   4
C4H71-1                 C   4H   7          G     300.0    5000.0  1390.0      1
    1.1053175E1  1.55668782E-2 -5.25853044E-6 8.09627095E-10-4.67015477E-14    2
   2.39455759E4  -3.31548457E1  8.97231085E-1  3.77003788E-2 -2.33194855E-5    3
  7.38468124E-9  -9.500279E-13   2.76498158E4   2.19835413E1                   4
C4H71-2                 C   4H   7          G     300.0    5000.0  1381.0      1
   1.07105686E1  1.63539126E-2 -5.63688038E-6 8.79591989E-10-5.12098725E-14    2
   2.21011255E4  -3.15300308E1   1.56405993E0  3.32162309E-2  -1.5917831E-5    3
  2.92637814E-9-3.02645386E-14    2.5796612E4   1.93052496E1                   4
C4H71-3                 C   4H   7          G     300.0    5000.0  1367.0      1
   1.16977564E1  1.53404517E-2 -5.16928607E-6 7.95431212E-10 -4.5891415E-14    2
   1.07395001E4  -3.82992966E1  9.40350126E-1  3.56830321E-2 -1.74384567E-5    3
  2.78964567E-9 1.78068599E-13   1.49303203E4   2.11349333E1                   4
C4H71-4                 C   4H   7          G     300.0    5000.0  1389.0      1
   1.03875084E1  1.63677264E-2 -5.58416036E-6 8.65388736E-10-5.01415385E-14    2
   1.93282846E4  -2.86081068E1  5.36903096E-1  3.66356251E-2  -2.0781461E-5    3
  5.74895154E-9-6.05742821E-13   2.30645349E4   2.53369983E1                   4
C4H6-1            L10.93C   4H   6          G     200.0    6000.0  1000.0      1
   7.81179394E0  1.79733772E-2 -6.61044149E-6  1.05501491E-9-6.19297169E-14    2
   1.61770171E4  -1.59658015E1   2.42819263E0  2.49821955E-2  6.27370548E-6    3
 -2.61747866E-8 1.26585079E-11   1.80248564E4   1.36683982E1                   4
C5H91-3                 C   5H   9          G     300.0    5000.0  1390.0      1
   1.39593933E1   2.0918021E-2 -7.14307074E-6  1.10781333E-9 -6.4226816E-14    2
   7.02651017E3   -5.0310361E1 -4.68159636E-1    5.134726E-2 -3.05648794E-5    3
  8.82809744E-9-9.61458255E-13   1.23781446E4   2.83587835E1                   4
C5H91-5                 C   5H   9          G     300.0    5000.0  1391.0      1
   1.37334869E1  2.07003006E-2 -7.06962737E-6  1.09638953E-9-6.35591113E-14    2
   1.51176253E4   -4.5079485E1  2.07676634E-1  4.96049077E-2 -3.00621602E-5    3
  9.19962077E-9-1.13246061E-12   2.01251866E4   2.85856261E1                   4
C4H6                    C   4H   6          G     300.0    5000.0  1388.0      1
   1.01064561E1  1.46248415E-2 -5.01373934E-6 7.79510645E-10-4.52675769E-14    2
   9.96133753E3  -2.97310638E1   1.01356056E0  3.35722771E-2 -1.96279376E-5    3
   5.7480385E-9-6.75029065E-13   1.33956759E4   1.99957382E1                   4
C4H3-I            AB1.93C   4H   3          G     300.0    3000.0  1000.0      1
    9.0978165E0   9.2207119E-3  -3.3878441E-6  4.9160498E-10  -1.452978E-14    2
    5.6600574E4   -1.9802597E1    2.0830412E0   4.0834274E-2  -6.2159685E-5    3
   5.1679358E-8 -1.7029184E-11    5.8005129E4    1.3617462E1                   4
C4H2              D11.99C   4H   2          G     300.0    3000.0  1000.0      1
    9.1576328E0   5.5430518E-3  -1.3591604E-6  1.8780075E-11  2.3189536E-14    2
    5.2588039E4    -2.371146E1    1.0543978E0    4.162696E-2  -6.5871784E-5    3
   5.3257075E-8 -1.6683162E-11    5.4185211E4    1.4866591E1                   4
H2C4O             120189C   4H   2O   1     G     300.0    4000.0  1000.0      1
     1.026888E1    4.896164E-3   -4.885081E-7  -2.708566E-10   5.107013E-14    2
     2.346903E4    -2.815985E1     4.810971E0    1.313999E-2    9.865073E-7    3
    -6.12072E-9   1.640003E-12     2.545803E4     2.113424E0                   4
C2H5CHCO                C   4H   6O   1     G     300.0    5000.0  1550.0      1
  -2.04040652E2   2.9346688E-1 -1.15884523E-4  1.95253673E-8-1.19030791E-12    2
   8.27380036E4   1.21233386E3  -2.28307043E1  1.70978191E-1 -3.53394379E-4    3
  2.78221616E-7-6.77325074E-11  -1.04125457E4   1.31232921E2                   4
C5H10-1                 C   5H  10          G     300.0    5000.0  1390.0      1
   1.43624894E1  2.26076154E-2 -7.70500843E-6  1.19329968E-9-6.91126022E-14    2
  -9.99915627E3  -5.12512094E1 -1.65023816E-1  5.30727359E-2 -3.10861587E-5    3
  8.92413402E-9-9.81619602E-13  -4.57363143E3   2.80570113E1                   4
AC5H10                  C   5H  10          G     300.0    5000.0  1392.0      1
   1.41931279E1  2.26551019E-2 -7.70008627E-6  1.19031326E-9-6.88489604E-14    2
   -1.1949101E4  -5.10688681E1 -5.39429136E-1  5.44489715E-2 -3.32707895E-5    3
  1.03047694E-8-1.28363329E-12  -6.53967251E3   2.90349986E1                   4
C5H6              T.1.90C   5H   6          G     200.0    6000.0  1000.0      1
    9.9757848E0   1.8905543E-2  -6.8411461E-6    1.109934E-9 -6.6680236E-14    2
    1.1081693E4   -3.2209454E1   8.6108957E-1   1.4804031E-2   7.2108895E-5    3
  -1.1338055E-7  4.8689972E-11    1.4801755E4    2.1353453E1                   4
C5H7              ...WKMC   5H   7          G     300.0    5000.0  1377.0      1
   1.36630213E1  1.68061358E-2 -5.98746539E-6 9.55341072E-10-5.64951981E-14    2
   1.27238941E4  -5.46331286E1  -6.75118368E0  6.06461693E-2 -4.01260152E-5    3
  1.22051562E-8-1.33459844E-12   2.01365277E4   5.62694938E1                   4
CVCCJCVC          ...Z.BC   5H   7          G     300.0    5000.0  1388.0      1
   1.40879309E1  1.62398907E-2  -5.6476895E-6 8.86857524E-10-5.18698993E-14    2
   1.76798698E4  -5.13735038E1  -2.94595603E0  5.68783623E-2 -4.31336497E-5    3
  1.68169537E-8-2.67926433E-12   2.35156925E4   3.98188778E1                   4
CVCCVCCJ          ...Z.BC   5H   7          G     300.0    5000.0  1386.0      1
   1.47302883E1    1.590309E-2 -5.57729508E-6 8.80604825E-10-5.16963733E-14    2
   1.74050791E4  -5.42670706E1  -1.60087476E0  5.38764703E-2 -3.96302225E-5    3
  1.49599474E-8-2.31995284E-12   2.31199746E4    3.3549296E1                   4
OC5H7O            ...WKMC   5H   7O   2     G     300.0    5000.0  1375.0      1
   1.65416953E1  1.86677673E-2 -6.44836048E-6  1.00787611E-9-5.87521858E-14    2
  -2.82017168E4  -5.47258181E1   4.88394767E0    4.034013E-2  -1.9777415E-5    3
  3.68903501E-9-3.40202384E-14  -2.35295942E4   9.97070337E0                   4
NC12H26           000000C  12H  26          G     300.0    5000.0  1000.0      1
   1.21902013E1  1.03773021E-1 -4.53493631E-5   7.3039414E-9          0.0E0    2
  -4.38998796E4  -2.56534752E1  -3.90122406E0  1.54746695E-1 -1.04474124E-4    3
  3.69981437E-8-5.45168968E-12  -3.99202501E4    5.5555715E1                   4
C12H25-1          000000C  12H  25          G     300.0    5000.0  1000.0      1
    1.2650742E1  9.98160708E-2  -4.3700912E-5  7.04936555E-9          0.0E0    2
  -1.90542869E4  -2.45344262E1  -3.73890644E0  1.55354169E-1 -1.13263996E-4    3
  4.51198329E-8-7.65583303E-12  -1.52324431E4   5.71485007E1                   4
C12H25-2          000000C  12H  25          G     300.0    5000.0  1000.0      1
   8.24514174E0  1.07726388E-1 -4.85760545E-5  8.04869961E-9          0.0E0    2
  -1.94578773E4 -6.88528923E-1  -3.21311711E0  1.45741019E-1 -9.50691915E-5    3
   3.2824115E-8-4.83865087E-12  -1.67353455E4   5.66454472E1                   4
C12H25-3          000000C  12H  25          G     300.0    5000.0  1000.0      1
   8.24514174E0  1.07726388E-1 -4.85760545E-5  8.04869961E-9          0.0E0    2
  -1.94578773E4 -6.88528923E-1  -3.21311711E0  1.45741019E-1 -9.50691915E-5    3
   3.2824115E-8-4.83865087E-12  -1.67353455E4   5.66454472E1                   4
C12H25-4          000000C  12H  25          G     300.0    5000.0  1000.0      1
   8.24514174E0  1.07726388E-1 -4.85760545E-5  8.04869961E-9          0.0E0    2
  -1.94578773E4 -6.88528923E-1  -3.21311711E0  1.45741019E-1 -9.50691915E-5    3
   3.2824115E-8-4.83865087E-12  -1.67353455E4   5.66454472E1                   4
C12H25-5          000000C  12H  25          G     300.0    5000.0  1000.0      1
   8.24514174E0  1.07726388E-1 -4.85760545E-5  8.04869961E-9          0.0E0    2
  -1.94578773E4 -6.88528923E-1  -3.21311711E0  1.45741019E-1 -9.50691915E-5    3
   3.2824115E-8-4.83865087E-12  -1.67353455E4   5.66454472E1                   4
C12H25-6          000000C  12H  25          G     300.0    5000.0  1000.0      1
   8.24514174E0  1.07726388E-1 -4.85760545E-5  8.04869961E-9          0.0E0    2
  -1.94578773E4 -6.88528923E-1  -3.21311711E0  1.45741019E-1 -9.50691915E-5    3
   3.2824115E-8-4.83865087E-12  -1.67353455E4   5.66454472E1                   4
C11H23-1          000000C  11H  23          G     300.0    5000.0  1000.0      1
   1.16162992E1  9.13761312E-2 -3.99250921E-5  6.43061937E-9          0.0E0    2
  -1.58286868E4  -2.08382849E1  -3.29855182E0  1.41929612E-1 -1.03261523E-4    3
  4.11024429E-8-6.97402238E-12  -1.23515839E4   5.34908218E1                   4
C10H21-1          000000C  10H  21          G     300.0    5000.0  1000.0      1
   1.05723101E1  8.29570182E-2 -3.61640703E-5   5.8151954E-9          0.0E0    2
  -1.26007992E4  -1.70926825E1  -2.85826877E0  1.28486997E-1 -9.32159633E-5    3
  3.70513604E-8-6.28367197E-12   -9.4702189E3   4.98373003E1                   4
C9H19-1           000000C   9H  19          G     300.0    5000.0  1000.0      1
   9.51857084E0  7.45607787E-2 -3.24201994E-5  5.20373519E-9          0.0E0    2
  -9.37082336E3  -1.32974083E1  -2.42043601E0  1.15033789E-1 -8.31338481E-5    3
   3.2968029E-8 -5.5846486E-12  -6.58791584E3   4.61995408E1                   4
C8H17-1           000000C   8H  17          G     300.0    5000.0  1000.0      1
   8.42409187E0   6.6244421E-2 -2.87293321E-5  4.60369409E-9          0.0E0    2
  -6.13428129E3  -9.29736803E0   -2.0535449E0  1.01739374E-1 -7.31721346E-5    3
  2.89149872E-8-4.88580683E-12  -3.69051542E3   4.29237183E1                   4
C7H15-1           000000C   7H  15          G     300.0    5000.0  1000.0      1
   7.33387514E0  5.79375121E-2 -2.50524155E-5  4.00764876E-9          0.0E0    2
  -2.89454883E3  -5.31221869E0  -1.58691119E0   8.8123962E-2  -6.2800759E-5    3
  2.46281314E-8 -4.1378027E-12    -8.117664E2   3.91590685E1                   4
C6H13-1           000000C   6H  13          G     300.0    5000.0  1000.0      1
   6.22111758E0   4.9681002E-2 -2.14117407E-5  3.41975079E-9          0.0E0    2
   3.41431205E2  -1.23257145E0  -1.28404202E0  7.50083835E-2  -5.2990012E-5    3
  2.06147872E-8-3.43898704E-12   2.09802878E3   3.62010565E1                   4
C5H11-1           000000C   5H  11          G     300.0    5000.0  1000.0      1
    4.4530338E0  4.28109052E-2 -1.86979224E-5  3.03062426E-9          0.0E0    2
   3.78104524E3   6.35930214E0 -3.19535605E-1  5.86240898E-2 -3.80096912E-5    3
  1.33048857E-8-2.00310782E-12   4.91633482E3   3.02457666E1                   4
C10H20-1          000000C  10H  20          G     300.0    5000.0  1000.0      1
   1.00261006E1  8.12886033E-2 -3.57292639E-5  5.79604695E-9          0.0E0    2
  -2.20735794E4  -1.65091347E1  -4.19007557E0  1.28901644E-1 -9.46158989E-5    3
  3.75948996E-8-6.30908218E-12  -1.87229419E4   5.45006613E1                   4
C9H18-1           000000C   9H  18          G     300.0    5000.0  1000.0      1
   8.93715868E0  7.29863704E-2 -3.20580787E-5  5.20154183E-9          0.0E0    2
  -1.88322464E4  -1.25272047E1  -3.68126883E0  1.15151998E-1 -8.40756547E-5    3
   3.3213521E-8-5.54160329E-12  -1.58521148E4   5.05290393E1                   4
C6H12-1           000000C   6H  12          G     300.0    5000.0  1000.0      1
   4.85566252E0  4.97698098E-2 -2.21621035E-5  3.65593772E-9          0.0E0    2
  -8.86935352E3   3.75564912E0  -1.63993858E0  7.08683181E-2 -4.73522822E-5    3
  1.67231748E-8-2.47996551E-12  -7.29709647E3   3.63864987E1                   4
C8H16-1           000000C   8H  16          G     300.0    5000.0  1000.0      1
   7.82539953E0  6.47403888E-2 -2.84288572E-5  4.61663701E-9          0.0E0    2
  -1.55875519E4   -8.4332054E0  -3.20471119E0  1.01469512E-1 -7.35627397E-5    3
  2.88174754E-8-4.76596833E-12  -1.29743912E4   4.67224642E1                   4
C7H14-1           000000C   7H  14          G     300.0    5000.0  1000.0      1
   6.67761983E0   5.6586269E-2 -2.48658052E-5  4.04641748E-9          0.0E0    2
  -1.23395839E4  -4.16784488E0  -2.81843291E0  8.80341538E-2 -6.32722294E-5    3
  2.44998223E-8-3.99881273E-12  -1.00789208E4   4.33657924E1                   4
C12H24-1          000000C  12H  24          G     300.0    5000.0  1000.0      1
   1.32887099E1  9.55749329E-2 -4.14552311E-5  6.64067098E-9          0.0E0    2
  -2.89202979E4  -3.03143732E1  -4.11484483E0  1.50650239E-1 -1.05257269E-4    3
  3.86330471E-8-5.86208968E-12  -2.46127264E4   5.75322334E1                   4
C12H24-2          000000C  12H  24          G     300.0    5000.0  1000.0      1
   1.18219887E1  9.80563965E-2 -4.31522258E-5  7.01029732E-9          0.0E0    2
  -2.97166724E4  -2.26754223E1  -4.29133106E0  1.51967527E-1 -1.09747622E-4    3
  4.29209771E-8-7.11309439E-12  -2.59155036E4   5.78260619E1                   4
C12H24-3          000000C  12H  24          G     300.0    5000.0  1000.0      1
   1.21831736E1   9.7265584E-2 -4.28193798E-5  6.97493164E-9          0.0E0    2
  -2.99124785E4  -2.47705913E1  -5.21101684E0  1.54915604E-1 -1.13294394E-4    3
  4.45516617E-8-7.35754543E-12  -2.57743001E4    6.2285516E1                   4
C12H23            000000C  12H  23          G     300.0    5000.0  1000.0      1
   8.98672959E0  1.00339497E-1 -4.62145144E-5  7.88149275E-9          0.0E0    2
  -5.42684121E3   -3.8484599E0  -2.11314538E0  1.34620184E-1 -8.46497174E-5    3
  2.63093386E-8-3.17345456E-12   -2.6278458E3   5.24144232E1                   4
NC4H9CHO          000000C   5H  10O   1     G     300.0    5000.0  1000.0      1
   4.99358295E0   4.3688509E-2 -1.98947553E-5  3.35222081E-9          0.0E0    2
  -3.08293369E4   4.95995633E0   1.59663472E0  5.43541416E-2 -3.21020651E-5    3
  9.35773559E-9-1.06688932E-12  -2.99841025E4   2.21281498E1                   4
NC5H11CHO         000000C   6H  12O   1     G     300.0    5000.0  1000.0      1
   5.95057618E0  5.20534545E-2 -2.36124305E-5  3.96280402E-9          0.0E0    2
  -3.40033098E4   1.75187393E0   1.37517192E0  6.65669689E-2  -4.0442305E-5    3
   1.2383627E-8-1.52905857E-12  -3.28740986E4   2.48343934E1                   4
C8H15             000000C   8H  15          G     300.0    5000.0  1000.0      1
   5.06047558E0   6.6639176E-2 -3.08000053E-5  5.26813939E-9          0.0E0    2
   7.34109102E3   9.67587125E0  -1.06767837E0  8.52582925E-2 -5.12151748E-5    3
  1.47537449E-8-1.56139848E-12   8.90562157E3   4.08246085E1                   4
C9H17             000000C   9H  17          G     300.0    5000.0  1000.0      1
   6.01711977E0  7.51247534E-2 -3.47012177E-5  5.93238955E-9          0.0E0    2
   4.15535944E3   6.42341446E0  -1.33553112E0  9.76006888E-2 -5.95533898E-5    3
   1.7619531E-8-1.95825389E-12   6.02396539E3   4.37577277E1                   4
C10H19            000000C  10H  19          G     300.0    5000.0  1000.0      1
   6.97424582E0  8.36088524E-2  -3.8601157E-5  6.59633614E-9          0.0E0    2
   9.69567113E2   3.16866591E0  -1.60243104E0  1.09940087E-1 -6.78885221E-5    3
    2.048407E-8-2.35492648E-12   3.14213354E3   4.66861857E1                   4
C11H22-1          000000C  11H  22          G     300.0    5000.0  1000.0      1
   1.11164293E1  8.96139197E-2  -3.9425995E-5  6.39733641E-9          0.0E0    2
  -2.53079795E4  -2.04849009E1  -4.53666306E0  1.42121237E-1 -1.04477177E-4    3
   4.1590118E-8-6.99582448E-12   -2.1623849E4   5.76791329E1                   4
NC9H19CHO         000000C  10H  20O   1     G     300.0    5000.0  1000.0      1
   9.63533505E0  8.59291478E-2 -3.88483074E-5  6.49437542E-9          0.0E0    2
  -4.66637329E4  -1.03520998E1  5.82223288E-1  1.14923056E-1 -7.28776082E-5    3
  2.37836995E-8 -3.2008197E-12   -4.4446642E4   3.52424199E1                   4
NC8H17CHO         000000C   9H  18O   1     G     300.0    5000.0  1000.0      1
   8.73373357E0  7.74211192E-2 -3.50000718E-5  5.85088036E-9          0.0E0    2
  -4.35042303E4  -7.43082854E0  7.56488136E-1  1.02972015E-1 -6.49910881E-5    3
  2.10892072E-8-2.82096095E-12  -4.15508169E4    3.2744441E1                   4
NC10H21CHO        000000C  11H  22O   1     G     300.0    5000.0  1000.0      1
   1.05492267E1   9.4422029E-2   -4.268063E-5  7.13326552E-9          0.0E0    2
  -4.98271754E4  -1.33417033E1  3.91140564E-1  1.26976456E-1 -8.09208903E-5    3
  2.65828497E-8-3.60566474E-12  -4.73408124E4   3.78117946E1                   4
NC10H21CO         000000C  11H  21O   1     G     300.0    5000.0  1000.0      1
   1.09423247E1  9.08882688E-2 -4.11781845E-5  6.89401412E-9          0.0E0    2
  -3.12084184E4  -1.28810125E1   1.16350903E0  1.22186406E-1 -7.78847939E-5    3
  2.55280837E-8-3.44678181E-12   -2.8812296E4   3.63741592E1                   4
NC9H19CO          000000C  10H  19O   1     G     300.0    5000.0  1000.0      1
   1.00359267E1  8.23791474E-2 -3.73364132E-5  6.25334806E-9          0.0E0    2
  -2.80472651E4  -1.10284787E1   1.34967121E0  1.10157703E-1 -6.98818902E-5    3
  2.27536573E-8-3.04713233E-12  -2.59174459E4   3.27299115E1                   4
NC8H17CO          000000C   9H  17O   1     G     300.0    5000.0  1000.0      1
   9.12188589E0  7.38885203E-2 -3.35074563E-5  5.61544173E-9          0.0E0    2
  -2.48838866E4  -8.03862012E0   1.54176205E0  9.81000826E-2 -6.18304387E-5    3
   1.9947215E-8-2.64022932E-12  -2.30234472E4   3.01557488E1                   4
NC4H9CO           000000C   5H   9O   1     G     300.0    5000.0  1000.0      1
   5.39001774E0  4.00198363E-2 -1.81873646E-5  3.05309323E-9          0.0E0    2
  -1.21981546E4   4.35684323E0   2.43530238E0  4.93682376E-2 -2.89883082E-5    3
  8.42863812E-9-9.68287172E-13  -1.14675541E4   1.92695879E1                   4
NC5H11CO          000000C   6H  11O   1     G     300.0    5000.0  1000.0      1
   6.34344472E0  4.85243028E-2  -2.2116147E-5  3.72528006E-9          0.0E0    2
  -1.53849123E4   1.11499475E0   2.14479069E0  6.17863563E-2  -3.7413469E-5    3
  1.13283795E-8-1.36917698E-12  -1.43451172E4   2.23128045E1                   4
C7H131-4          000000C   7H  13          G     300.0    5000.0  1000.0      1
   6.61886174E0  5.26132119E-2  -2.2827224E-5  3.67609489E-9          0.0E0    2
   1.09780093E4 -5.35983516E-1  -1.61446658E0  8.00314536E-2 -5.65185787E-5    3
  2.17373923E-8-3.55485615E-12   1.29283152E4   4.06335508E1                   4
C11H21            000000C  11H  21          G     300.0    5000.0  1000.0      1
   7.93130514E0  9.20929558E-2 -4.25009749E-5  7.26024186E-9          0.0E0    2
  -2.21617494E3 -8.56318487E-2  -1.86876824E0  1.22277313E-1 -7.62207424E-5    3
  2.33469987E-8-2.75127319E-12   2.60207749E2   4.96119693E1                   4
AC3H5CHO          000000C   4H   6O   1     G     300.0    5000.0  1000.0      1
   4.30032652E0   2.9205317E-2 -1.33336151E-5  2.24129655E-9          0.0E0    2
  -1.17932951E4   7.38540506E0  1.59653121E-1  4.25761347E-2 -2.91900593E-5    3
  1.04044255E-8-1.53682904E-12  -1.07859656E4   2.82087323E1                   4
C2H3CHCHO         000000C   4H   5O   1     G     300.0    5000.0  1000.0      1
   3.49450704E0  2.88133406E-2 -1.38822378E-5  2.42073357E-9          0.0E0    2
   5.35587316E3   1.02668526E1 -8.77992983E-3  3.98630509E-2  -2.6613085E-5    3
  8.74644509E-9-1.14128759E-12   6.22475038E3   2.79591664E1                   4
PMH               .THERMC  12H  26          G     300.0    5000.0  1399.0      1
   4.18197201E1  5.36207788E-2 -1.82250206E-5  2.81808181E-9-1.63056226E-13    2
  -6.23686106E4  -1.99943978E2  -7.50627056E0  1.72893303E-1 -1.28949211E-4    3
  4.96984596E-8 -7.7834554E-12  -4.57506184E4    6.3351606E1                   4
PMH-R1            .THERMC  12H  25          G     300.0    5000.0  1398.0      1
   4.10175671E1  5.17815401E-2 -1.75956816E-5  2.72029986E-9-1.57378552E-13    2
  -3.71148798E4  -1.91634121E2  -6.20775951E0  1.66349425E-1 -1.24564432E-4    3
  4.83786758E-8-7.65303342E-12  -2.12228153E4     6.034786E1                   4
PMH-R3            .THERMC  12H  25          G     300.0    5000.0  1396.0      1
   4.12426699E1  5.11870925E-2 -1.73128434E-5  2.66892984E-9-1.54122297E-13    2
  -3.86807282E4  -1.92455114E2  -6.31515385E0  1.63317859E-1 -1.17455283E-4    3
  4.29192578E-8-6.29460793E-12  -2.24423823E4   6.23027928E1                   4
PMH-R4            .THERMC  12H  25          G     300.0    5000.0  1395.0      1
   3.98551223E1  5.28034378E-2 -1.79561706E-5  2.77742722E-9-1.60740397E-13    2
  -3.91013918E4  -1.85162108E2  -3.42576303E0  1.50891078E-1 -1.01354609E-4    3
  3.43687047E-8-4.65430419E-12  -2.38590266E4   4.82023846E1                   4
PMH-R5            .THERMC  12H  25          G     300.0    5000.0  1399.0      1
   4.14001629E1  5.14799704E-2 -1.74977085E-5  2.70570715E-9-1.56559391E-13    2
  -3.73026625E4  -1.92547566E2  -6.73715492E0  1.68338972E-1 -1.26464989E-4    3
  4.90568799E-8-7.72524873E-12  -2.11379201E4   6.42285458E1                   4
BC11H23           .THERMC  11H  23          G     300.0    5000.0  1395.0      1
   3.81820692E1  4.63659019E-2 -1.56110727E-5  2.39969925E-9-1.38313353E-13    2
  -3.34641191E4  -1.77114937E2  -5.54344382E0  1.48873595E-1 -1.06134274E-4    3
  3.81412897E-8-5.45661015E-12  -1.85129843E4    5.7260652E1                   4
AC11H22           .THERMC  11H  22          G     300.0    5000.0  1396.0      1
   3.56729885E1  4.73591173E-2 -1.61484849E-5   2.5020908E-9-1.44969403E-13    2
  -3.84167662E4  -1.63771493E2  -4.56795124E0  1.43190287E-1 -1.04050651E-4    3
  3.94654891E-8-6.14703947E-12  -2.46363403E4   5.16787213E1                   4
BC11H22           .THERMC  11H  22          G     300.0    5000.0  1396.0      1
   3.51843868E1  4.77447864E-2 -1.62745807E-5  2.52101445E-9-1.46039416E-13    2
   -3.7986321E4  -1.61406585E2  -4.16979449E0  1.40555789E-1 -1.00408599E-4    3
  3.74420692E-8 -5.7419046E-12   -2.4409657E4   4.96331435E1                   4
EC11H22           .THERMC  11H  22          G     300.0    5000.0  1380.0      1
   3.79073306E1  4.73960724E-2 -1.65942789E-5  2.61718018E-9-1.53524719E-13    2
   -4.2762701E4  -1.80165167E2  -2.90152563E0  1.29608853E-1 -7.43385626E-5    3
  1.83266848E-8-1.24603834E-12  -2.72940965E4   4.36354153E1                   4
IC12H24-3         .THERMC  12H  24          G     300.0    5000.0  1398.0      1
   4.05003624E1  4.99031874E-2 -1.69099531E-5  2.60972581E-9-1.50809326E-13    2
  -4.78469442E4  -1.90673808E2  -6.98131787E0  1.65831497E-1 -1.25722351E-4    3
  4.92252309E-8-7.81842834E-12  -3.19771314E4   6.23571375E1                   4
IC12H24-4         .THERMC  12H  24          G     300.0    5000.0  1399.0      1
    4.0830889E1   4.9682788E-2 -1.68451536E-5  2.60061758E-9-1.50314721E-13    2
  -4.69510163E4  -1.92761353E2  -7.46231089E0  1.69235664E-1 -1.30967031E-4    3
  5.24070461E-8-8.49842392E-12  -3.09733449E4   6.40122323E1                   4
C12H23-35         .THERMC  12H  23          G     300.0    5000.0  1397.0      1
   4.02426049E1  4.82470457E-2 -1.64824881E-5  2.55759494E-9 -1.4835268E-13    2
  -3.08840672E4  -1.90718539E2  -7.08767267E0  1.63214019E-1 -1.23899907E-4    3
  4.84169343E-8-7.67629493E-12  -1.49840667E4   6.17519002E1                   4
C12H23-36         .THERMC  12H  23          G     300.0    5000.0  1397.0      1
   4.02426049E1  4.82470457E-2 -1.64824881E-5  2.55759494E-9 -1.4835268E-13    2
  -3.08840672E4  -1.90718539E2  -7.08767267E0  1.63214019E-1 -1.23899907E-4    3
  4.84169343E-8-7.67629493E-12  -1.49840667E4   6.17519002E1                   4
C12H23-43         .THERMC  12H  23          G     300.0    5000.0  1397.0      1
   4.02426049E1  4.82470457E-2 -1.64824881E-5  2.55759494E-9 -1.4835268E-13    2
  -3.08840672E4  -1.90718539E2  -7.08767267E0  1.63214019E-1 -1.23899907E-4    3
  4.84169343E-8-7.67629493E-12  -1.49840667E4   6.17519002E1                   4
C11H20                  C  11H  20          G     300.0    5000.0  1395.0      1
   3.34509975E1  4.50902197E-2 -1.54738051E-5  2.40754853E-9-1.39885436E-13    2
  -2.80814115E4  -1.51768567E2  -2.14501942E0  1.28643962E-1 -9.14627535E-5    3
  3.43521027E-8-5.36959832E-12  -1.56793005E4   3.93950179E1                   4
AC11H21           .THERMC  11H  21          G     300.0    5000.0  1396.0      1
    3.5247988E1   4.5222361E-2 -1.54222957E-5  2.38985138E-9-1.38478473E-13    2
  -1.33469184E4  -1.57528925E2   -3.8327696E0  1.38791279E-1 -1.01801559E-4    3
  3.89672013E-8 -6.1194546E-12  -1.86195006E1   5.15242188E1                   4
AC10H19           .THERMC  10H  19          G     300.0    5000.0  1397.0      1
   3.15612819E1   4.1118677E-2 -1.40030624E-5  2.16791591E-9-1.25538824E-13    2
  -7.90803096E3   -1.3861673E2  -3.95193247E0  1.25872015E-1 -9.17749424E-5    3
  3.48136346E-8-5.40597651E-12   4.21449306E3   5.14222287E1                   4
DC7H15CHO         .THERMC   8H  16O   1     G     300.0    5000.0  1398.0      1
   2.80119232E1   3.4921774E-2 -1.19845957E-5  1.86495637E-9-1.08379043E-13    2
  -5.06054429E4  -1.23012199E2  -3.06736069E0  1.08265641E-1  -7.8293268E-5    3
  2.92045384E-8-4.44377027E-12  -3.99146804E4   4.35913959E1                   4
DC7H15CO          .THERMC   8H  15O   1     G     300.0    5000.0  1398.0      1
   2.76457618E1   3.2697566E-2 -1.12206226E-5    1.746079E-9-1.01473322E-13    2
  -3.16578226E4  -1.19373628E2  -2.41332136E0  1.03978249E-1 -7.59446311E-5    3
  2.85214415E-8-4.35610413E-12   -2.1367853E4   4.16133987E1                   4
DMPD13                  C   7H  12          G     300.0    5000.0  1394.0      1
   2.03313245E1  2.73630444E-2  -9.3564386E-6  1.45209553E-9-8.42186571E-14    2
  -8.68890127E3     -8.32626E1 -1.95578609E-1  7.76711632E-2 -5.81990498E-5    3
  2.37087917E-8-4.05128177E-12  -1.68663564E3   2.63258705E1                   4
DC8H17                  C   8H  17          G     300.0    5000.0  1375.0      1
   2.84356308E1  3.52691727E-2 -1.22693107E-5   1.9272357E-9-1.12748013E-13    2
  -1.72341299E4  -1.29223329E2  -1.98100191E0  9.60814588E-2 -5.40979109E-5    3
  1.26600048E-8-6.77574373E-13  -5.68762686E3   3.77022234E1                   4
PC7H15            .THERMC   7H  15          G     300.0    5000.0  1390.0      1
   2.33667406E1  3.07319555E-2 -1.03508107E-5  1.59137519E-9-9.17310563E-14    2
  -1.37695377E4  -9.96212012E1  -2.19681832E0  8.73134079E-2 -5.63690703E-5    3
  1.77635552E-8-2.12899352E-12  -4.67937082E3   3.86153467E1                   4
OC7H14            .THERMC   7H  14          G     300.0    5000.0  1395.0      1
   2.24887015E1    2.967384E-2 -1.00479879E-5  1.54993215E-9-8.95338318E-14    2
  -2.23998822E4  -9.74394979E1     -3.31532E0  9.05539714E-2 -6.48360116E-5    3
  2.39274057E-8-3.58919418E-12  -1.35509173E4   4.08439338E1                   4
JC8H16            .THERMC   8H  16          G     300.0    5000.0  1397.0      1
   2.60101527E1  3.39703243E-2 -1.15422451E-5  1.78422814E-9  -1.032122E-13    2
  -2.65174535E4  -1.15359195E2  -3.31862122E0  1.04315305E-1 -7.64763013E-5    3
  2.92169219E-8-4.56913862E-12   -1.6544825E4   4.14548253E1                   4
IC8H16            .THERMC   8H  16          G     300.0    5000.0  1397.0      1
   2.56705029E1  3.36855956E-2 -1.13266491E-5   1.7390717E-9-1.00139465E-13    2
  -2.62708423E4  -1.13924701E2  -2.76918691E0  9.93990701E-2 -6.83906734E-5    3
  2.38396065E-8-3.31639651E-12  -1.64257106E4   3.88970353E1                   4
PC7H14            .THERMC   7H  14          G     300.0    5000.0  1398.0      1
   2.28180567E1  2.94777078E-2 -9.99646834E-6  1.54338994E-9-8.92080381E-14    2
  -2.15138751E4  -9.88510108E1  -3.81851414E0  9.39380534E-2 -6.99390936E-5    3
  2.69897745E-8-4.23959224E-12  -1.25406477E4   4.33207277E1                   4
TC4H9CHO          .THERMC   5H  10O   1     G     300.0    5000.0  1396.0      1
   1.84056359E1  2.15282423E-2  -7.3865553E-6  1.14941999E-9-6.68003745E-14    2
  -3.84092887E4  -7.49886911E1  -1.75588233E0  6.88741216E-2 -4.97161071E-5    3
   1.8292165E-8-2.72056934E-12  -3.14740629E4    3.3133448E1                   4
NEOC5H11                C   5H  11          G     300.0    5000.0  1375.0      1
   1.17983312E1  3.59579648E-2 -1.44108662E-5  2.46307665E-9-1.52118262E-13    2
  -3.86101387E3  -4.41297337E1   9.68072098E0  7.07718151E-3  4.53301778E-5    3
 -3.61952123E-8 8.06654396E-12   1.05116941E3  -1.94358274E1                   4
!NEOC5H11  12/ 9/97 THERMC   5H  11    0    0G   300.000  5000.000 1396.000    41
! 1.66238394E+01 2.27037884E-02-7.71624835E-06 1.19289853E-09-6.90060600E-14    2
!-3.96463755E+03-6.62628361E+01-1.58140132E+00 6.57175067E-02-4.68120314E-05    3
! 1.74732793E-08-2.68709925E-12 2.30933742E+03 3.13380285E+01                   4
JC8H15-D          .THERMC   8H  15          G     300.0    5000.0  1399.0      1
   2.64306029E1  3.15363134E-2 -1.07131579E-5  1.65592851E-9-9.57874181E-14    2
  -8.28750477E3  -1.17778595E2  -4.24219768E0  1.08946965E-1  -8.6626613E-5    3
  3.58743276E-8-6.03240928E-12   1.74985004E3   4.48455284E1                   4
IC8H15-A          .THERMC   8H  15          G     300.0    5000.0  1394.0      1
   2.52590283E1  3.20331951E-2 -1.08701839E-5  1.67908663E-9-9.70855205E-14    2
  -1.20221899E3  -1.07737561E2  -2.01695267E0  9.62173998E-2 -6.86323469E-5    3
   2.5352747E-8-3.82579286E-12   8.19136519E3   3.85324362E1                   4
IC6H11            .THERMC   6H  11          G     300.0    5000.0  1390.0      1
   1.64032377E1  2.62333073E-2 -9.01322879E-6  1.40344925E-9-8.15881244E-14    2
  -4.51873188E2  -6.42885934E1 -8.31165558E-1  6.18682778E-2 -3.58039843E-5    3
  9.98771238E-9-1.04320041E-12    6.0486913E3   2.99991413E1                   4
!CC5H10     2/14/95      C   5H  10    0    0G   300.000  5000.000 1393.000    31
! 1.46491909E+01 2.25422061E-02-7.72053001E-06 1.19958604E-09-6.96317745E-14    2
!-1.11652332E+04-5.42252285E+01-1.83685605E+00 6.07709466E-02-4.21592576E-05    3
! 1.56103972E-08-2.43142766E-12-5.34864282E+03 3.45203543E+01                   4
OC7H13-N          .THERMC   7H  13          G     300.0    5000.0  1395.0      1
   2.20750395E1  2.75256463E-2 -9.31780257E-6  1.43709007E-9-8.30094636E-14    2
   2.62318023E3  -9.12695756E1  -2.54216855E0   8.5986278E-2 -6.23331815E-5    3
  2.32747106E-8-3.52870696E-12   1.10207665E4    4.0508377E1                   4
PC7H13O-O         .THERMC   7H  13O   1     G     300.0    5000.0  1398.0      1
    2.7066502E1  2.54409611E-2 -8.53248547E-6  1.30919024E-9-7.53950497E-14    2
  -1.65200856E4  -1.18716143E2  -4.66019213E0  1.04558207E-1 -8.37076856E-5    3
  3.35735802E-8-5.34053845E-12  -6.20064331E3   4.95722813E1                   4
CC6H11-B          .THERMC   6H  11          G     300.0    5000.0  1381.0      1
    1.5346103E1  2.66654957E-2 -9.15202584E-6  1.42394531E-9-8.27311194E-14    2
    6.5817543E3  -5.26161906E1   2.54157024E0  4.74614479E-2 -1.75984466E-5    3
 1.18844602E-10 9.15595617E-13   1.20333815E4   1.95409169E1                   4
XC7H13-Y2               C   7H  13          G     300.0    5000.0  1384.0      1
   1.90334388E1  3.07312993E-2 -1.05503266E-5  1.64182432E-9-9.54035635E-14    2
   3.62307622E3  -7.21904286E1     2.756116E0  6.00861401E-2 -2.73082667E-5    3
  4.10488099E-9 2.37051604E-13   1.02484682E4   1.84800966E1                   4
JC8H15-B                C   8H  15          G     300.0    5000.0  1397.0      1
   2.56155202E1  3.22706924E-2 -1.09763308E-5  1.69807627E-9 -9.8286115E-14    2
  -8.36842912E3  -1.14468396E2  -3.65513243E0  1.02726238E-1 -7.61376293E-5    3
  2.92229935E-8-4.56963558E-12   1.53958792E3   4.19133416E1                   4
JC8H15-A                C   8H  15          G     300.0    5000.0  1397.0      1
    2.5593176E1  3.18096149E-2 -1.08043861E-5  1.66984178E-9-9.65839989E-14    2
  -1.44520712E3  -1.09151482E2   -2.5037646E0   9.9654975E-2 -7.39295101E-5    3
  2.85679611E-8-4.51332288E-12   8.05840993E3   4.09072912E1                   4
DMPD13-B                C   7H  11          G     300.0    5000.0  1396.0      1
   2.07493833E1  2.49467485E-2 -8.53675742E-6  1.32559405E-9-7.69115213E-14    2
   9.55462602E3   -8.5681804E1  -1.14320077E0  8.23051295E-2 -6.82540516E-5    3
  3.02747638E-8-5.49029096E-12   1.66345641E4   2.98544449E1                   4
DMPD13-E                C   7H  11          G     300.0    5000.0  1396.0      1
   2.07493833E1  2.49467485E-2 -8.53675742E-6  1.32559405E-9-7.69115213E-14    2
   9.55462602E3  -8.49923224E1  -1.14320077E0  8.23051295E-2 -6.82540516E-5    3
  3.02747638E-8-5.49029096E-12   1.66345641E4   3.05439266E1                   4
CC6H11O-B         .THERMC   6H  11O   1     G     300.0    5000.0  1393.0      1
   2.11955687E1   2.2970198E-2 -7.62227789E-6  1.16065576E-9 -6.6471593E-14    2
  -1.29306307E4  -8.49746291E1  -1.17967324E0  7.81909883E-2  -5.9979502E-5    3
  2.37932961E-8-3.81853229E-12   -5.5327366E3   3.40198543E1                   4
MPT124                  C   6H   8          G     300.0    5000.0  1393.0      1
   1.63055206E1  1.89174661E-2 -6.45019143E-6 9.99285876E-10-5.78898354E-14    2
   1.93515562E4  -6.05855437E1  8.45638247E-1  5.72143708E-2 -4.38267704E-5    3
  1.80150296E-8-3.07353478E-12   2.45534012E4   2.17552437E1                   4
MPT124J                 C   6H   7          G     300.0    5000.0  1397.0      1
   1.67172226E1  1.65070627E-2 -5.63260449E-6 8.73114103E-10 -5.0601902E-14    2
   3.75960241E4  -6.29767181E1 -1.00862356E-1  6.18041201E-2 -5.37939272E-5    3
  2.45196902E-8-4.49811163E-12   4.28755701E4   2.52821872E1                   4
IC3H6CHCOCH2      6.THRMC   6H   9O   1     G     300.0    5000.0  1388.0      1
   1.90576522E1  2.14419783E-2 -7.45801114E-6   1.1709365E-9 -6.8466864E-14    2
  -1.13718745E4  -7.45617262E1  6.52612117E-1  6.46089181E-2 -4.71213384E-5    3
  1.82350555E-8-2.95881586E-12  -4.90902385E3   2.43728654E1                   4
END